0.773038
0.549556
1.193753
0.759559
0.888976
0.316890
0.555760
0.572684
0.454505
0.180811
1.244401
0.327323
1.267711
0.333267
0.774579
0.722806
0.211057
0.485569
0.639285
0.424538
0.525229
0.451998
0.829743
0.633121
0.534803
0.565625
0.291137
0.494367
0.157306
0.133462
0.444464
0.558405
0.781399
0.259659
0.602947
0.482360
1.038780
0.891821
0.824374
0.491307
0.371469
0.285026
0.981539
0.408323
0.481765
0.467879
0.313854
0.562447
0.343826
0.739078
0.718053
0.725254
0.201470
0.447668
0.776441
0.662563
0.523363
0.557855
0.832062
0.578422
0.261266
1.027600
0.460097
0.390856
0.639698
0.818295
0.887284
0.712868
0.640624
0.505978
0.273133
0.487756
0.245781
0.305062
0.377830
0.681982
0.496765
0.928760
0.541242
0.469637
0.668394
0.366714
1.004687
0.930344
0.568100
1.003595
0.759271
0.402002
0.154252
0.528663
0.427361
0.172622
0.588061
0.268682
0.339291
0.420004
0.639306
1.300568
0.604310
0.212584
0.457444
0.499370
0.209355
0.846710
0.375533
0.425752
0.736541
0.247458
0.471972
0.548040
0.475655
0.695443
0.239929
0.664915
0.531227
0.499273
0.568924
0.364903
0.622921
0.592062
0.651496
0.526929
0.862412
0.245549
0.665166
0.733924
0.547502
0.313668
0.445854
0.101361
0.455241
0.607010
0.820223
0.516405
0.544369
0.950879
1.001224
0.263083
0.330176
0.484040
0.567445
0.283211
0.420635
0.440729
1.234640
0.476905
0.530965
0.479244
0.337183
0.261627
0.464871
0.390613
0.752854
0.838533
0.405924
0.418517
0.366972
0.252956
0.358386
0.527469
0.659977
0.332781
0.525887
0.375086
0.530110
0.381631
0.579197
0.223759
0.729284
0.975496
0.348074
0.442300
0.480847
0.351308
0.497728
0.418823
0.239349
1.075222
0.114896
0.575450
0.489713
0.389892
0.336650
0.438042
0.659578
0.526616
0.586615
0.495749
0.378669
0.747430
0.317343
0.540179
0.516252
0.431159
0.322045
0.695170
0.333057
0.553080
0.284597
0.297202
0.144805
0.576311
0.460378
0.360456
0.523928
0.543682
0.628584
0.898892
0.623268
0.800922
0.670046
0.403407
0.521465
0.371911
0.401418
0.595919
0.504330
0.657608
0.648478
0.119344
0.816038
0.538608
0.143424
0.638421
0.625308
0.443280
0.311458
0.524325
0.075286
0.588410
0.462830
0.402324
0.582838
0.337815
0.333186
0.201243
0.652623
0.289876
0.349965
0.783715
0.980302
0.491177
0.340585
0.640979
0.737806
0.472726
0.266776
1.110263
0.530363
0.524573
0.461580
0.815244
0.374732
0.876964
0.290642
0.349978
0.502375
0.290242
0.283456
0.530050
0.295769
0.329275
0.514866
0.242345
0.466165
0.734320
0.807180
0.494665
0.577238
0.811918
0.632737
0.924548
0.438413
0.564523
0.420066
0.320319
0.595259
0.553904
0.528483
0.508914
0.337571
0.815962
0.549788
0.565582
0.709731
0.474636
0.538516
0.392722
0.392415
0.655706
0.502865
0.479377
0.698225
0.118530
0.238626
0.806503
1.015331
0.719958
0.305362
0.595638
0.424154
0.610383
0.564549
0.733681
0.870945
0.545554
0.612646
0.189992
1.096659
0.422340
0.628397
0.708542
0.301966
0.688482
0.552737
0.624330
0.140358
0.677165
0.452717
0.304241
0.525709
1.034278
1.043339
0.195383
0.640564
0.399168
0.178067
0.101062
0.662401
0.591754
0.564576
0.317261
0.569321
0.702573
0.618979
0.365587
0.757453
0.599076
0.580392
0.238875
0.437424
0.605349
0.252049
0.641976
0.344009
0.569192
0.328252
0.149076
0.541890
0.703966
0.325763
0.457066
0.670621
0.881537
0.696439
0.255199
0.667379
0.279017
0.771017
0.350774
0.951910
0.163865
0.588935
0.473170
0.928499
0.653667
0.474305
0.197402
0.335191
0.684995
0.216440
0.346989
0.354685
0.436042
0.787183
0.465063
0.763870
0.239147
0.352690
0.421782
0.266334
0.442700
0.553385
0.727966
0.142135
0.731541
0.824681
0.320954
0.184715
0.888225
0.521062
0.316526
0.553454
0.663057
0.568500
0.465792
0.335621
0.408407
0.627450
0.706873
0.386207
0.191112
0.864192
0.652162
0.553063
0.274917
0.689078
0.544570
0.773982
0.529215
0.245412
0.626071
0.669404
0.353647
0.491714
0.741080
0.309379
0.197491
0.505946
0.281374
0.421960
0.707186
0.296039
0.680653
0.952600
0.552769
0.555219
0.521700
0.189983
0.289873
0.757749
0.431024
0.521683
0.966287
0.427948
0.717645
0.241568
0.772361
0.597675
0.805684
0.207114
1.086468
0.467897
0.396070
0.299759
0.671554
0.387016
0.454663
0.344390
0.663866
0.338623
0.748695
0.299693
0.593718
0.281528
0.616914
0.364403
0.511026
0.569798
0.393408
0.193012
0.444781
0.251865
0.586573
0.242068
0.409276
0.320893
0.336201
0.868312
0.445815
0.757168
0.552626
0.406678
0.522301
0.500295
0.251957
0.099466
0.439695
0.258989
0.508553
0.251852
0.409543
0.385553
0.491543
0.534202
0.813388
0.912783
0.206101
0.462977
0.837032
0.292494
0.370877
0.478983
0.495156
0.861296
0.857354
0.429670
0.712394
0.822485
0.508835
0.693656
0.167347
0.371333
0.439770
0.439830
0.281251
0.256247
0.365242
0.768274
1.090488
0.457920
0.691486
0.718059
0.693232
0.376016
0.658871
0.394389
0.233208
0.588697
0.472316
0.408107
0.592647
0.496648
0.424267
0.803142
0.461851
0.602002
0.798013
0.848208
0.972387
0.662853
0.445102
0.512145
0.312300
0.708232
0.122372
0.323907
0.678263
0.705994
0.437805
0.708163
0.545268
0.708582
0.952351
0.525846
0.221369
0.681130
0.640336
0.264817
0.502039
0.654137
0.795164
0.536443
0.531829
1.013940
0.598021
0.285132
0.421209
0.338450
0.737871
0.182628
0.591367
0.155326
0.290969
0.442669
0.398538
0.368390
0.611817
0.158920
0.530707
0.850989
0.213372
0.534084
0.632751
0.586406
0.434143
0.735611
0.547425
0.363461
0.405219
0.493587
0.214678
0.490118
0.899609
0.358681
0.169102
0.417118
0.774207
0.471532
0.411188
0.633945
0.560343
0.239727
0.281867
0.659405
0.545692
0.467953
0.614406
0.146686
0.390117
0.501897
0.365371
0.814713
1.011771
0.437037
0.560698
0.529038
0.651359
0.866550
0.137928
0.391459
0.532550
0.463186
0.301887
0.865736
0.552759
0.596842
0.416298
0.248028
0.407933
0.331654
0.316900
0.803955
0.450298
0.667171
0.266776
0.679911
0.251552
0.290209
0.508448
1.085647
0.490769
0.737169
0.488031
0.207174
0.185426
0.283410
0.227541
0.782660
0.830149
0.467192
0.236438
0.770861
0.368891
0.434986
0.400719
0.414606
0.414398
0.337467
0.424062
0.928958
0.140470
0.513405
0.496124
0.410460
0.274422
0.607522
0.280575
0.302925
0.451343
0.736838
0.550681
0.278319
0.600616
0.286945
0.498542
0.860037
0.291507
0.427852
0.469601
1.038816
0.297189
0.549775
0.476569
0.779276
0.168810
0.295310
0.722896
0.544735
0.446149
0.423876
0.541671
0.357470
0.335463
0.651720
0.212739
0.359486
0.623063
0.302191
0.700475
0.278080
0.726572
0.283428
0.549422
0.121256
0.277786
0.351756
0.318353
0.575173
0.802281
0.260119
1.017419
0.468528
0.858511
0.284636
1.088639
0.159569
0.703374
0.628625
0.351555
0.848106
0.551910
0.250485
0.837934
0.139473
0.598800
0.470739
0.515030
0.350977
0.407511
0.470601
0.413776
0.266194
0.730012
0.357086
0.206215
0.409580
0.813514
0.211172
0.611298
0.373605
0.309326
0.424040
0.699815
0.220526
0.269928
0.970057
0.339619
0.509128
0.210475
0.621867
0.461753
0.132710
0.546705
0.620574
0.222053
0.104134
0.588103
0.294388
0.525013
0.584514
0.969235
0.309990
0.382721
0.123982
0.786660
0.355324
0.255557
0.290826
0.384493
0.476240
0.767446
0.469590
0.368333
0.576260
0.752504
0.254086
0.670390
0.727824
0.787962
0.926914
0.603219
0.257306
0.608086
0.138769
0.540590
0.528175
0.255820
0.940333
0.049692
0.655867
0.257241
0.411972
0.840287
0.854036
0.918959
0.623769
0.308467
0.827421
0.655083
0.275445
0.784779
0.449763
0.487468
0.373619
0.887450
0.517759
0.575595
0.566561
0.718454
0.809061
0.756025
0.296185
0.224355
0.491168
0.927690
0.854837
0.480970
0.581048
0.745896
0.490386
0.685705
0.419938
0.720666
0.285504
0.672098
0.271245
0.510421
0.234557
0.683189
0.486819
0.405704
0.599501
0.771299
0.312443
0.706835
0.160501
0.318294
0.689242
0.505782
0.649817
0.378083
0.358207
0.635595
0.873304
0.757080
0.527593
0.561592
0.539038
0.486807
0.522175
0.256148
1.000693
0.252187
0.745987
0.537411
0.219264
0.498963
0.511230
0.480711
0.403121
0.216681
0.733916
0.398451
0.263895
0.287111
0.743405
0.425736
0.239733
0.432973
0.324303
0.727518
0.683710
0.543440
0.839196
0.094364
0.774740
0.566022
0.251445
0.392596
0.442491
0.654545
0.156171
0.444988
0.633871
0.569167
1.190108
0.594567
0.411568
0.721277
0.460362
0.462576
0.588734
0.490087
0.417637
0.812894
0.629997
0.515234
0.930213
0.671260
0.799272
0.307736
0.888689
0.550043
0.407046
0.861471
0.502138
0.712329
0.589292
0.579674
0.553258
0.565827
0.523401
0.658224
0.544386
0.389984
0.352192
0.403216
0.450132
0.515187
0.805125
0.207911
0.958051
0.442744
1.009016
0.306078
0.715317
0.504933
0.603855
0.844517
0.409071
0.748360
0.132972
0.507639
0.803080
0.176548
0.796850
0.495824
0.268680
0.471639
0.646397
0.539205
0.355405
0.148223
0.551954
0.331695
0.662551
0.594217
0.241320
0.412570
0.663079
0.648023
0.535168
0.374879
0.413393
0.529122
0.244976
0.208323
0.703418
0.413987
0.481013
0.549053
0.492053
0.333703
0.922538
0.616593
0.168178
0.708123
0.620620
0.212195
0.619960
0.782229
0.977088
0.394558
0.530080
0.188160
0.557046
0.484009
0.460361
0.541611
0.408207
0.494028
0.401122
0.708283
0.633946
0.540779
0.432436
0.251464
0.253145
0.414914
0.588529
0.264960
0.327150
0.277706
0.430195
0.766764
0.392044
0.566788
0.655971
0.607327
0.213787
0.589199
0.379848
0.264919
0.577699
0.776809
0.656282
1.039386
0.481152
0.356193
0.289230
0.649288
0.616230
0.347007
0.782581
0.477281
0.541275
0.738980
0.551226
0.388247
0.617346
0.583535
0.709909
0.531424
0.715199
0.394252
0.894159
0.394430
0.407944
0.717978
0.231868
0.253666
1.009034
0.570276
0.638795
0.300146
0.977752
0.170616
0.487654
0.506773
1.129607
0.696558
0.570950
0.423805
0.324095
0.308625
0.587895
0.589682
0.079279
0.990469
0.460537
0.636763
0.726238
0.311707
0.888507
0.856613
0.346804
0.831157
0.254937
0.771198
0.538151
0.492951
0.834397
0.383192
0.456049
0.749885
0.710460
0.827556
0.215860
0.209476
0.365174
0.470181
0.322962
0.185722
0.692889
0.845589
0.832776
0.679019
0.575988
0.990319
0.832097
0.422069
0.247085
0.370142
0.958099
0.657989
0.666058
0.661900
0.249488
0.673787
0.609665
0.181577
0.267258
0.545446
0.492626
0.880970
0.650418
0.392491
0.281931
0.676879
0.810728
0.214897
0.684417
0.818885
0.389539
0.339672
0.801650
0.144686
0.613149
0.225613
0.888330
0.500480
0.811410
0.521340
0.524742
0.257744
0.503286
0.656364
0.428441
0.819161
0.380695
0.521640
0.674621
0.405263
0.218149
0.694198
0.336934
0.228883
0.237571
0.729431
0.393571
0.325906
0.586920
0.667164
0.403375
0.342265
0.600408
0.917895
0.398826
0.540587
0.584573
1.496140
0.785773
0.692472
0.308921
0.411289
0.984669
0.587234
0.154859
0.409358
0.759993
0.274580
0.478417
0.711937
0.126517
0.193575
0.337385
0.963869
0.824537
0.525010
0.510937
0.478142
0.508119
0.390050
0.622625
0.672121
0.343648
0.807789
0.456344
0.222493
0.289554
0.589203
0.512858
0.849382
0.337984
0.410211
0.185529
0.467843
0.452888
0.678668
0.532063
0.680460
0.153208
0.577184
0.127532
0.432752
0.539893
0.480754
0.615877
0.297573
0.474762
0.389688
0.290933
0.542130
0.670825
0.767383
0.769209
0.433137
0.672718
0.489771
0.844942
0.420705
0.882363
0.780496
0.654038
0.342811
0.635090
0.557383
0.557891
0.892962
0.673462
0.598711
0.437832
0.771792
0.601135
0.118858
0.726198
0.671290
0.425965
0.462780
0.321333
0.476414
1.024929
0.397119
0.414605
1.010678
0.547044
0.333003
0.564575
0.585581
0.414484
0.883852
0.682477
0.555056
0.234317
0.558497
1.103961
0.274200
0.463881
0.631864
0.929689
0.778198
0.126437
0.251502
0.884403
0.413755
0.621281
0.424049
0.455481
0.185172
0.514687
0.572857
0.626135
0.512304
0.206064
0.730397
0.550278
0.640051
0.423042
0.475398
0.626793
0.289441
0.082504
0.140658
0.509479
0.759788
0.415527
0.501566
0.689211
0.258349
1.049641
0.339085
0.645193
0.609590
0.298842
0.230459
0.786001
0.736467
0.501502
0.416628
0.246596
0.810351
0.667996
0.672709
0.584794
0.416716
0.599159
0.611001
0.293468
1.029668
0.648414
0.962727
0.397779
0.622782
0.329325
0.328788
0.891587
0.404028
0.525126
0.336035
0.730500
0.125861
0.681972
0.201619
0.250687
0.505750
0.673704
0.614634
0.799092
0.696509
0.461836
1.122547
0.617257
0.609159
0.393793
0.426776
0.344056
0.645714
0.649686
0.473486
0.479944
1.025318
0.250257
0.472102
0.398400
0.807902
0.785952
0.298400
0.476023
0.388439
0.758335
0.509963
0.279707
0.026862
0.930157
0.570376
0.433984
1.095875
0.210148
0.599801
0.574773
0.573518
0.603164
0.148750
0.343126
0.165840
0.573537
0.890310
0.162253
0.743015
0.843625
0.449124
0.614027
0.322146
0.641401
1.022235
0.553062
0.678542
1.115342
0.404296
0.381881
0.646843
0.435546
0.438517
0.154544
0.500237
0.161042
0.434679
0.251956
0.330314
0.534079
0.377209
0.117469
0.861327
0.718173
0.077671
0.507423
0.875888
0.551732
0.515613
0.305679
0.374916
0.249410
0.496124
0.495604
0.272997
0.719498
0.316668
0.429744
0.442286
0.245847
0.194198
0.142555
0.354532
0.216832
0.473383
0.141717
0.318723
0.222974
0.386391
0.675768
0.537696
0.729340
1.028109
0.532028
0.529440
0.409213
0.536025
0.856085
0.595233
0.538307
0.831029
0.537133
0.510921
0.321604
0.488300
0.481373
0.664648
0.215728
0.739861
0.496826
0.356338
0.519477
0.154832
0.463415
0.614162
0.509175
0.602051
0.179154
0.434854
0.713049
0.399960
0.584313
0.351367
0.303490
0.529839
0.834763
1.024137
0.417111
0.114586
0.575939
0.911161
0.208636
0.536511
0.510666
0.546331
0.888954
0.126227
0.372920
0.584684
0.480724
0.460986
0.559306
0.341894
0.349867
0.634177
0.574582
0.816662
0.555039
0.267377
0.247484
0.032508
0.589455
0.037365
0.358782
0.200217
0.827837
1.013102
0.739303
0.987821
0.491823
0.783664
0.404324
0.285587
0.441794
0.553450
0.789025
0.081438
0.824973
0.629665
0.242986
0.276639
0.306365
0.571497
0.446589
0.484503
0.581302
0.540933
0.247615
0.482835
1.084728
0.253386
0.277206
0.309714
1.189496
0.570242
0.700176
0.407253
0.696370
0.841813
0.521435
0.655064
0.167022
0.665576
0.862383
0.696376
1.199994
0.784395
0.433652
0.317089
0.363443
0.794234
0.534765
0.946013
0.410544
0.411439
0.554658
0.096003
0.762453
0.214494
0.588756
0.359190
0.317929
0.399488
0.645793
1.049020
0.378271
0.298827
0.578686
0.372956
0.383944
0.505042
0.491820
1.146752
0.418682
1.092262
0.421793
0.598444
0.589112
0.817354
0.540908
0.297472
0.298346
0.919409
0.650493
0.546434
0.487758
0.450577
0.334612
0.795284
0.379293
0.273713
0.218292
0.304924
0.157510
0.460868
0.203777
0.562058
0.804251
0.713587
0.508024
0.338804
0.202729
0.755320
0.398436
0.392912
0.632304
0.439423
0.645924
0.631080
0.960289
0.654273
0.435820
0.718695
0.575036
0.992417
0.493022
0.830925
0.678637
0.254130
0.892320
0.360369
0.615878
0.650768
0.717177
0.751002
0.597415
0.277751
0.429222
0.893434
0.732185
0.567361
0.475449
0.324505
0.721262
0.232084
0.549837
0.421800
1.114206
0.449799
0.288715
0.522606
0.563551
0.417434
0.419062
0.423876
0.543562
0.666676
0.406205
0.964269
0.349219
0.180967
0.528494
0.777458
0.611452
0.460318
0.301644
0.514519
0.364649
0.969303
0.158816
0.472176
0.839819
0.875246
0.251480
0.349290
0.741400
0.528318
0.552991
0.680870
0.378075
0.302589
0.625817
0.495487
0.241945
0.660627
0.505481
0.532420
0.497908
0.992931
0.615075
0.974966
0.317083
0.752649
0.563470
0.617153
0.468196
0.395231
0.428090
0.595826
0.239073
0.683362
0.526485
0.657686
0.339523
0.158728
0.426228
0.465604
0.681059
0.317641
0.676535
0.307389
0.676160
0.654375
0.401097
0.571512
0.400944
0.832221
0.733090
0.557882
1.155744
0.703563
0.218589
0.626677
0.282680
0.575228
0.504517
0.352988
0.436877
0.455102
0.437743
0.307448
0.358938
0.360665
0.310509
0.458043
0.953386
0.605740
0.526844
0.349881
0.723761
0.299387
0.491872
0.544175
0.539644
0.356282
0.620760
0.315844
0.510606
0.935716
0.667296
0.219509
0.229386
0.454821
0.331747
0.919804
0.439864
0.884279
0.552532
0.431792
0.251502
0.391952
0.389216
0.653561
0.528246
0.581104
0.883587
0.558307
0.225253
0.730649
0.954047
0.716769
0.834449
0.445430
0.251822
0.385575
0.934421
0.500175
0.670186
0.480645
0.725555
0.839181
0.153762
0.412580
0.390890
0.698093
0.166868
0.468379
0.301778
0.474037
0.645795
0.935679
0.880597
0.451048
0.570630
0.734899
0.293544
1.098243
0.533240
0.423605
0.321255
0.440888
1.270682
0.615192
0.503741
0.384904
0.228608
0.434045
0.624202
0.733298
0.439925
0.663360
0.796608
0.568160
0.736892
0.574146
0.556070
0.124871
0.518069
0.412236
0.586410
0.751709
0.505778
0.423593
0.273590
0.779406
0.627620
0.471600
0.419791
0.279182
0.729997
0.461314
0.499737
0.365703
0.506504
0.179051
0.575965
0.478338
0.626658
0.414958
0.793276
0.853462
0.957844
0.714501
0.567768
0.741474
0.244703
0.838916
0.533226
0.566235
0.199894
0.341949
0.772269
0.447781
0.395996
0.353291
0.553473
0.331141
0.366755
0.477772
0.736687
0.984274
0.482485
0.584180
0.544207
0.504619
0.345862
0.453424
0.432241
1.042913
0.626747
0.386791
0.103900
0.639848
0.453701
0.543885
0.862739
0.493244
1.295623
1.343883
0.640306
0.318830
0.429280
0.272205
0.652626
0.590218
0.708880
0.510145
0.519776
0.224681
0.479661
0.600766
0.620395
0.409058
0.926989
0.276628
0.368168
0.742729
0.306047
0.204041
0.658796
0.246150
0.326223
0.340723
0.268445
0.819861
0.532439
0.501686
0.482818
0.132412
0.563354
0.253646
1.046215
0.631919
0.460781
0.683484
1.215785
0.177646
0.326068
0.708383
0.566828
0.344735
0.555866
0.590651
0.584603
0.757288
0.569800
0.500811
0.175526
0.782681
0.215753
0.715292
0.977890
0.714401
0.616614
0.553040
0.335279
0.706773
0.186086
0.764716
1.016559
0.557125
0.643412
0.806488
0.536496
0.687446
0.406146
0.635579
0.440650
0.398394
1.188114
0.462415
0.243857
0.314906
0.416140
0.585325
0.337715
0.264157
0.671412
0.425778
0.771179
0.275975
0.428740
0.600902
0.533420
0.545540
0.300684
0.780943
0.596707
0.699204
0.734795
0.395542
0.363444
0.285675
0.598384
0.424117
0.464525
0.381134
0.588262
0.316652
0.452224
0.645335
0.555506
0.443782
0.237461
0.288255
0.768134
0.579246
0.362839
1.124704
0.385479
0.641596
0.582904
0.817191
0.542690
0.877470
0.654728
0.184864
0.546180
0.752977
0.257989
0.602377
0.348859
0.530063
0.848149
0.190227
0.222372
0.709248
0.649920
0.272898
1.005889
0.655009
0.255067
0.308211
0.451643
0.677434
0.748998
0.451569
0.559603
0.560963
0.440853
0.529100
0.498755
0.129659
0.807247
0.627550
0.346192
0.152779
0.593655
0.533598
0.539360
0.214907
0.620337
0.568618
0.796994
0.677437
0.463386
0.433825
0.237823
0.494417
0.651269
0.766349
0.417438
0.239106
0.374013
0.628354
0.343633
0.958160
0.587746
0.343603
0.454373
0.696881
0.532859
0.538805
0.938999
0.676746
0.201323
0.439089
0.474156
0.370008
0.181420
0.251430
0.405365
1.221293
0.963914
0.444031
0.532493
1.112446
0.562546
0.557505
0.275260
0.370557
0.446812
0.443293
0.296922
0.271085
0.496329
0.383449
0.314484
0.301105
0.454579
0.228549
0.237237
0.535088
0.313468
0.653900
0.523097
0.439755
0.363025
0.420268
0.742541
0.944010
0.217465
0.455448
0.746430
0.154357
0.470565
0.470251
0.349277
0.261227
0.261405
0.665615
0.445685
0.386026
0.596151
0.691620
0.320434
0.337006
0.632839
0.478435
0.510964
0.750507
0.200875
0.211330
0.492644
0.606258
0.250089
0.455217
0.552780
0.752989
0.345772
0.320416
0.884753
0.493544
0.832081
0.349754
0.506373
0.750637
0.537032
1.210385
0.636932
0.750023
0.811617
0.332331
0.687074
0.316297
0.661080
0.626688
0.457756
0.479429
0.392424
0.504007
0.428826
0.853969
1.167786
0.577313
0.397456
1.159173
0.536011
0.127086
0.463975
0.445995
0.884869
0.474032
0.478387
0.255710
0.618799
0.394022
0.433614
0.653720
0.275715
0.652219
0.441695
0.156920
0.320562
0.269945
0.697873
0.479270
0.271657
0.615683
0.392279
0.415316
0.923591
0.670458
0.606641
0.308889
0.532150
0.188426
1.089423
0.365348
0.853398
0.399411
0.114250
0.475553
0.435853
0.429367
0.768364
0.633633
0.444765
0.658943
0.259531
1.041672
0.595493
0.479357
0.415956
0.363750
0.468358
0.536895
0.597651
0.712478
0.476305
0.492066
0.300101
0.432518
0.465331
0.505993
0.287672
0.768629
0.469938
0.460712
0.693634
0.245061
0.751577
0.548070
0.141874
0.764463
0.254819
0.423296
0.648763
0.403930
0.728501
0.388346
0.800761
0.705842
0.527913
0.442169
0.672433
0.687054
0.458808
0.344976
0.867974
0.650564
0.344786
0.132413
0.811538
0.933537
0.527875
0.655120
0.699367
0.509250
0.681304
0.243231
0.866353
0.335695
0.424040
0.314125
0.355095
0.366703
0.740417
0.533377
0.811912
0.705366
0.509099
0.219268
0.661812
0.797715
0.704303
0.822840
0.860704
0.402862
0.697324
0.842529
0.371506
0.419968
0.282026
0.422415
0.158141
0.330123
0.659585
0.600349
0.648021
0.852376
0.313291
0.432974
0.667040
0.565168
0.506256
0.299286
0.799949
0.484329
0.411571
0.706902
0.660025
0.628947
0.077230
0.537515
0.361481
0.960005
0.221108
0.438306
0.816214
0.632501
0.526732
0.444227
0.246676
0.758484
0.841705
0.157693
0.662766
0.207715
1.192140
0.858929
0.318251
0.291189
0.658611
0.976782
0.149291
0.537642
0.531225
0.126865
0.412228
0.463747
0.503307
0.567116
0.531624
0.505831
0.256280
0.788634
0.448988
1.049897
0.685816
0.854322
0.830517
0.938498
0.634769
0.607281
0.622994
0.434759
0.438544
0.260687
0.393271
0.941720
0.590086
0.564077
0.307779
0.161039
0.298399
0.714463
0.526010
0.448099
0.493247
0.483592
0.441121
0.899021
0.488417
0.683939
1.094989
0.485989
0.438406
0.556026
0.496186
0.852062
0.343278
0.343698
0.752987
0.715380
0.583899
1.290010
1.193909
0.247591
0.417926
0.659150
0.367841
0.593526
0.659821
0.058592
0.469414
0.326333
0.686488
0.316872
0.265640
0.451410
0.633791
0.458906
0.712835
0.919897
0.278347
0.362116
0.555954
0.918140
0.519562
0.326300
0.563762
0.683095
0.416363
0.435527
0.436388
0.359539
0.473067
0.756050
0.214357
0.788208
0.569414
0.627099
0.662355
0.340369
0.605162
0.239458
0.226303
0.812968
0.215699
0.584253
0.303788
0.688925
1.013203
0.599337
0.597455
0.686781
0.341668
0.736483
0.275385
0.400293
0.532916
0.193180
0.747737
0.686458
1.071004
0.472472
0.368858
0.807162
0.363565
0.580549
0.288301
0.846894
0.467124
0.152597
0.262801
0.427457
0.592325
0.421972
0.881163
0.506061
0.291368
0.125892
0.483931
0.485644
0.562050
0.580574
0.413711
0.179927
0.406179
0.478610
0.479732
0.725285
0.374762
0.530327
0.362378
0.631632
0.643504
0.734004
0.247863
0.219047
0.688103
0.656324
0.802781
0.396684
0.704277
0.781885
0.710594
0.844022
0.635232
0.591512
0.513246
0.318484
0.381820
0.368284
0.643130
1.275081
0.607148
0.619118
0.559366
0.251013
0.723326
0.439045
0.094477
0.943069
0.182956
0.354458
0.747571
0.137523
0.425651
0.569946
0.461266
0.643897
0.375276
0.679604
0.388585
0.322135
0.232653
0.558257
0.467090
1.066511
0.526681
0.519926
0.250681
0.319827
0.354375
1.144938
0.635568
0.446252
0.342044
0.472913
0.859424
0.376654
0.674000
0.650869
0.460408
1.080835
0.684097
0.581800
0.272034
1.358377
0.418827
0.375481
0.247177
0.442395
0.206184
0.298615
0.456699
0.581995
0.777713
0.676465
0.270195
0.480220
0.700049
0.451119
0.656325
0.457657
0.473888
0.732015
0.716981
0.615740
0.439030
0.194313
0.305540
0.378019
0.343603
0.260077
0.674889
0.574244
0.542815
0.498036
0.380996
0.549881
0.572865
1.005517
0.400861
0.340185
0.299627
0.246223
0.340855
0.438780
0.437776
0.562515
0.798686
0.547442
0.755277
0.632492
1.020148
0.577523
0.564445
0.230785
0.229469
0.504700
0.503756
0.361238
0.479449
0.804547
0.705002
0.591087
0.972008
0.590489
0.587182
0.181107
0.874550
0.372739
0.103025
0.782661
0.321197
0.508212
0.771680
0.495367
0.366080
0.561063
0.093972
0.225225
0.331772
0.549755
0.615599
0.901782
0.373580
0.653618
0.617543
0.128911
0.160777
0.858355
0.506088
0.131201
0.134985
0.391824
0.554396
0.985695
0.848049
0.710002
0.534255
0.525296
0.498464
0.398849
0.497801
0.632594
0.408001
0.661791
0.758487
0.848941
0.219827
0.282392
0.334456
0.487410
0.512539
0.460885
0.698730
0.493051
0.558527
0.088323
0.430166
0.379804
0.351946
0.525175
0.527488
0.677873
0.303657
0.211108
0.664884
0.570779
0.284659
1.056085
0.913925
0.174201
0.365571
0.293184
0.454968
0.439417
0.487853
0.458883
0.487005
0.442223
0.429585
0.291782
0.097911
0.332955
0.667267
0.760372
0.729296
0.391747
0.389058
0.217608
0.265676
0.420559
1.089245
0.399435
0.200161
0.403050
0.695598
0.774531
0.454769
0.636589
0.692652
0.464301
0.632308
0.623177
0.666548
0.599350
0.532442
0.871197
0.381375
0.510692
0.488179
0.327287
0.290333
0.479104
0.452810
0.621515
0.073958
0.418684
0.682574
0.665809
0.905358
0.446057
0.349300
0.266356
0.669111
0.453278
0.274858
0.282308
0.268754
0.352372
0.541907
0.289660
0.562649
0.688327
0.390675
0.316089
0.847781
1.097433
0.752364
0.584977
0.266683
0.213377
0.697779
0.404353
0.582008
0.726838
0.068009
0.634685
0.484551
0.391621
0.449841
0.234249
0.274988
0.957933
0.540189
0.882526
0.403598
0.094879
0.683373
0.078033
0.411656
0.572942
0.957037
0.518198
0.691095
0.729141
0.338939
0.571831
0.537999
0.585027
0.428133
0.040405
0.603387
0.863871
0.485750
0.745034
0.394709
0.938071
0.884435
0.838401
0.485622
0.259690
0.726137
0.750649
0.351329
0.489178
0.178790
0.695805
0.165729
0.504250
0.398055
0.219280
0.585953
0.664056
0.313830
0.499247
0.377903
0.927967
0.086303
0.991572
0.765967
0.757084
0.512725
0.738789
0.355454
0.795178
0.644586
1.194447
0.828908
0.628272
0.821704
0.372813
0.745209
0.206166
0.591278
0.391969
0.414056
0.439455
0.766282
0.238256
0.664296
0.381459
0.859364
0.353278
0.621067
0.596600
0.148419
0.300951
0.362784
0.434885
0.566034
0.767069
0.173330
0.203742
0.209756
0.280248
0.539750
0.595301
0.622779
0.400708
0.358831
0.658533
0.476207
0.390900
0.696178
0.361169
0.332802
0.529140
0.427336
0.786006
0.684676
0.757852
0.750291
0.611667
0.729497
0.373040
0.687565
0.690136
0.807839
0.520742
0.783436
0.595047
0.555544
0.389388
0.351335
0.301151
0.550419
0.696056
0.565736
0.440146
0.629919
0.507352
0.613334
0.437400
0.667548
0.401621
0.987937
0.771172
0.636794
0.562968
0.806224
0.773273
0.459183
0.571972
0.640451
0.210368
0.262196
0.296786
0.421848
0.374924
0.485179
0.325318
0.384302
0.331014
0.306611
0.762774
0.524713
0.430303
0.618002
0.332772
0.683731
0.773501
0.904714
0.279150
0.174122
0.596345
0.621642
0.320292
0.264270
0.689516
0.538359
0.662675
0.373963
0.837982
0.435185
0.640825
0.981387
0.825240
0.854539
0.525519
0.683850
0.758237
0.718642
0.314580
1.055278
0.573224
0.858847
0.593098
0.578389
0.777025
0.500603
0.534750
0.306522
0.492625
0.616617
0.805275
0.347198
0.442610
0.490924
0.416274
0.809665
0.283812
0.732432
0.450121
0.660308
0.488212
0.174971
0.339276
0.344276
0.785835
0.892886
0.437483
0.392953
0.531047
0.483985
0.939200
0.522387
0.450247
0.310212
0.768312
0.554577
0.282779
0.225769
0.782277
0.475358
0.120431
0.608175
0.256935
0.738725
0.505880
0.570060
0.253600
0.504185
0.314645
0.399364
0.716702
0.431811
0.338702
0.878484
0.261678
0.622076
0.479466
0.188759
0.588477
0.211626
0.281552
0.227600
0.198046
0.760364
0.099312
0.835988
0.672097
1.025242
0.786998
0.677283
0.772400
0.056460
0.766180
1.009955
0.878641
0.722766
0.306115
0.397733
0.589331
0.788768
0.524484
0.817054
0.407740
0.058905
0.466813
