2.112909
1.836766
0.617543
0.515264
1.014125
0.916734
1.163763
1.173656
1.965098
1.747162
0.558778
1.816403
1.311784
1.705695
1.203346
2.424292
1.691349
0.798405
0.849817
1.454152
1.374702
0.612385
1.439912
1.288849
0.596533
2.304806
1.056047
1.231037
1.301421
2.459082
1.765693
0.361357
1.652533
1.216940
1.152990
1.085794
1.571724
1.553212
0.640964
1.856033
2.124544
2.103604
1.316628
0.988811
2.452347
1.228228
1.558104
1.354080
0.791033
2.163653
2.554751
1.258511
1.605692
1.107775
1.945871
1.953769
3.409687
1.048195
2.216613
0.996075
1.280459
0.316966
2.955104
1.010073
2.470155
1.221631
2.056038
2.454715
1.263256
1.640944
1.642383
1.527474
1.739722
2.250317
0.742100
1.476824
1.745734
0.763829
2.046183
2.023588
2.404429
1.835922
1.118775
1.088119
1.723758
1.027644
2.290157
2.432968
1.413450
1.607649
1.686367
1.299061
1.661019
1.327796
1.145063
0.993711
0.677970
2.623636
1.043324
0.621015
1.553160
2.175042
1.154560
1.688893
0.353058
0.583311
1.566897
0.538857
0.521091
1.076624
2.294681
1.159591
1.848767
0.221697
1.538602
1.009601
1.716745
1.169456
0.760703
2.516807
1.298059
2.119659
2.370878
1.595080
0.615567
1.622973
1.184840
1.016541
2.460763
0.837994
2.228986
0.723544
1.712265
1.432922
1.374512
2.013003
0.343488
1.187468
2.291305
1.055584
1.153998
0.991223
1.043837
2.903593
1.871983
1.079739
1.918709
1.667302
1.431981
1.012389
2.003920
1.463424
1.133553
1.463498
0.795011
2.272878
1.132845
0.899870
1.183996
1.378921
1.271936
2.118035
2.412286
1.748799
1.902530
1.853417
2.147596
0.977177
1.459893
1.551978
0.415714
1.757661
1.085665
0.861029
1.400546
0.700305
1.923425
0.599927
1.465050
2.233239
0.752326
1.477385
1.536888
1.840561
0.420010
1.136459
1.888631
1.652363
1.031883
1.688819
1.652138
1.947260
1.122097
1.511981
1.404391
2.035415
2.271337
1.178990
0.828874
1.905951
2.178202
1.736658
2.134542
0.818747
1.235539
1.775747
2.929874
1.168547
1.524444
1.008482
1.660640
0.277581
2.003593
0.355465
0.534077
0.761149
1.181231
0.807897
2.711844
1.168783
2.149311
0.956420
1.392181
1.697813
1.786379
2.427834
1.197595
0.721663
1.676277
1.917983
2.336602
0.718268
0.742065
2.656233
2.276049
2.422611
0.825650
1.493873
2.092214
1.978618
2.005968
1.883316
0.736070
1.019011
1.175326
0.539213
0.430285
0.658884
2.684746
2.066471
1.717076
1.381474
0.621530
0.604234
1.754993
1.435507
0.319442
0.945485
0.691975
0.730016
1.933998
1.588505
1.294597
1.405036
2.252894
1.677725
1.369386
2.725634
1.328192
1.100745
1.635107
2.203105
1.131656
0.773640
1.053258
1.243727
1.116446
1.662039
0.795553
1.325110
0.760638
0.685058
1.242970
1.620006
1.062800
0.853910
2.081075
1.800992
1.481331
0.777766
1.169322
1.380697
1.405236
0.263023
2.227671
1.333074
2.378589
0.745669
3.599360
1.117465
1.486128
1.657060
1.206359
2.122677
1.804344
1.674560
2.342549
1.124096
0.762573
0.983217
0.891272
3.190480
1.627063
0.941418
1.291620
0.738449
1.516065
0.718268
0.741673
0.715236
1.395911
1.086186
1.299994
1.444327
1.016262
2.172591
1.874155
0.301640
2.387539
0.741242
0.366973
0.941383
0.557461
0.937310
2.810589
1.797904
0.659468
1.914728
1.276726
2.007316
0.653148
2.309076
0.731008
0.996929
2.797521
1.238425
1.161226
1.797551
2.133109
0.876339
1.518044
1.122755
2.028152
1.960689
0.940455
0.588184
1.537214
1.281549
1.859007
2.869318
2.313333
1.180640
1.206928
1.721029
1.651118
1.143412
1.120260
1.854537
1.704457
1.323119
0.777437
1.753334
0.725752
1.788790
0.718855
0.826843
1.505017
0.813982
2.298762
2.269713
2.133014
1.293237
2.436244
1.635893
1.834238
1.651580
2.033796
0.370179
1.198240
0.645753
1.531013
1.312230
2.059965
1.209790
1.490545
1.581034
2.210649
2.020207
0.530432
1.455079
1.806299
1.282025
0.848186
2.157207
1.392867
1.182059
0.780443
0.993199
0.890925
0.760096
1.078394
2.396523
1.141073
1.195088
2.636502
1.936910
1.218432
0.615319
1.255429
1.787962
0.712130
2.379947
1.544457
1.489943
0.859408
0.894114
2.895790
0.422304
2.313774
1.517895
1.157261
1.843677
0.912818
2.621611
0.681771
2.621407
1.033611
1.727227
0.964704
0.696400
0.963830
2.139684
1.893407
2.913601
0.989811
2.107429
1.947346
0.807197
0.839507
2.433875
1.204413
1.362818
0.634681
2.386460
0.881177
1.970832
1.362677
1.161522
2.475348
0.939221
1.541262
2.094898
0.801129
2.179367
1.691489
1.975936
0.987564
1.651926
1.392369
0.820818
1.515725
1.831436
1.163313
2.696574
1.739794
0.504487
1.677763
1.856379
1.801957
1.029845
1.097422
1.771577
1.254169
0.510875
1.532702
0.848256
0.983868
0.996617
0.885078
1.038222
0.312172
1.284434
1.426139
1.371469
1.102948
0.483111
2.005682
2.424214
3.090028
0.815657
0.900734
1.747611
0.776017
1.626417
1.478315
2.182870
2.235218
2.077796
0.966396
0.430740
2.018069
1.214879
0.681780
0.501892
1.305029
1.051945
2.847262
1.370220
1.602123
0.867441
1.716663
1.062149
0.710262
1.333900
0.785944
2.475680
0.990968
1.483364
2.694476
1.809258
2.174443
1.185084
1.456133
1.223525
1.027473
1.302772
0.447529
0.513253
1.424122
3.034738
1.640587
1.001678
1.591246
1.416251
2.340362
1.724689
0.997073
1.194574
0.927703
2.503792
2.505104
2.115868
0.898485
1.828540
2.111418
2.557693
1.826699
1.062059
1.908686
0.899390
0.850670
1.340497
2.604224
1.686684
0.485579
0.955686
1.234255
2.089361
2.147078
1.199699
1.158227
0.964513
1.123501
0.882974
0.852590
1.988799
1.267217
2.209292
1.850556
1.173121
2.544607
1.864560
1.162362
2.422138
1.621455
1.225702
1.492201
1.095513
1.058495
0.605706
1.844550
1.029455
0.486223
3.340373
2.557544
1.162576
2.277396
1.488853
1.664414
1.465952
0.943330
1.127626
1.695121
3.201864
1.323730
1.677317
2.077441
1.773241
2.395949
1.512097
2.271014
1.388889
3.074001
0.612093
1.070385
1.424574
0.469772
1.270213
1.944710
1.358012
1.993205
2.240401
1.587099
1.456483
0.603040
1.335577
1.129920
0.982454
1.286031
0.936828
1.536421
2.728847
1.212200
0.981218
1.065898
0.561563
2.569804
1.536286
1.854401
1.209672
3.197775
2.023143
1.611382
1.519823
1.609218
0.999807
2.432752
1.160568
1.830649
0.718276
2.657629
1.851901
1.021161
0.702971
1.070442
0.475605
1.288378
1.985438
2.031743
2.055451
1.877824
1.372270
1.147539
1.233010
2.038028
1.527455
2.472821
0.892747
1.635381
0.888470
1.507978
0.767562
2.933508
1.338027
0.601122
2.122765
0.867784
1.240911
1.015326
1.333080
1.450226
1.053038
1.921217
1.539399
1.959130
2.119465
1.811316
0.444782
1.864027
0.875178
0.749242
1.287076
2.067618
1.030780
1.304890
0.936086
1.663388
2.404035
2.648255
1.751529
2.334048
1.119681
0.391860
0.724524
2.150104
1.439886
1.776739
1.117261
0.982707
2.666692
1.285227
2.528999
1.927345
1.906579
1.350324
1.767893
2.562436
0.664137
1.164308
1.758879
0.879806
1.162913
3.688459
0.982726
1.810276
0.702808
0.897879
2.818987
1.912620
1.672874
1.132596
0.569784
1.919452
2.528765
2.364733
1.506789
0.644261
0.650228
3.162573
1.319799
1.967609
0.531447
1.626102
1.569526
1.283310
2.487843
1.855099
2.028222
1.580425
0.701388
2.011366
1.369119
0.654341
1.173648
2.427769
0.956975
1.830167
1.313449
1.477281
0.857667
1.174635
1.181567
0.770812
1.129012
1.630440
1.023746
1.029572
1.826020
2.200686
1.602219
1.113722
1.815575
0.793052
1.184804
2.144634
1.994154
1.527707
1.499208
1.711848
1.282955
1.260129
1.010301
0.980859
1.613641
0.766999
0.528926
2.511170
0.556007
1.716079
1.956323
1.508892
1.491092
0.558218
0.878171
0.916060
0.721752
0.735503
0.905105
1.301481
1.684720
1.462698
1.512635
0.820604
1.763192
2.462885
1.174781
1.636358
1.023397
1.983832
1.195258
0.972189
0.816219
2.244415
0.927643
1.337279
1.179612
2.389274
1.083335
0.505188
1.856098
1.334329
2.457418
2.341638
0.833159
1.629751
0.945793
0.971864
2.368557
1.992949
1.126935
1.480502
1.339435
1.278048
1.772975
2.288415
1.382758
1.533710
3.076737
0.783667
2.415443
1.879919
1.252049
1.987127
1.512228
1.729765
0.689751
2.287917
1.469269
1.644261
2.899516
1.475453
0.965396
2.312869
0.410922
0.895408
2.981626
2.933785
1.545735
2.387585
1.399409
0.520654
1.839205
1.138422
1.253143
0.864919
1.110710
2.020104
1.038125
1.666470
1.522355
1.690995
0.840159
2.167819
1.211006
2.344052
0.887630
2.268182
1.684105
0.444330
1.312160
3.104533
1.422138
0.587968
1.843644
1.298049
1.621958
2.387989
1.717776
0.681045
0.562035
0.951638
1.607071
1.543569
1.287390
1.871547
1.290671
1.045219
1.934495
0.751234
1.242881
0.897499
2.010119
0.601676
1.641184
1.551254
1.658235
1.745398
0.734216
2.209695
1.327918
1.708641
1.508984
2.416738
1.543286
1.452556
1.753392
1.749675
0.828747
1.023916
2.285011
1.624930
2.129858
0.522535
1.089889
2.481270
2.137021
1.087196
1.211659
1.750047
1.536261
1.497181
1.715799
0.793131
1.466297
1.081374
1.697961
2.201466
2.035421
1.056608
1.715009
2.644431
1.200083
1.489435
0.723964
2.048446
1.015695
1.921390
1.993111
1.345080
1.220438
0.849109
1.974881
0.871026
1.252187
2.042519
1.994574
2.008112
2.522563
0.525886
2.136795
2.135002
1.964975
0.346114
2.349859
0.582680
2.430414
0.568178
3.020232
1.318410
0.307858
0.803239
1.367428
1.993260
1.291452
1.798687
1.391710
1.787903
0.922213
3.218157
1.262349
1.299372
2.361047
1.732949
2.196946
0.672460
2.599830
1.758521
1.287430
1.310727
2.139232
0.728920
1.304392
1.637736
1.892579
1.484452
0.898862
1.798670
2.379249
2.398746
1.851745
2.014342
0.817029
1.408556
1.031723
3.289162
1.441753
1.528340
0.982546
0.625435
1.958599
1.665457
1.684354
0.611976
1.693752
2.081399
1.031783
2.023352
2.209414
0.581130
2.432493
1.935338
1.512177
0.913698
3.284820
1.659128
1.371048
2.176989
3.577580
0.829515
1.292252
1.081100
1.389508
0.985268
1.473446
0.684566
2.456415
1.248435
0.781980
0.417384
0.681472
0.661274
2.224860
0.859699
1.960788
0.563890
1.068885
1.644095
1.198441
0.528677
0.791095
0.828908
1.821296
3.680171
1.313444
1.983602
1.247243
1.462970
0.688403
1.979756
0.843571
2.462137
1.214863
0.518772
2.198042
1.800244
0.829839
1.341502
1.422854
0.871527
2.175203
0.989087
1.705134
1.818892
0.905535
1.633308
1.977228
1.376840
1.380376
0.993629
1.416199
1.747584
0.664345
0.830151
1.277890
2.511902
2.571697
1.135071
2.193251
1.487134
2.385448
1.333002
1.506935
0.532782
1.183775
1.894893
0.501894
1.797202
2.161525
0.763872
1.663176
1.678501
2.210401
1.830967
0.635929
1.144962
1.792548
0.941087
2.058075
1.661619
1.031951
1.842534
2.458970
0.898105
1.203456
2.584333
0.302969
0.544987
0.647002
0.872539
1.413591
0.879310
1.305469
1.149672
1.442338
0.687785
1.330157
1.090568
0.428893
0.494768
1.696283
1.337467
1.582721
1.083142
0.584061
0.780804
1.384939
0.544239
1.424432
2.110711
0.747279
0.796801
1.089519
1.121608
1.640649
2.541503
1.535873
1.677187
1.902539
1.074145
2.277077
0.624308
1.899505
1.174731
1.303018
0.232518
1.941516
1.868986
0.968825
0.982262
1.042410
0.589579
1.619089
0.975718
1.067443
2.246069
1.471567
1.707796
2.362066
1.663548
1.175674
1.749547
3.058656
0.866563
0.863538
0.901726
0.847081
1.960354
1.493262
1.682278
2.424964
0.937840
1.595516
0.859643
1.995906
2.685803
0.822993
1.769327
2.163630
1.688150
1.614971
1.560131
0.934113
0.428168
1.232198
1.131620
1.018441
0.636574
1.192768
2.300908
1.259862
1.875225
2.262502
1.790926
2.381214
1.176113
1.503068
1.386587
1.211672
1.705529
1.524164
1.566202
2.453883
1.382996
0.895781
1.100083
1.689395
1.460300
0.409391
1.096610
2.064248
0.858449
2.160365
1.201094
0.988319
0.987107
0.900196
1.181001
1.515610
0.640113
0.514860
0.438157
0.923215
1.018232
1.984725
1.330788
1.708585
0.983177
1.018659
1.222287
1.685005
2.049533
0.995230
1.248304
1.477289
1.558197
1.505755
2.249399
2.508500
0.944920
0.788394
0.746195
1.700900
0.994515
0.852071
1.228462
1.472769
1.086926
0.804126
2.099252
1.716262
1.900190
1.167071
0.527903
2.514842
0.805129
1.008369
1.668852
0.838175
3.189476
2.149409
1.527350
2.298073
0.824670
0.989606
1.503850
1.578074
0.836564
2.035334
1.167644
2.332803
2.081073
0.765889
0.994495
0.891062
2.304197
0.606158
0.561074
2.898231
1.831277
1.566801
2.085886
0.851904
0.554098
1.356298
2.500198
1.780811
1.556532
0.715257
1.584288
0.998890
2.374919
2.122099
1.433941
1.862779
2.723811
2.110028
1.588731
2.800277
1.756458
1.268357
1.286478
1.788499
1.728643
1.557702
1.561113
1.254452
0.649124
1.269113
1.208855
1.110043
1.066335
0.781287
1.171083
0.672254
2.390351
0.845163
1.424829
1.758908
2.576088
1.777750
1.533018
1.330117
1.901481
1.448229
1.883843
1.746993
1.012135
1.367044
2.072479
1.198698
1.372564
0.144048
1.364700
1.348414
0.884466
1.508579
1.302176
3.067312
0.843914
0.843872
2.023623
1.052717
1.658957
0.991011
1.528955
1.371275
1.651836
1.717050
1.374633
2.467428
2.704116
0.861461
1.844245
1.099272
1.990788
2.430886
1.541827
0.841552
1.203330
0.638437
0.754481
1.493514
0.953964
2.235451
0.902683
0.803306
2.406548
2.469023
0.901366
0.803204
0.552571
2.565863
2.046988
2.730258
0.308301
2.364936
1.119804
0.629674
1.746396
1.044805
0.561579
1.137167
1.929854
1.986914
0.755328
0.694216
1.800883
0.829556
1.660104
1.787752
1.554939
1.644659
0.980805
1.588326
1.052125
0.850270
1.357582
1.460660
1.096327
1.727752
3.517511
2.131689
1.470019
1.303639
1.253831
2.413511
1.420728
2.043737
0.621459
2.122003
1.646289
1.014023
1.745743
1.555168
1.686465
2.087131
0.337696
1.834160
2.896690
1.398346
1.922246
2.032808
1.139642
1.254829
1.056749
1.315841
1.476541
0.714909
1.513890
0.956770
0.660611
0.712839
1.672342
2.024259
1.026043
0.808537
2.401910
1.087386
1.739121
0.898427
1.334479
2.159442
2.811504
1.023206
1.424377
3.604669
1.221005
2.653070
2.008713
1.509369
2.102661
0.750563
1.489420
1.819769
1.713671
1.844629
1.015700
0.513688
2.350952
1.467577
1.343257
0.779346
1.870084
0.627052
1.338202
2.268315
1.047931
1.122539
1.819848
1.180596
0.643703
0.949913
1.105088
1.571085
2.200104
1.724376
3.210367
2.041674
0.809595
1.584833
0.939388
0.745990
0.844858
0.519449
1.726997
1.217220
1.027068
0.991444
1.394080
1.824057
2.152986
0.585078
1.686460
0.935184
1.569789
2.855368
1.876686
0.639208
2.253410
1.967816
2.566321
0.336572
1.565222
1.003251
0.259561
1.631218
1.003886
1.475554
2.430614
1.429489
2.987903
1.622427
2.519013
1.837382
1.922931
0.734543
1.144904
2.128522
0.939879
1.243305
2.141784
2.309914
2.159909
2.286493
0.839943
0.683175
1.012773
1.521605
1.655152
1.741840
1.371942
0.926007
0.795790
1.717144
1.340801
1.855443
0.647427
0.794366
1.422414
1.607329
1.419767
1.837051
1.399070
2.116458
0.992714
2.633980
1.221134
1.058840
1.099284
1.277590
0.871511
1.496195
1.504452
1.217500
1.580088
2.014424
1.923749
0.709240
1.568352
2.274467
1.328507
2.279400
1.897836
0.647057
1.191851
0.670563
0.911632
1.033588
1.463746
1.319212
1.331115
1.422257
2.458105
1.582022
1.163041
2.455416
2.492398
0.566490
2.368643
1.083896
1.992885
2.101187
0.648933
1.144022
0.412450
1.827044
1.820571
0.496642
1.170750
1.396840
0.838767
1.313613
0.858731
1.764826
1.062518
1.566120
1.901244
1.917645
0.837223
1.152345
1.680784
3.320273
1.213965
1.460397
2.684197
1.084854
0.785448
0.712387
0.920799
1.897649
1.857816
2.285534
1.533071
2.040160
2.394337
2.129669
0.959136
1.483870
1.836380
1.358761
1.415587
1.814928
0.354345
2.932722
2.017121
0.356211
2.833489
2.307698
0.752745
0.190390
0.840921
1.786131
1.784955
1.527382
1.197340
1.374519
1.279459
0.771934
1.558857
1.244719
1.242937
1.513697
0.810773
0.699316
1.531436
0.969926
0.879097
2.201710
1.982968
2.865954
0.912822
1.140805
2.546275
0.937783
0.882276
2.262358
2.505018
1.158774
2.530226
1.304979
1.376979
1.455522
0.859102
1.339885
1.279641
1.228922
2.060545
1.869228
1.765595
1.410033
1.145811
2.153797
0.227290
1.597058
1.070029
1.376844
1.829272
1.179389
0.782306
0.387289
1.536527
0.772102
0.511428
0.665399
1.113564
1.458439
2.768930
2.067537
2.014588
0.896456
1.215742
1.205240
1.627049
1.301511
0.779025
1.096969
2.918706
1.517230
1.529222
2.426097
2.335235
1.621058
1.574789
1.659121
0.910382
1.687896
0.179656
1.555405
0.676673
1.295942
1.851664
1.992355
1.874831
1.280493
1.887222
1.202156
1.080981
0.607804
2.494647
1.254855
0.507081
2.095147
1.914831
2.355266
2.025665
0.634834
0.959967
0.967346
2.616160
0.407738
2.543141
1.025231
1.586419
0.625034
2.508253
0.775167
1.045908
1.504732
1.167376
1.774642
1.290044
2.416267
0.835160
2.688952
1.297136
1.420187
1.727592
1.508704
1.644261
0.463795
1.151695
0.821128
0.655974
1.081804
1.458676
2.070250
3.226466
0.882042
0.737612
2.210268
1.030038
1.270114
0.843073
2.078397
1.681033
3.336564
0.382589
0.845288
1.237608
1.257675
0.204203
1.028516
1.659149
1.058352
1.503897
1.095404
1.055372
2.258800
1.379179
1.382935
1.744803
0.668305
1.826925
1.336448
1.311323
1.360863
1.304358
0.208155
1.134170
0.999630
2.432091
2.548817
1.807333
2.726946
2.590784
2.393804
1.312079
0.880377
1.246227
1.639795
0.640105
1.338147
0.800073
1.885610
2.524769
1.093112
2.241191
1.129040
1.506441
1.078383
1.113057
2.248552
1.042241
2.219869
1.095630
3.443359
2.416368
1.289707
1.027710
1.555608
0.995034
2.065123
0.446134
0.334481
2.516523
0.656143
2.689086
1.939219
0.834166
1.162725
0.654557
2.445380
1.904692
1.966220
1.942964
1.612235
1.427490
1.180704
1.191153
1.402226
0.977985
1.951986
1.053934
2.002037
2.425042
1.434303
0.765793
1.458390
2.068235
2.445187
1.300215
1.153555
1.437234
2.598772
2.360752
0.808196
1.642329
0.918159
0.817655
0.610857
1.767452
1.898330
1.831870
2.653882
2.218435
1.662951
1.655639
2.172251
2.830409
2.979166
2.127792
1.800655
1.528833
1.278780
2.323506
2.336301
0.893884
1.564070
1.135234
2.054111
2.567457
1.406448
1.725602
1.129197
1.964597
1.622456
0.601259
0.316701
1.267403
2.200690
1.183482
1.278332
1.327292
2.146755
1.827427
1.833902
1.907439
0.972816
1.160450
1.608535
1.562705
1.753191
1.695801
1.755126
1.517205
0.674529
0.386973
1.037998
0.342580
0.935785
2.858601
2.259244
1.186046
1.227470
1.968186
2.051442
0.934089
0.825176
1.427886
1.383808
2.028716
1.593171
1.555961
1.500764
1.764219
1.532670
1.385743
1.378657
1.750529
1.486320
0.435432
1.796467
1.209028
0.591815
1.348045
1.798987
1.182895
2.347231
1.469497
1.826951
0.921237
1.133875
0.475515
1.353227
0.944535
0.965104
1.255927
1.848265
0.985174
1.983627
0.362055
0.455743
1.823792
0.735457
1.746731
0.194992
1.279101
0.328067
0.460628
1.874525
2.515487
0.785769
1.223739
1.279450
1.961827
1.120085
1.400371
1.120107
1.615302
0.949380
1.502485
1.542191
1.726392
1.053175
0.257299
0.847835
1.466779
1.311874
0.926008
0.668535
1.370427
0.817602
0.194662
1.092664
1.474790
1.840708
1.249833
1.511897
1.162516
2.158291
1.308766
1.582771
0.750806
1.044127
1.137581
1.453666
1.635542
1.580265
1.117004
1.250861
1.916748
1.718727
1.399120
0.243108
1.358280
1.222698
0.735125
1.100573
0.920511
2.261818
0.949735
1.099943
1.660473
1.358178
2.146578
2.428934
1.527153
1.581579
1.633012
1.244509
1.127925
2.406593
1.046338
0.508050
1.469213
1.689539
1.425781
0.973466
0.667991
1.962001
0.912034
1.322494
1.235563
0.869343
0.250104
1.790480
0.933769
0.680372
0.628930
0.607016
1.327222
2.149768
0.616940
0.563646
0.943101
0.861587
1.083748
0.702691
0.673265
1.745336
0.757057
1.583612
0.811086
1.644703
2.018085
1.386466
1.247528
0.902375
2.324690
1.629451
2.020286
2.165663
1.653316
0.304938
0.701833
1.241298
3.374675
2.780410
2.258101
1.148886
2.410104
1.932978
1.654690
0.737189
2.021296
1.273079
2.620914
1.654012
1.451848
1.884310
1.895782
3.589791
1.021602
0.566726
1.575698
1.879252
0.916703
2.523354
2.440552
2.214133
1.639864
1.274127
0.554243
2.387037
2.008996
2.016980
1.109361
1.343039
1.552975
1.772234
0.709917
1.997812
1.808138
1.156609
1.396906
1.707684
1.893062
1.614165
2.549632
1.072389
1.564912
1.500672
1.480206
2.115747
2.701834
0.812022
1.910948
2.560504
1.340786
1.846206
0.480191
2.159675
1.089490
1.064179
1.842095
0.652473
0.917886
1.097953
1.452828
1.123000
1.558567
1.496161
1.453729
0.845263
0.721335
2.041052
2.223337
1.780734
2.115924
1.636134
2.350943
1.800057
1.397411
2.008284
1.658042
1.302773
1.188345
1.333271
1.205094
2.338813
1.379052
2.128362
1.393870
1.017692
1.001382
1.037401
0.260499
1.119817
1.504594
1.142001
2.345714
0.943699
0.782047
2.648717
1.192087
1.846896
0.454849
0.562012
1.393581
0.888575
1.654212
1.723001
2.283712
2.903392
1.601414
1.776394
2.044779
0.514281
2.824049
1.134955
1.716325
0.982466
1.468386
1.558829
1.485924
1.826830
1.843861
1.923585
1.996346
2.627931
2.590251
0.859662
2.109047
2.937446
2.400947
0.609587
1.699164
1.125316
1.477355
2.482132
0.984444
0.783902
0.783511
2.062240
1.679254
1.707568
1.070679
1.818991
1.801834
2.769452
1.114498
1.476764
1.022614
1.171642
0.864103
1.036707
0.821527
0.590681
1.976237
2.452916
0.906000
0.498407
1.216929
1.220945
1.403440
1.022882
1.458589
2.460749
1.106939
1.299987
2.118543
1.325919
1.098024
0.469120
1.666382
2.167825
0.766214
0.614980
1.220616
1.680426
0.509913
1.090528
1.427254
1.847017
1.473722
0.841355
1.149527
1.387184
2.411056
2.127631
1.729803
0.818201
2.282816
2.244406
2.205043
0.956947
1.445638
0.424362
0.933246
0.761616
1.486036
1.758052
1.717351
1.549970
0.719004
2.401176
1.105041
1.100219
1.581983
2.093094
1.449434
2.264356
1.390917
1.472984
2.496701
1.087624
1.035008
0.797831
0.481663
2.024301
1.670623
2.009364
0.715370
2.249798
1.365420
1.160564
0.730280
1.300633
1.897618
1.292603
2.381415
2.253829
2.043921
0.806190
0.906585
1.586686
2.095109
2.376339
2.452329
0.320860
1.206787
0.074929
1.673225
1.531522
1.312262
3.809729
1.592892
1.564271
2.105435
0.504776
2.245340
1.332372
0.892732
1.142367
1.749926
1.353800
2.038594
1.564667
2.033623
1.394404
2.374458
1.728533
1.860815
1.476286
2.332589
2.348121
0.782364
1.110164
3.296459
2.914750
1.569078
1.617479
1.065384
1.424527
2.366726
2.082429
1.209245
2.054770
1.246936
2.019724
1.477078
1.891992
2.402337
2.447630
2.138488
0.881285
1.220109
0.350084
1.842229
2.430571
0.979189
1.146660
0.519392
2.328243
1.695698
1.216197
1.163046
0.664481
0.550438
1.063684
1.988497
2.176911
1.210163
1.660906
1.123163
0.788763
1.625126
0.959833
2.267772
0.934609
1.450219
1.144684
2.315198
2.746067
2.338717
0.946451
1.196679
1.069863
1.426700
1.456650
0.250078
0.437951
1.725868
1.915769
1.350919
0.970589
2.949490
1.845162
1.208056
1.102263
1.168748
0.859484
1.164654
0.954849
0.986603
0.773621
1.330991
2.209207
0.693143
1.074729
1.435209
0.949539
1.300401
1.821736
0.535837
1.827750
1.171096
1.620405
0.920885
1.579464
1.291719
2.036052
1.568555
1.706398
1.991371
2.653565
1.171559
1.986209
0.820425
2.529829
0.909179
2.685808
2.034304
0.660590
1.256149
2.864335
0.908554
2.311394
0.424746
0.785643
1.621806
1.174377
1.302982
0.368800
0.809377
1.532131
1.537329
2.341300
1.589150
1.130067
0.465297
0.362083
1.691042
1.238863
2.422722
1.177647
1.934393
0.847594
1.912516
0.888349
1.010030
1.013576
1.487377
1.356433
1.731561
1.907899
0.549933
2.970673
1.140484
0.655775
1.937786
1.346911
1.905066
1.234335
1.758382
1.143940
1.894398
0.626749
0.954683
0.980846
0.537282
1.656469
1.085119
1.283460
2.636721
1.164412
0.877352
1.464276
0.711763
1.396496
1.733343
1.641875
2.758297
1.316822
1.655108
2.006442
1.594241
1.638228
1.624504
1.488034
1.723335
0.968413
1.094878
1.028249
1.565497
2.115598
1.314431
0.893424
1.892911
0.767839
1.489639
1.653441
0.932301
1.463463
0.448291
0.598502
1.536940
1.407043
1.408863
2.352167
0.810554
1.030065
0.456434
1.487780
0.452874
0.773069
1.173075
1.815862
1.232685
1.509037
1.254162
2.130222
0.943820
1.393469
1.471746
0.533136
1.190961
0.407376
2.647072
0.850196
0.674455
1.513508
2.122728
1.304367
2.238047
0.694723
2.317325
1.644923
0.638044
1.558431
2.171279
1.198481
1.455154
1.786866
1.849526
0.831881
2.774315
2.301811
1.692336
1.846524
2.034301
1.055887
1.207624
1.912814
1.498123
1.535346
1.493327
1.471748
0.605764
1.149470
1.753971
1.096190
1.568768
1.791341
2.158046
0.753709
1.740210
1.135591
1.152557
1.628318
1.903119
1.007478
0.963380
1.466255
0.881960
1.320909
1.093309
1.273581
0.374163
2.342617
0.924954
2.090952
0.772196
1.039729
1.521564
0.945184
0.948050
1.512718
2.503508
2.453440
1.278222
2.046956
1.039585
0.810480
2.425408
1.320638
1.333593
1.267575
0.953138
1.522531
1.713193
0.524274
0.602977
1.852321
1.764592
1.546519
1.828715
0.731697
1.460458
1.708579
2.254467
0.925355
1.139394
1.660687
1.491243
1.881291
1.828431
1.873465
2.348323
1.255454
1.519588
1.708991
1.622468
1.810676
2.892177
0.398014
1.483741
2.782016
1.514563
1.794883
1.442219
1.761408
1.497083
0.568853
0.607493
1.913032
0.999357
1.406506
1.289639
2.530444
2.622821
2.221594
1.231850
1.135343
1.769398
0.384859
2.459905
0.360526
1.152761
1.266987
2.208158
1.351247
1.325974
1.261087
1.135626
1.759181
1.243054
2.863520
1.297211
2.203124
0.859293
2.021727
1.784183
1.962014
0.836297
1.306581
1.498842
1.528456
2.280205
2.199238
1.793906
0.732579
0.522508
1.389886
3.831286
0.948404
0.381975
1.894515
2.014312
1.928759
1.688910
1.272530
1.432217
0.463790
2.346696
1.283996
0.724363
2.805790
1.547364
0.913879
1.474601
1.360195
1.053359
2.265415
1.515492
1.341074
1.643671
1.032517
1.203061
1.511994
1.965631
1.005227
1.173790
0.982498
1.386240
1.397890
1.362366
1.298964
2.168338
1.316059
1.228501
0.751687
1.522599
2.142861
0.972921
1.032746
0.913833
0.918091
2.828404
2.088216
1.087842
2.338302
0.638144
2.164036
1.588796
1.163339
0.731490
0.659540
0.478398
2.228883
1.726660
1.686289
1.138667
2.150305
1.083369
0.742573
1.780115
1.548636
0.992231
1.240303
1.164519
1.449707
2.428390
0.854173
1.420175
1.963394
1.815197
2.864487
2.007343
0.928975
2.209732
1.164871
0.951756
1.430855
2.167116
1.764168
1.423968
1.170029
1.613713
2.553101
1.260105
1.421695
1.499814
1.969896
1.449824
1.822427
0.954956
2.827289
1.054974
0.842719
0.720692
1.257303
1.347565
1.432593
2.649847
2.987104
1.116718
0.774898
1.726914
1.607290
1.097053
2.394822
0.960324
1.969122
0.673576
0.149430
0.940689
1.986268
1.417404
2.071270
1.277646
0.701787
0.297633
1.607198
1.772256
0.811102
1.289060
1.613547
1.840179
1.575590
1.907669
1.771901
1.992336
1.672585
0.721306
1.390906
1.243932
1.654823
2.366672
0.778423
1.538922
1.759588
1.734476
1.286255
1.581039
1.804538
1.182238
1.220747
0.547746
1.736334
0.992180
1.946327
2.272320
0.860902
2.674345
0.427528
1.511329
1.271018
0.939591
2.149365
0.763618
2.741458
1.362151
1.920173
0.974777
1.275398
1.781251
1.114010
0.887513
1.884755
0.844527
2.741001
1.517158
3.852503
2.381277
1.686924
1.700761
1.237359
1.000838
1.059376
0.424852
1.447744
1.204009
0.706245
1.845271
0.455202
0.534265
0.735519
0.566805
0.802509
1.464089
1.223277
0.994617
0.558926
0.594333
1.873029
0.913345
0.388057
1.157709
1.234723
0.662369
1.218369
2.453405
2.708357
1.278811
1.515908
2.359814
1.221655
1.108312
0.753876
1.285771
1.053761
1.099630
0.994685
1.433334
1.620381
1.911095
1.348662
1.233798
1.293113
1.829135
1.538251
1.255951
1.032629
1.578302
0.420509
1.984472
1.291735
2.111879
2.641990
1.906543
1.198220
1.914861
1.137442
1.427822
0.191576
