0.740030
1.287362
0.521629
0.408563
0.712210
0.781315
0.846359
0.488244
0.468053
0.976493
1.157552
0.660955
0.450181
1.360074
0.562284
0.811007
0.625317
0.451651
0.796210
0.517975
0.713316
0.428528
0.679124
0.951466
1.137757
0.386497
0.283246
0.630432
0.447577
0.452762
0.589876
0.959140
0.973657
0.719214
0.126506
1.275873
0.343441
0.183199
0.659867
0.441495
0.603245
0.882685
0.855954
0.196386
0.596826
0.398254
0.468432
0.372370
0.672311
0.668341
0.506494
1.002160
0.796705
0.340068
0.648805
0.873177
0.925515
0.510330
0.573908
0.644893
0.571202
0.720475
0.185628
0.710052
0.479686
0.872891
1.028995
0.968111
0.541449
0.740964
0.767395
0.654621
0.168646
0.544659
0.207105
0.701093
0.596772
0.628450
0.648464
0.823082
0.379592
0.286040
0.722276
0.331540
0.612111
0.872021
0.673579
0.946039
0.797398
0.721251
1.028385
0.211385
0.655917
1.087069
0.732308
0.495400
0.723695
0.714183
0.497318
1.006323
0.729487
1.105304
1.002082
0.616587
0.657593
0.284432
0.627495
0.835765
0.568086
1.048631
0.325034
0.636198
0.989948
0.844516
0.842721
0.526662
0.492671
0.518343
0.995098
1.102434
0.794895
0.806402
0.455128
0.868470
0.660540
0.861576
0.361483
0.494861
0.485917
1.093610
0.312892
0.644147
0.718886
1.019805
0.614238
0.786683
0.748522
0.432882
0.764881
0.879256
0.853136
0.996315
0.744009
0.606330
0.487823
0.379899
0.664910
0.618725
0.647671
0.660491
0.742029
0.627108
0.559294
0.543565
0.747905
1.127177
0.755913
0.507043
0.768591
0.199848
0.453520
0.711874
1.229162
0.602766
0.690737
0.427817
0.729375
0.764017
0.573502
0.538071
0.378638
0.519977
0.655771
0.684271
0.682095
0.571891
0.761735
0.625304
0.592722
0.849153
0.932552
0.719541
0.853994
0.276396
0.747007
0.526810
0.897821
0.511552
0.797864
0.437260
0.697209
0.577673
0.250319
0.441822
0.334874
0.600514
0.511836
0.675066
0.491233
0.752975
0.723464
0.979400
0.485888
0.144658
0.589423
0.480508
0.265498
0.455205
0.358686
0.733430
0.972488
0.804022
0.508840
0.567018
0.610905
0.451824
0.261225
0.453923
0.738356
0.607882
0.627332
0.313524
0.804722
0.526583
0.628101
1.165669
0.921822
0.558432
0.900508
1.528960
0.572056
0.927069
1.069320
0.445955
0.887405
0.624383
0.447930
0.319373
0.918256
0.509566
0.613174
0.480860
0.489654
0.562395
0.894128
0.700067
1.354333
0.745994
0.628915
0.511950
0.542134
0.152957
1.484891
0.361804
0.921768
0.957300
0.688253
0.142701
0.352959
0.486603
0.969647
1.523933
0.365851
0.963180
0.755547
0.422590
0.688611
0.789411
0.604883
0.317011
0.525323
0.511296
0.698265
0.280124
0.459429
0.673696
1.008466
1.074104
0.755818
0.353171
0.654145
0.304399
0.675227
0.780185
1.196339
0.797961
0.741324
0.705674
0.787870
0.979473
0.154182
0.209777
0.689659
0.890493
1.277809
0.636536
0.618112
1.110769
0.389026
0.731147
0.814758
1.070303
0.634085
0.877277
0.926810
0.566934
0.439804
1.163946
0.858485
0.763792
0.286049
0.614459
0.697634
0.503980
0.603081
0.480365
0.444466
0.436615
0.325468
0.776888
0.803631
0.852647
0.907367
0.897348
0.834497
0.258511
0.585288
0.197174
0.839161
0.994070
0.549020
1.110953
0.774067
0.269154
0.637237
1.268854
0.613628
0.268969
1.370277
0.959449
0.505015
0.708676
0.354199
0.342992
0.807143
0.706797
0.432656
0.785917
0.424701
0.576759
0.497132
0.718177
0.464395
0.651742
0.543875
0.428155
0.696616
0.982391
0.539570
0.996616
0.414690
0.569426
0.310847
0.965617
0.361014
0.620123
0.580037
1.205235
0.714138
0.718300
0.393990
0.489616
0.560570
0.544780
0.569260
0.655246
0.275998
0.671529
0.911857
0.512109
0.918647
0.759272
0.604092
0.645474
0.870422
1.038172
0.329535
0.666213
0.803926
1.127398
0.550934
0.964902
0.657758
0.354761
0.401191
0.190566
0.876501
0.761085
0.887769
0.103355
0.689833
0.306945
0.835791
0.294956
0.961045
0.636887
0.471908
0.810202
0.559300
0.611636
0.660159
0.759359
0.489141
0.328765
0.185661
0.528991
1.510293
0.281186
0.635624
0.134619
0.510957
0.522657
0.447462
0.215504
0.487459
0.185041
0.548747
0.619249
0.759604
0.599675
0.774988
0.571755
0.236672
0.428889
0.751311
0.419148
0.982135
0.291625
0.462381
1.057642
0.807977
0.954355
0.399905
0.902436
0.409385
0.713015
0.633679
0.475692
0.691995
0.979227
0.692229
0.916323
0.569469
0.542253
1.436968
0.652896
0.596877
0.512570
0.421918
0.306394
0.506219
0.387066
0.876002
0.193856
0.379218
0.463641
0.689740
0.972218
0.854132
0.851739
0.660748
0.657346
0.503868
1.347665
0.741856
0.436507
0.683614
0.621892
0.754318
0.711972
0.648506
1.066830
0.642363
0.126318
0.616717
0.600934
1.127893
0.661806
1.194215
0.401768
0.310249
1.097173
0.708796
1.291205
0.557460
0.566156
0.569197
0.534768
0.646472
0.458258
0.142515
0.427211
0.804547
0.401907
0.816914
0.502518
0.631655
0.322379
0.664569
0.467260
0.532186
0.785247
0.722274
0.386071
0.793340
0.952442
0.460464
0.842906
1.093116
0.622343
0.567007
0.584443
0.494157
0.680015
0.798222
0.364070
0.069303
0.874181
0.683846
0.742150
0.342131
0.927197
0.358547
0.929912
0.657563
0.348061
0.515245
0.191262
0.181304
0.677986
0.677639
1.403418
0.682875
0.559591
0.434812
0.427966
0.435594
0.194051
0.402746
0.873956
0.426631
0.639113
0.921630
0.565300
0.705018
0.536132
1.252543
0.973597
0.472276
0.533285
0.660012
0.888937
0.167439
0.724656
0.683947
0.776797
0.893920
0.580763
0.192394
0.585101
1.243852
0.200489
0.388371
1.033668
0.602520
0.390964
0.550781
1.001030
0.726514
0.323104
0.910483
0.806772
0.744670
0.503283
0.337857
0.224064
0.704657
0.756679
0.631258
0.822528
1.255143
0.407600
0.411429
0.734197
0.391077
0.966481
0.988616
0.217204
0.614281
0.669767
0.405771
0.739648
0.313153
0.675080
0.342412
0.291089
0.471715
0.545406
0.644210
0.215128
0.531486
0.870346
0.349716
0.544986
0.668833
0.667550
0.179375
0.686862
0.272498
0.593306
0.782640
0.491189
0.257107
0.224554
0.263861
0.806391
0.578390
0.850523
0.569619
0.710476
0.432293
0.636235
0.460102
0.669862
0.914243
0.292858
0.696810
0.505264
0.757982
0.475859
1.035709
0.480965
0.217010
0.220347
0.827014
0.329153
1.242337
0.901932
0.418397
0.511696
0.709055
0.330911
0.468848
0.865534
0.994806
0.724262
0.526697
0.447073
0.963415
0.595468
0.860519
0.804096
0.542456
0.799501
0.865070
0.438056
0.212735
0.824122
0.607103
0.442253
0.913054
0.573165
0.528263
1.141751
0.769835
0.551966
0.486462
0.992305
0.219568
0.541865
0.779953
0.559924
0.782741
0.579423
0.583585
0.970957
0.460936
0.523123
1.211150
0.273023
0.520043
0.687140
0.099345
0.280340
0.567591
0.305193
0.731589
0.488072
0.679677
0.791441
1.137919
0.541114
0.793792
0.829399
0.468267
0.481785
0.997413
0.775942
0.594750
0.589245
0.913139
0.716287
0.532745
0.832752
0.794433
0.691041
0.839494
0.951701
0.766317
0.970100
0.712407
0.436302
0.097980
0.297087
0.399044
1.090004
0.360370
0.807696
0.868268
0.733461
0.670452
0.583384
0.579355
0.800307
0.760852
0.520534
0.712029
1.111073
0.467499
0.905169
1.164171
0.475369
1.401743
0.402992
0.459912
0.463545
0.730615
0.948303
1.060344
0.436268
1.046354
0.415594
0.873149
0.695775
0.372398
0.741909
0.743103
0.971088
0.624840
1.015844
0.805321
0.528086
0.320055
0.831483
1.111698
0.943978
0.866206
0.683334
0.463043
0.655917
1.096300
0.304360
0.675129
0.642871
0.601082
1.010340
0.698612
0.279258
0.616829
1.187884
1.082796
0.604101
0.577634
0.932743
0.317240
0.606100
1.218094
0.434782
0.697900
0.782636
0.727153
0.919352
0.659362
0.549577
0.777698
0.462449
0.347075
0.539483
0.335000
0.225017
0.980229
0.641740
0.314503
0.749449
0.246525
0.198853
0.464440
0.638550
0.635975
0.731573
1.468075
0.826272
0.688854
0.988679
0.186822
0.590920
0.713455
0.462667
0.801718
0.442504
0.550253
1.226459
0.424498
0.925181
1.198039
1.103778
0.394091
0.930646
0.662407
0.950407
0.229625
0.312182
1.058722
0.344620
0.571609
0.596084
0.262321
0.299590
1.245242
0.546303
0.392267
0.655527
0.115449
0.632238
0.197687
0.905881
0.497338
1.056048
0.659697
0.596111
0.675151
0.737485
0.576369
0.536756
0.554272
0.823695
0.820542
0.794512
0.837616
1.094653
0.232521
0.857848
0.399234
0.256688
0.356691
1.009671
0.268955
0.605051
0.202208
0.994973
0.709094
0.209548
0.619162
0.711876
0.944587
0.505000
0.273512
0.689850
0.827787
0.644711
0.585494
0.661221
0.599983
0.759539
0.679379
0.847827
0.964066
1.085627
0.393378
0.953809
0.593223
0.667948
0.699177
0.581137
1.477487
1.494588
0.231085
0.720206
0.613578
1.244293
0.511880
0.623612
0.721440
0.326127
0.550643
0.695583
0.730656
0.859059
0.653059
0.428614
0.687832
0.765621
0.705153
0.422771
0.581966
0.612295
0.571736
0.568847
0.879832
1.014066
0.630703
0.723589
0.439746
0.772373
0.868545
0.558323
0.915556
0.497105
0.547009
0.686694
0.176616
0.273609
0.100297
0.637624
0.144205
0.694327
0.690250
0.923480
0.410078
0.437044
0.269542
0.499398
0.993601
0.526977
0.650992
0.421611
0.727840
0.274315
1.066204
0.378787
0.847291
0.174008
0.571777
0.387195
0.973996
0.699372
0.734087
0.311072
0.343839
0.625536
0.162295
1.495617
1.118880
0.819941
1.087054
1.083245
1.024744
1.007713
1.061449
1.206014
0.229941
0.224276
1.135061
0.726497
0.713380
1.065828
0.496187
0.427761
0.338834
0.593623
0.516552
0.701820
1.069074
0.845764
0.628030
0.452052
0.520752
0.393159
0.609026
0.079396
0.778219
1.102619
0.838248
0.511134
0.504931
0.590587
0.800320
1.007696
0.523770
1.038722
0.384095
0.838540
1.255034
0.542534
0.891555
0.265772
0.760110
0.383884
0.175333
0.216591
0.696247
0.533105
0.867003
0.703357
0.381488
0.152766
0.488614
0.399577
0.580915
0.351604
0.650597
1.045873
0.261680
0.359067
0.583484
0.868467
0.833284
1.439494
0.568660
0.712232
0.827047
0.506997
0.490924
0.684006
0.782317
0.823501
0.521740
0.391565
0.963747
0.837452
1.066382
0.501257
0.778835
0.533729
0.653135
0.763436
0.468997
0.582337
1.140770
0.832493
0.638495
0.306187
0.607020
0.818515
0.604496
0.227905
0.621094
0.739878
0.740612
0.395361
0.575058
0.670084
0.600277
0.839028
0.350653
1.029916
0.462370
0.104558
0.617376
0.545797
0.713102
0.592451
1.121759
0.634440
0.372968
1.042755
0.674559
0.727267
0.687201
0.982988
1.055769
0.770499
0.394290
0.473107
0.659671
0.965380
0.325036
0.793683
0.502738
0.823510
0.854038
0.305080
0.954743
1.070918
0.752798
0.661793
0.341229
0.318899
0.185680
0.806942
0.644804
0.549475
0.808582
0.487412
0.278688
0.437004
0.743890
0.361424
0.135684
0.485753
0.758318
0.701792
0.384876
0.547031
0.396862
0.386319
0.442782
0.729569
0.888284
0.454695
0.608752
0.202104
0.896532
0.569758
0.824183
0.589539
1.114775
0.639608
0.635926
0.310730
0.575755
0.845552
0.767274
0.639419
0.484279
0.805970
0.150423
1.325447
0.322462
0.589762
1.414255
0.604745
0.968779
0.561654
0.890654
0.369612
0.280107
0.721486
0.713808
0.267784
1.239834
1.018214
0.547611
0.268549
0.524754
0.973698
0.611840
1.029229
0.806658
0.802720
1.028620
0.577950
0.554062
0.667115
0.710531
0.795789
0.505998
0.591462
0.702951
0.433471
0.716461
0.411716
0.293413
0.667032
1.457752
0.694708
0.559401
0.544561
0.366255
0.784298
0.656945
0.484461
0.674434
0.502473
0.749134
0.938897
0.271241
0.473652
0.376478
0.544242
0.445875
0.618000
0.819750
0.498796
0.136847
0.344723
1.175725
0.255148
0.511238
0.801940
0.658907
1.034733
1.243920
0.904197
0.508441
0.736547
0.942923
0.736662
0.511326
0.381473
0.317224
0.657050
0.649312
0.379298
0.511092
0.421984
0.422949
1.171053
0.818220
0.548073
0.493099
0.656120
0.447018
0.879464
0.498342
0.845429
0.119821
0.762405
1.022197
1.015551
0.537863
0.745021
0.759537
0.289164
0.340258
0.518196
0.473359
0.749517
0.797499
0.810228
0.522721
0.957316
0.903333
0.564813
0.168443
0.474674
1.115957
0.178994
1.051936
0.231464
0.602559
0.353990
0.620717
0.819999
0.544907
0.395408
0.636322
0.323132
0.315726
0.331308
0.063259
0.721878
0.329646
1.147785
0.655451
0.521427
1.150033
0.854670
0.387052
0.221819
0.350485
0.389854
0.957119
0.372184
0.524478
0.561048
0.533982
1.052894
0.537041
0.676531
0.381676
0.907790
0.824722
0.202784
1.133334
0.236025
0.684833
0.299826
0.489442
0.270187
1.174209
0.553962
0.932988
0.752970
0.760225
0.909175
0.772609
0.853123
0.888758
0.380672
0.597603
1.208219
0.879122
0.873024
0.517135
0.375462
0.413761
1.216917
1.041363
0.412205
0.560698
0.771653
0.498480
0.539335
0.523964
0.504684
0.236805
0.886607
1.198826
0.607888
0.825484
0.474621
0.345488
0.126663
0.544370
0.054045
0.725752
1.134965
0.155624
0.949208
0.410365
0.865456
0.144250
0.874311
0.713193
0.811855
0.351402
0.507669
0.688410
0.854514
0.509254
0.640160
0.331916
0.689263
0.436175
0.290204
0.881871
0.498156
0.943892
0.960335
0.746558
1.493644
1.107683
0.317473
0.996094
0.567709
0.242558
0.602378
0.876875
0.662046
1.398858
0.853375
0.624696
0.825503
0.475079
0.287218
0.856312
0.915932
0.944243
0.707345
0.718626
0.472084
0.888013
0.922476
0.384916
0.693525
0.441099
0.407904
0.858367
0.380910
0.666130
0.375889
1.198511
1.176587
0.842033
1.323623
0.509986
0.844195
0.751974
0.295955
0.372326
1.168944
1.194509
0.891868
0.845725
0.695319
0.667652
0.818579
1.121686
0.360652
0.355365
0.552925
0.928720
0.902797
0.279578
0.194965
0.109823
0.804661
0.540185
0.277442
0.476846
1.141131
0.318174
0.597878
0.630224
1.153551
1.296896
0.282946
0.226730
0.542558
0.469297
0.214633
0.610570
0.488515
0.457827
0.726370
0.837090
0.954736
0.606057
0.432139
0.791129
0.669910
0.577679
0.460595
0.520682
0.596354
0.367947
0.447919
0.995069
0.742082
0.839287
0.541767
0.554698
0.447445
0.962677
0.962864
0.610907
0.473661
0.763157
0.059094
0.514323
0.343849
1.164025
0.217830
0.838931
0.473708
1.232815
0.333165
0.924466
0.441406
1.100129
0.669260
0.622374
1.155999
0.795356
0.884529
0.593070
0.795496
0.592790
0.511154
0.554198
0.497396
0.455807
0.393558
0.721886
0.603533
0.493870
1.169249
1.073972
1.110745
0.491571
0.844122
0.758340
0.971255
0.484116
0.724400
0.638465
0.745684
0.734542
0.859346
1.114259
0.449950
0.941276
0.530898
1.100021
1.115989
0.900505
0.120598
1.004518
0.603623
0.546007
0.696590
0.178172
0.435528
1.087603
0.621706
0.610009
0.646494
0.435319
0.821447
0.730716
0.863072
0.400221
0.569858
0.095444
0.817726
0.925780
0.640029
0.628185
0.723243
0.555831
0.568535
0.792737
1.319224
0.734589
0.732274
0.552794
0.412618
0.768214
0.540136
0.349980
0.781263
0.270161
0.829916
0.831974
0.644509
0.576198
0.401901
0.666602
1.207638
0.713770
1.024197
1.520225
0.243290
0.275825
0.510086
0.921709
0.704543
0.617309
0.308557
0.255908
1.201261
0.677103
0.637926
0.654292
0.771692
0.692884
0.312724
0.728390
0.895359
0.612071
0.223179
0.400689
1.040529
0.681386
0.580486
1.074264
0.341000
0.539880
0.404132
0.460706
0.783724
0.528102
0.358520
0.468566
0.543872
0.524143
0.773024
0.431133
0.279263
0.891035
0.973497
0.679561
0.897454
0.597606
0.377076
0.833233
0.432722
0.520098
0.553950
0.902702
0.496555
0.284924
0.464354
0.858083
0.482756
0.441930
0.922336
0.491833
0.654129
0.770427
0.501466
0.419769
1.085015
0.436526
0.232775
1.066157
0.290711
0.505233
0.205018
1.125050
0.515379
1.026215
0.809084
0.803271
0.641910
0.225533
0.716316
0.498843
0.587060
0.758431
0.458141
0.762771
0.929611
0.888541
0.802786
0.731717
0.783761
0.390938
0.378038
0.929498
0.568063
0.596367
0.776631
0.747856
0.710633
0.554374
0.489431
0.557897
0.733663
0.953445
0.628890
0.854113
0.675462
0.858457
0.840720
0.575341
0.241067
0.484359
1.003976
0.518069
0.493545
0.178550
0.288021
0.532697
0.882382
0.726891
0.591354
0.311326
1.025501
0.945604
0.624925
0.823044
0.437377
0.269292
0.383566
1.025766
0.376430
0.571800
0.990953
0.909889
1.063549
0.792496
0.396551
0.664807
0.539460
1.260277
1.071053
0.820546
0.720149
0.508906
0.280187
0.537963
1.013487
0.380709
0.579395
0.591126
0.469427
0.686535
0.778797
0.737960
0.758944
0.470884
0.611145
0.580485
0.698455
0.902591
0.677600
0.339463
0.747137
0.488715
0.637432
0.387342
0.205895
0.446012
0.797844
0.089854
1.126945
0.393269
0.500127
1.020304
1.464323
0.790941
0.406334
1.762512
0.799977
0.542765
0.423276
0.508909
0.386188
0.266384
0.450562
0.641021
0.957911
0.326213
0.616139
0.464000
0.830277
0.765047
0.785880
0.699094
1.335538
0.427784
1.451161
1.180232
0.893215
0.613642
0.762178
0.356448
0.437915
0.903058
0.673479
0.394686
0.778054
1.103763
0.384035
0.249795
0.564938
1.149104
0.487128
0.767736
0.355025
0.588029
0.957813
0.830254
0.966984
0.770900
1.329056
0.728149
0.685153
1.013142
0.737921
0.412282
0.813733
0.788148
0.535876
0.320510
0.535174
0.501918
0.487967
0.352427
1.057017
0.547589
0.356288
0.545266
0.598484
0.609789
0.983124
1.138358
0.440822
0.707204
0.359178
0.538003
0.504505
0.326545
0.753022
0.870714
0.712657
1.005129
0.605973
0.893485
0.719036
0.660348
0.305778
0.522610
0.883201
0.675761
0.639106
0.536654
0.199396
0.623005
1.260419
0.556102
0.605215
0.549155
1.076097
1.108400
0.946234
0.628321
0.608995
0.309343
0.494587
0.527953
0.734080
0.119408
0.966991
1.017248
0.911928
0.435135
0.681345
0.835720
0.542283
0.656262
0.298068
0.494424
0.391526
0.293733
0.887947
0.604823
0.837954
0.631708
0.576563
0.493967
1.044480
1.061184
0.346050
0.595846
1.223810
0.571053
0.443354
0.836738
0.762108
0.340271
0.427951
0.563153
0.391474
0.453229
0.579384
0.438410
0.595649
0.745677
0.897544
0.232480
0.642626
0.441496
0.269638
0.574805
0.089438
0.424908
0.469156
1.161049
0.681730
0.412918
0.672219
1.246410
0.664047
1.302921
1.141421
0.484222
0.412516
0.940955
0.854831
0.332338
0.759909
1.164261
0.374585
0.725510
0.387250
0.334163
0.393622
0.936816
1.193040
0.389057
1.170879
0.696898
0.586083
0.465560
0.312069
0.576783
0.624122
0.454980
0.612815
0.581825
0.293716
0.571329
0.145445
0.243258
0.757109
1.135049
0.854663
0.581253
0.229374
0.367729
0.261541
0.970324
0.543750
0.407079
0.451310
1.412533
0.565239
0.522153
0.198157
0.428709
0.521586
0.770334
0.491447
0.805006
0.935765
0.714520
0.650674
0.513709
0.484709
0.546316
0.307712
0.486238
0.639668
0.522358
0.874703
0.363631
0.556931
0.796024
0.685337
0.575057
0.179579
0.666274
0.622444
0.414177
0.801483
0.595581
0.373331
0.506952
0.643694
0.462989
0.685503
0.773167
0.824584
0.591606
0.356485
0.560735
0.391280
0.392752
0.694669
1.214489
0.570552
0.102261
0.691721
0.262671
0.802629
0.270005
0.424962
0.730390
0.391659
0.497947
0.791021
0.428366
0.939339
0.131826
0.391574
1.108768
0.654305
0.327235
0.438830
0.629867
1.168675
1.100494
0.435466
0.674369
0.754046
0.219345
0.596300
0.602807
0.963608
0.523054
0.861096
0.416668
0.335836
0.353623
0.901002
0.728677
0.638891
0.985546
0.493330
0.997940
0.301264
1.384101
0.643121
0.882559
0.768656
0.483003
0.581324
0.147738
0.782856
0.301005
0.501895
0.459998
0.554850
0.403356
0.876000
0.471629
0.373161
0.291617
0.501379
0.329461
0.685561
0.832934
0.674658
1.104759
0.573494
0.650242
0.895878
1.444129
0.704953
0.893453
0.613418
0.722032
1.143125
0.598502
0.254366
0.167470
0.678989
0.601007
0.905597
0.686975
0.637387
0.764471
0.731880
1.100112
0.584509
0.452562
0.394366
1.027403
1.248333
0.964454
0.510272
0.299247
0.314039
0.534092
0.293563
0.657275
0.567659
0.380451
0.642506
1.195218
0.455542
0.209372
0.790185
1.159463
0.593261
0.666627
0.298227
0.481639
0.491961
0.746242
0.752553
0.497867
0.687252
0.682931
1.025153
0.740539
0.652592
0.633056
0.447193
0.591411
0.992422
0.297890
0.731082
0.604833
1.186330
0.791134
0.904873
0.108400
0.438120
0.617522
0.364709
0.617990
0.717322
0.526084
0.630537
0.902766
0.433306
0.507081
1.260225
0.392784
0.768339
0.836352
1.084395
0.631538
0.741856
0.676752
0.908715
0.824517
0.275507
0.798324
0.776102
0.685243
0.716541
0.637597
0.564265
0.185810
0.785529
0.432719
0.910209
0.795882
0.392770
0.745068
1.081799
0.977536
0.825114
0.751372
0.897711
1.157292
0.387483
0.508821
0.529725
0.356903
0.593210
0.823587
0.370937
0.976657
0.951121
1.244346
0.785296
0.534485
0.310437
0.708199
0.700345
0.769800
1.113109
0.445371
0.108029
0.603152
0.502917
0.631233
0.567718
0.658767
0.658875
0.640581
0.878762
1.084316
0.734732
0.408865
0.581712
0.605148
0.913573
0.565777
1.048377
0.684062
0.283239
0.790515
0.520638
0.587908
0.798583
0.141975
0.363663
0.685892
1.054122
0.585092
0.504008
1.067323
0.944355
0.835034
0.419612
0.896987
0.934310
1.104790
0.234228
0.772692
0.741093
0.619641
0.497331
0.434196
0.225032
0.765638
0.487754
0.714815
0.801702
1.131956
0.482075
0.929143
0.907139
0.490652
0.715750
1.151997
0.648286
0.272314
0.843805
0.557953
0.809356
0.237998
0.835472
0.498296
0.574904
0.315251
0.100020
0.516733
1.091213
0.586914
0.504249
0.482700
0.619449
0.610472
0.605190
0.335763
0.414514
0.383225
0.254326
0.478011
0.583322
0.556482
0.369020
0.473581
0.480759
0.229819
0.468567
0.350342
1.053534
0.687042
0.735616
0.842648
0.772966
1.014210
1.073804
0.454028
0.640912
1.407021
0.701890
0.509233
0.210334
1.052550
0.604146
1.100694
0.412852
1.150462
0.431286
1.099920
0.593668
0.504878
0.518507
0.451016
0.647275
0.184092
0.995956
0.676094
0.494061
0.425627
1.119251
0.361117
0.518813
0.871619
0.926146
0.797294
0.555771
0.371969
0.856439
0.325014
0.394876
0.653780
0.585107
0.481291
0.666165
0.441867
0.496124
0.663332
1.148934
0.568060
0.599930
0.476025
1.448515
1.047775
0.532813
0.431969
1.181718
1.035385
1.167902
0.462132
0.386541
0.724634
0.482338
0.423828
0.733253
1.041132
0.656843
0.884957
0.898062
0.876504
0.923792
0.561409
0.487748
1.021749
0.502396
0.307399
0.316178
1.140708
0.463178
0.824752
0.898701
0.751174
0.828768
0.514282
0.855803
0.661514
0.435916
0.402085
0.663172
0.844566
0.554678
0.243004
0.986126
0.308946
0.420700
0.500408
0.661770
0.731664
0.799397
0.436818
0.575385
0.928605
0.323716
0.422727
0.306844
0.397489
0.527910
0.298961
0.834719
0.364826
0.825811
0.289286
0.241872
0.445855
0.716557
0.514905
0.600068
0.288846
0.601324
0.929788
0.762189
0.197068
0.908770
0.718840
0.283260
0.468615
0.731930
0.733259
0.914353
0.794771
0.414845
0.777586
0.948818
0.714699
0.929719
0.439347
0.822620
0.487083
0.320332
0.391671
0.722779
0.597712
1.319421
0.714926
1.082678
1.359552
0.765774
0.746152
0.657142
0.603984
0.464467
0.491855
0.974373
0.496133
0.510547
1.070417
0.641345
0.191944
0.582951
0.547991
0.703027
0.761222
1.045837
0.628369
0.432965
0.758133
0.587042
0.491067
0.587830
0.984178
0.573099
0.648172
1.196438
0.686030
0.403673
0.564590
0.793732
0.920426
0.670121
0.405202
0.525669
0.536908
1.077286
0.703687
0.779257
0.575944
0.310561
0.114979
0.936503
0.370058
0.408467
0.489428
0.361301
0.852342
0.636021
1.068351
0.590523
0.259685
0.811453
0.361608
0.483708
0.412825
1.185617
0.940791
0.737746
0.922112
1.054551
1.270283
0.807299
0.327740
0.391453
0.522487
0.570378
0.456999
0.880195
0.501568
1.070049
0.952902
0.885654
0.221367
0.540393
0.566174
0.421891
0.399306
0.809737
0.455535
0.921562
0.529923
0.301232
0.647800
0.887783
0.734235
0.248084
0.538894
0.757474
0.523203
0.652804
0.455060
0.382064
0.617706
0.367896
0.853075
0.462905
0.462523
0.121977
0.131208
0.864644
0.452257
0.501539
0.481001
0.651950
1.081695
0.365584
0.490452
0.617837
0.639178
0.725130
0.213121
0.815913
0.677395
0.376077
0.493788
0.734306
0.914018
0.540038
0.323657
0.597778
0.464942
0.649600
0.377757
0.675749
0.606101
0.728093
0.423805
0.261383
0.675235
0.963184
0.765724
0.572253
0.474738
0.754339
0.495168
0.338531
0.484198
0.523488
0.543954
0.714420
0.466077
0.305849
0.399309
0.455714
0.206251
0.456250
0.957044
0.897376
0.487531
0.883824
1.111828
0.564755
0.807815
0.860340
0.280272
0.727535
0.562306
0.540440
1.048189
0.105942
1.305396
0.359944
1.117469
0.279258
0.430898
0.661940
0.467909
0.830703
0.788312
0.640811
0.706032
0.962620
0.493205
0.595023
0.252745
1.480617
0.395036
0.806553
0.268017
0.346207
0.601632
0.180940
0.580934
0.804252
0.590729
0.638857
0.656647
0.257573
0.344993
0.669304
1.127537
0.434067
0.886770
0.868355
1.110210
0.736271
0.553966
1.305395
0.506673
0.668144
0.707432
0.629713
0.700905
0.690972
0.785843
0.587387
0.812143
0.770469
0.397588
0.591159
0.369332
1.547522
0.201434
0.480667
0.538989
0.713845
0.392560
0.746509
0.441537
0.350454
0.988420
0.630578
1.008177
0.533943
0.493527
0.399565
0.884700
1.024002
0.689816
0.394993
0.663926
0.638491
1.023197
0.669270
0.710774
0.739564
0.419338
0.416664
0.431029
0.393924
0.770355
0.444409
0.691329
0.531438
0.655533
0.638428
0.656773
0.862425
0.457127
0.490322
0.789460
0.456402
0.423326
0.667824
0.577805
0.552968
0.463002
1.026938
0.503661
0.694117
1.034011
0.413763
0.763442
0.760381
0.788509
0.481267
1.596320
0.172907
0.586829
0.321546
0.251610
0.522790
0.744884
1.168789
0.713685
0.240332
0.446634
0.162797
0.599558
0.525436
0.655281
1.009407
0.353316
1.184649
0.912913
0.414736
0.391413
0.223668
0.496731
0.460897
0.486884
1.251287
0.837705
0.331425
0.887341
0.694026
0.836463
0.524896
0.584379
0.370265
0.355626
0.522255
0.485310
1.064212
0.687720
0.714128
0.332906
0.751582
1.102648
0.108753
0.974707
0.722337
0.396594
0.403578
0.639475
0.276438
0.805071
0.632141
0.735920
0.286567
0.514987
0.318782
0.887958
0.772980
0.478340
0.568768
0.331310
1.098815
1.052399
0.725372
0.246640
0.863312
0.905743
0.285392
0.271040
0.344520
0.536427
0.352889
0.418564
0.754828
0.580542
0.755293
0.552400
0.515706
1.454511
0.156511
0.931902
0.476609
0.452581
0.513124
0.637960
0.478418
0.630613
0.878306
0.613527
0.655347
0.822104
0.488602
0.128315
0.476492
1.119061
0.453389
0.972270
0.716210
1.007578
0.413953
0.443187
0.600654
0.519160
0.507348
0.200460
1.000788
0.497892
0.876476
0.366319
0.713774
0.306112
0.367269
0.833360
0.246664
0.368750
0.268434
0.489098
0.794705
0.544607
0.654423
0.135292
0.435509
1.099117
0.727511
1.263268
0.367922
0.830906
0.687092
0.907534
0.891035
0.197677
0.906761
0.427717
0.778498
0.592829
0.651894
0.848148
0.673041
0.827671
0.472332
0.336576
0.608055
0.706086
0.493510
0.912843
0.712784
0.372083
0.692723
0.451667
0.706660
0.922558
0.800994
0.764839
0.800534
0.395598
0.598869
0.656267
0.288368
0.929162
0.380175
0.557356
0.908070
0.721126
0.777957
0.649450
0.414805
0.594515
0.137089
1.203684
0.336920
0.717221
0.934700
0.653344
1.211686
0.229648
1.019047
0.483889
0.928510
0.504925
0.646832
0.875174
1.044846
0.653091
0.306693
0.848892
0.457742
0.851713
0.726500
0.522685
1.030470
0.544176
0.904480
0.473839
0.786203
0.809081
0.433342
0.736126
0.571798
0.301177
0.845303
0.205096
0.254043
0.567264
0.541848
0.263738
0.377650
0.682776
0.811014
0.540121
0.304745
0.835142
0.769557
0.507928
0.468948
0.732504
0.805571
0.536524
0.452601
0.475586
0.563907
0.677891
0.514819
0.826334
0.167114
0.346542
0.461567
0.055251
0.461409
0.794086
0.524240
0.669834
0.215259
0.502219
0.868345
0.449104
1.023595
0.712255
0.625716
0.820968
0.484015
0.552514
0.372821
0.453543
0.616673
0.757626
0.083846
1.104281
0.734159
0.715749
0.800018
0.526003
0.199281
0.664810
0.264956
0.557060
0.484265
0.520533
1.049648
0.252475
0.590288
0.620892
0.855626
0.584018
0.936374
0.761917
0.788949
0.472329
0.828112
1.053801
0.266843
0.810270
0.671143
0.622331
0.849538
0.564927
0.450983
0.759060
0.847202
0.180529
0.355765
0.654352
0.456398
0.378159
0.396235
0.424353
0.509811
0.768594
0.856053
0.748385
0.520897
0.625461
0.670871
0.901172
0.341084
0.239257
0.451521
0.461827
0.687251
0.520788
0.381128
0.683244
0.460006
0.842805
1.018463
0.614707
0.799044
1.010752
1.009623
0.747968
0.509231
0.427413
0.350668
0.463884
0.200414
0.256059
0.482659
0.526286
0.516398
0.520343
0.473400
0.952624
0.649252
1.336621
0.518178
0.237423
1.150253
0.840888
0.663784
0.551426
0.503297
0.163285
0.769280
0.172441
0.471577
0.360134
0.310760
0.669706
0.985741
0.496433
0.551140
0.551190
0.506368
0.991427
0.165779
0.682174
0.664729
0.480185
0.658864
0.462933
0.650093
0.530579
0.872940
0.191393
0.603460
0.225000
0.944540
0.250406
0.798744
1.032728
1.038422
0.833677
0.842560
0.416753
0.274707
0.678080
0.743156
0.517678
0.514174
0.532238
0.372732
0.423217
0.799450
0.414899
0.160632
0.661942
0.317236
0.895402
1.067241
0.650374
0.515938
0.157973
0.981261
0.969409
1.166979
0.613677
0.568758
0.662379
0.298926
0.476194
0.685844
0.755255
0.673098
0.143140
1.113125
0.646033
0.222771
0.475827
0.574097
0.537863
0.199623
0.670684
0.628879
0.495007
0.596998
0.523922
0.301069
0.232160
0.557285
0.417863
0.504705
0.742674
0.700532
0.367792
0.818500
0.482692
0.141879
0.490640
0.134805
0.935697
0.288308
0.660530
0.431445
0.467816
0.701233
0.752975
0.445477
0.309029
1.155810
0.795624
0.539245
0.844760
0.405551
0.597037
0.458952
0.554897
0.692479
0.466509
0.579807
0.565902
0.466200
0.573478
1.079070
0.759816
0.452895
0.725820
0.352206
0.324825
0.408330
0.273884
0.372268
0.623178
0.632178
0.653413
0.948386
0.811732
0.215338
0.513405
0.585931
0.490068
0.848758
0.273165
0.349765
0.268226
0.137469
0.302013
0.697566
0.595191
0.851628
0.476341
0.718321
0.481293
0.767245
0.646347
0.613138
0.415529
0.361232
0.232985
0.383514
0.372205
0.729146
0.567633
0.629005
0.706501
0.619509
0.466117
1.152623
0.473177
0.671338
0.239655
0.575295
1.194977
0.677909
0.840161
0.654894
0.888111
0.559562
0.530136
1.034649
0.847759
0.746055
0.620698
0.704024
0.463456
1.193464
0.816803
0.485983
0.508411
0.430397
1.293461
0.760947
0.622792
0.338533
1.168780
0.972093
0.581442
0.696317
0.429373
0.284321
0.605458
0.637756
0.290751
0.734224
0.666170
0.668554
0.453325
0.396276
0.453874
0.522202
0.606835
0.568586
0.975210
0.389011
0.475278
0.505321
0.540344
1.145522
0.409158
0.296032
0.624797
0.804737
0.305576
0.347004
0.254074
0.595066
0.744311
0.818044
0.254425
1.065502
0.686439
1.318906
0.588418
0.941412
1.217305
0.534017
0.510587
0.491094
0.623749
0.804590
0.928713
0.795252
0.697918
0.753104
0.700394
0.782737
0.191951
0.604164
0.540730
0.724913
0.697525
0.709010
0.207908
0.990115
0.338736
0.965789
0.277513
0.668470
0.553847
0.470651
1.074821
0.852852
0.733324
0.249805
0.555499
0.570047
0.672437
0.901135
0.720046
0.336489
0.464897
0.511059
0.500615
0.782190
0.832069
0.770255
0.517287
0.298760
0.400303
0.585913
1.103282
0.242876
0.922986
0.585227
0.522734
1.028361
0.743344
0.926939
0.629468
1.285757
0.539551
0.597470
0.539297
0.620997
0.841242
0.452891
0.958106
0.385443
0.440329
1.183355
0.593541
0.779601
0.934375
0.454640
0.338124
0.899780
0.822507
0.891641
0.434328
0.649747
0.832218
0.211953
1.613073
0.508215
0.462763
1.099768
0.257309
0.824043
1.042391
0.440926
0.361184
0.468038
0.757703
0.482547
0.589968
0.332243
0.777346
0.874372
0.456124
0.279936
0.887353
0.927502
0.527980
0.622965
0.497316
0.786157
0.803875
0.844245
0.708592
0.923623
0.171289
0.864596
0.487742
0.448021
0.669076
1.357272
0.249090
0.287990
0.644731
0.403495
0.656583
0.468273
0.580821
0.928036
0.621424
0.436144
0.707721
0.611734
0.607322
0.284599
0.784109
0.881865
0.574992
0.437322
0.604150
0.841162
0.984958
0.804032
0.515206
0.565744
0.370599
0.503726
0.869828
0.347381
0.784767
0.640285
0.583662
0.739849
0.713221
0.422148
1.053459
1.190407
0.775971
0.491711
0.681781
0.394999
0.551173
0.198814
0.295652
0.275283
0.444483
0.669748
0.705684
0.504921
0.762420
0.194453
0.856547
0.957721
0.400236
1.342885
0.601184
0.493008
0.480452
0.379377
0.567131
0.779790
0.603033
0.355724
0.394501
0.331261
0.746815
0.510723
0.500180
1.258169
0.418382
0.796444
0.772415
0.827957
0.449129
0.483452
0.482077
0.778521
0.394977
0.782520
0.770904
0.796345
0.288208
0.600620
0.849710
0.938253
0.382979
0.497613
0.756555
0.597496
0.390369
0.403735
0.895936
0.603728
0.171310
0.579823
0.346834
0.760300
0.526679
0.426841
0.489072
1.206109
0.777413
0.058906
0.619031
0.623648
0.695719
0.511803
0.228919
0.168025
1.069638
0.768830
1.027103
0.685505
0.197372
0.427246
0.421490
0.695127
0.642454
0.840897
0.388720
0.672776
0.855225
0.891959
0.727496
0.554386
0.700615
1.122805
0.635640
0.497764
0.626278
0.843147
0.239002
0.560318
0.737905
0.388718
0.266518
0.555185
0.472721
0.483619
0.539952
0.720589
0.406422
0.927440
1.144082
1.212083
0.702885
1.155265
0.828399
1.033661
0.699110
0.490195
0.794827
0.390071
1.012239
0.714040
1.308251
0.842611
0.779650
0.625231
0.728206
0.507229
0.907915
0.186007
0.969321
1.016289
0.448144
0.440482
0.654303
1.136692
0.478057
0.775802
1.044990
0.652856
0.677892
0.646420
0.586242
0.451765
0.125868
0.307847
1.321665
0.998946
0.866559
0.704453
0.842867
1.110295
0.211871
0.729160
1.183424
0.732470
0.535817
0.597886
0.070272
0.505017
1.147577
0.732514
0.800937
0.665188
0.326158
0.204156
0.576185
0.373458
0.903096
0.882804
0.906623
0.457859
0.849390
1.039981
0.779874
0.611880
0.479474
0.965750
0.960943
1.303174
1.200381
0.552504
1.009028
0.287068
0.205245
0.923457
0.326092
0.745106
0.949425
0.593682
0.373277
0.578781
0.266391
0.704399
0.622632
0.595972
0.778698
0.744397
0.502035
1.092559
0.445799
0.266491
0.632014
0.982005
0.396151
0.845004
0.300918
0.518734
0.627001
0.932120
0.372980
0.206523
0.463869
0.304285
0.521364
0.470986
1.015616
0.730545
0.430107
0.737034
0.635163
0.483483
0.679495
0.106083
0.143452
0.431082
0.482824
0.669889
1.044335
0.608739
0.300204
1.056942
1.030965
0.914297
0.706333
0.815483
0.655218
1.014067
0.660876
1.039506
0.736021
0.220165
0.890154
0.548360
0.466379
0.579006
0.604179
0.344029
0.836370
0.349715
0.904814
0.570375
0.356796
0.582858
0.321936
0.458265
0.807357
0.978052
0.759298
0.777167
0.293104
0.699578
1.060937
0.315618
0.363886
0.741735
0.575922
0.715095
0.541878
0.819900
0.542736
0.179761
1.284713
0.677160
0.855922
0.908110
1.168830
0.725030
0.659916
0.383545
0.411760
0.371956
0.759949
0.315373
0.127751
0.639510
0.636799
0.815033
1.239821
0.624294
0.707897
0.710341
0.305259
0.636040
1.033510
0.771323
0.710877
0.669814
0.740873
0.756215
0.624118
0.904020
0.144197
0.499568
0.147877
0.506734
0.393483
0.729769
0.499116
0.365722
1.150015
0.294645
1.005472
0.733757
0.437416
0.698971
1.361859
0.931902
0.972941
0.436927
0.498437
0.386851
0.596826
0.452608
0.634501
0.441200
0.409494
0.895075
0.461131
0.863950
0.628177
0.511669
0.661734
0.722242
1.116846
0.850379
0.586419
0.422132
0.690620
0.960794
0.597855
0.761493
0.449810
0.617106
0.856970
0.194824
0.663506
0.336360
0.744614
0.207956
0.768911
0.412668
0.342273
0.457234
1.243921
0.373593
0.542071
0.503015
0.936103
0.633830
1.089086
0.709717
0.750076
0.882529
0.557675
0.474929
0.907534
0.162632
0.506540
0.457384
0.425060
0.375938
0.418654
0.690631
0.977713
0.687511
0.726927
0.458840
0.848619
0.565095
0.680527
0.581245
0.798267
0.889719
0.685012
0.905663
0.744714
0.282937
0.338166
0.384025
0.790394
0.545389
0.379784
0.667508
1.133300
0.542895
1.574277
0.610608
0.622046
0.558771
0.774175
1.301141
1.005093
0.717799
0.609541
0.885873
0.804375
0.971329
1.146237
0.865055
0.547831
0.447362
0.445877
0.656944
0.954987
0.628452
0.405124
1.208901
0.542620
0.658525
0.907528
0.168947
0.810198
0.710316
0.741252
0.695807
0.739238
0.317194
0.476115
0.366682
0.458761
0.811766
0.939352
0.391525
1.232245
0.521099
0.549777
0.319626
0.531187
0.497078
0.539577
1.493100
0.731171
0.638548
1.018401
0.896607
0.978061
0.351425
0.703226
0.786634
0.851713
0.302457
1.243864
0.971511
0.659527
0.587920
0.548535
0.441389
0.704808
0.443043
0.526576
0.607643
0.477781
0.458678
0.431373
0.550332
0.970028
0.673293
0.403589
0.314759
0.639564
0.800846
0.810539
0.195387
1.229641
0.761129
0.780364
1.062031
0.696036
1.392325
0.284878
0.748678
1.160125
0.956025
0.443013
0.743343
0.375030
0.736831
0.299601
0.553123
0.317660
0.854176
0.973285
0.818264
0.207183
0.290125
0.827650
0.362340
1.023045
0.274663
0.331652
0.884006
0.663237
0.548972
0.431890
0.877158
1.390825
0.503699
0.631561
0.869431
0.585154
0.538379
0.713761
0.696375
0.752502
0.700540
0.835765
0.283874
0.906404
0.121600
0.711573
0.559119
0.509609
1.056118
0.572155
0.451413
0.493750
0.161522
0.815534
0.793240
0.816265
0.661452
0.877737
0.687683
0.638199
0.330468
0.843157
1.136589
0.560833
0.238796
0.795171
0.723261
0.821677
0.632095
1.254880
0.419594
0.582783
1.001914
0.691285
0.739158
0.462922
0.529797
0.314744
0.619691
1.057370
0.967183
0.875178
0.663946
0.457360
0.711569
1.017476
0.306518
0.669895
0.658232
1.102266
0.488108
0.539836
0.182147
0.453349
0.743610
0.601575
0.472133
0.574677
0.822581
0.913931
0.597775
0.572723
1.265315
1.254820
1.155548
0.914899
0.842119
1.035016
0.710853
0.615340
0.693568
0.703127
0.557974
0.929583
0.644858
0.227344
0.610917
0.366297
0.774325
0.573342
0.268293
0.440254
0.730889
0.765485
0.618037
0.338817
0.654904
0.896651
0.717863
0.923314
0.854804
0.579865
0.727359
0.868126
0.563333
0.880993
0.364690
0.698477
0.897237
0.591736
0.887765
0.622870
0.886896
0.676142
0.596815
0.992480
0.549444
0.858635
0.505354
0.152653
0.736474
0.849204
0.608172
1.118535
0.347386
0.859512
0.935967
0.604597
0.718476
0.942896
0.860570
0.679563
0.680739
0.779960
0.470183
0.395451
0.311388
0.931206
0.705967
0.257261
0.488130
0.745584
0.462373
0.987668
0.451231
0.085089
0.821427
0.536315
0.970513
0.265959
0.670058
0.402656
0.950969
0.192084
0.459273
0.508547
0.412963
0.518246
0.198619
0.370521
0.201717
0.434693
0.350578
0.581497
0.486268
0.693958
0.882358
0.520489
0.976652
0.812115
0.235600
0.627655
0.582869
0.626796
0.339308
0.483571
0.828022
0.694776
0.532852
0.716390
0.386713
0.917651
0.711704
0.657960
0.630862
0.675568
0.509091
0.907318
1.275532
0.657038
0.797517
0.386762
0.950759
0.842849
1.172510
0.448490
0.214690
0.705941
0.397261
0.754627
0.928482
0.455763
0.709975
0.261783
0.812917
0.551264
0.638026
0.790267
0.918727
0.407307
1.188488
0.494031
0.596036
0.082743
0.752006
1.012756
0.928614
0.898154
0.697435
0.951412
0.808422
0.808595
0.330709
0.975198
1.163715
0.436001
0.822147
0.724184
0.956040
0.532427
0.205992
0.424460
1.011903
0.456014
0.843481
0.715463
0.722657
0.979272
0.767998
0.288233
0.614058
0.562784
0.551495
1.096486
0.970404
0.374356
0.757157
0.312076
0.801648
0.692091
1.078653
0.720256
0.372309
0.503514
0.676369
0.491681
0.852713
0.351213
0.520218
0.680274
0.643907
0.816691
1.336356
0.415465
0.519462
0.723460
0.491455
0.739613
0.284461
0.869231
0.460013
0.540658
0.717041
0.471079
0.567808
0.605183
0.311132
0.511739
0.366902
0.360419
0.113337
0.821508
0.553858
0.902631
0.550810
0.459575
0.619914
0.765808
0.405044
0.673507
0.576427
0.643486
0.199112
0.586436
0.533473
1.291333
0.621645
1.274365
0.963289
0.890701
0.412056
0.204282
0.975460
0.848754
0.544364
0.802146
0.508556
0.366875
0.422390
0.700757
0.304974
0.690851
1.039843
0.567251
0.448895
0.826461
0.994653
0.836464
0.231639
1.104521
0.221020
0.494868
0.400056
0.570833
0.787081
0.602819
0.501308
0.210092
0.339763
0.941492
0.522141
0.778935
0.923469
0.689513
0.867337
0.337739
0.778818
0.885704
0.374334
0.663327
0.704821
0.713719
0.976762
1.069473
0.220825
0.713503
0.405671
0.562257
0.654400
0.238659
0.847987
0.937309
0.492898
0.690121
0.201961
0.670377
0.409607
0.125235
0.802922
0.507855
0.400711
0.355011
1.090562
0.367004
0.453489
1.127671
0.869977
0.655861
0.439543
0.589152
0.655916
0.427344
1.127545
0.331554
0.586584
0.542827
0.359383
0.125787
0.677246
0.996341
0.392969
0.687413
0.956000
0.609553
0.924560
0.605755
0.593743
0.677971
1.204527
0.056816
1.389569
0.909303
0.654138
0.461090
0.598537
0.441428
1.012756
0.183152
0.570505
0.980986
1.008910
0.169118
1.046076
0.459988
0.482023
0.540697
0.693389
0.383003
0.383881
0.577529
0.615346
1.168856
1.120134
0.411515
0.876283
0.929879
0.404820
0.478178
0.742391
0.963507
0.520705
0.715289
0.891390
1.089971
0.642605
0.918009
0.311375
0.674017
0.631447
0.620608
0.778203
0.287385
1.261926
0.489731
0.871446
0.943711
0.538717
0.681618
0.560570
0.637314
0.354129
0.667372
0.234960
1.107347
0.840929
0.711428
0.624734
0.907001
0.852858
0.805368
0.306814
1.179676
0.884218
0.565493
0.409848
1.105842
0.474358
0.747898
0.809506
1.201278
0.618890
0.698031
0.940051
0.776606
0.453862
0.731267
0.825201
0.452419
1.164834
0.906504
0.681362
0.531192
0.831631
0.368563
0.236669
0.659229
0.257595
0.734208
0.937642
0.257028
0.647003
0.198903
0.633945
0.948518
0.780973
0.849362
0.630442
0.612929
0.559768
0.362335
0.632600
0.911530
0.856653
0.363938
0.099591
0.889267
0.321904
0.526300
0.672737
1.395629
0.365538
0.681361
0.703444
0.667495
0.448326
1.481372
0.658927
0.986815
0.470943
0.954340
0.847224
0.640343
0.581962
0.426822
0.547816
0.634924
0.886611
0.574028
0.751885
0.847997
0.552842
0.435612
0.672491
0.543105
0.917105
0.943092
0.462574
0.655117
0.825141
0.631949
0.925331
0.982536
0.348398
0.822988
0.724254
0.511449
0.532984
0.512924
1.066883
0.342068
0.950045
0.381079
1.030937
0.595406
0.402880
0.774317
0.362313
0.475088
0.496021
0.819195
0.666602
0.978707
0.548134
0.639461
0.421224
0.768210
0.373899
1.448321
0.533344
0.208365
0.819385
0.736791
0.334699
1.019872
0.779114
0.850645
0.533082
0.241695
0.568374
0.621527
0.709419
0.643834
0.571722
0.605309
0.905386
0.368607
0.326279
0.582455
0.573584
0.238651
0.963254
0.613278
0.114491
0.724864
0.674067
0.759948
1.111347
0.339898
0.409018
0.795627
0.648475
0.352485
0.389746
0.397241
1.103990
0.693979
0.437674
0.685922
0.600454
0.651932
0.646785
0.687031
0.479803
0.762273
0.348369
0.578908
0.858449
0.501089
0.553840
0.461953
0.326157
0.829471
1.167897
0.315037
0.671125
0.606470
1.015243
1.162574
0.131362
0.487501
0.816865
0.898311
0.822853
0.522350
0.472998
0.308288
0.798465
0.611732
0.911421
0.598393
0.539077
1.061087
0.482171
0.349472
0.272455
0.916125
0.341779
0.828224
1.092681
1.006036
0.562353
0.149291
0.885440
0.368507
0.542142
0.281480
0.415336
0.818045
0.803121
1.068671
1.032010
0.256277
0.650966
0.450641
0.359719
0.467740
0.542205
0.332935
0.467773
0.642051
0.914373
0.748146
0.784954
0.757687
1.291501
0.599884
1.148883
0.633356
0.530978
0.693369
0.891963
0.618530
1.327740
0.324154
0.620682
0.496324
0.554934
0.278079
0.869397
0.791004
0.623599
0.909004
0.448480
1.044205
0.506268
0.488058
0.628430
0.331073
0.352688
0.681575
0.606641
0.476891
0.741836
1.036279
0.413677
0.631664
0.779732
0.610917
0.397846
0.722539
0.453268
0.735585
0.838710
0.613367
0.515304
0.765308
0.362484
0.447158
0.917641
0.995101
1.575508
0.596201
0.344193
0.330499
0.826794
0.753241
0.699208
0.502886
1.159652
0.596725
0.495192
0.697705
0.806499
0.725222
1.069390
1.033417
1.200125
0.466946
0.830734
0.515654
1.323637
0.396939
0.321479
0.560003
0.734056
0.519919
0.733084
0.928493
0.647112
0.526967
0.474937
0.909374
0.587857
0.079035
0.546011
0.321910
1.234577
0.501239
0.942532
0.892152
0.348456
0.369978
0.154211
0.341149
0.767591
0.555606
0.641440
0.472912
0.902171
0.775143
0.923394
0.219376
1.002472
0.949979
0.659166
0.405014
0.417709
0.512175
0.324588
0.574734
0.914887
1.024846
0.941906
0.609264
0.667705
0.487611
0.753800
0.160795
0.803237
0.612739
0.363274
0.428785
0.890991
0.497561
0.788685
0.390070
0.352882
0.179890
0.965072
0.852549
0.688539
0.315979
0.964266
0.784723
0.799847
0.773117
0.394597
1.045060
0.527391
0.462662
0.277232
0.866049
0.428562
0.919181
0.556422
0.524397
0.788252
0.368639
1.197273
1.052146
0.544781
0.243769
0.601948
0.430106
0.981292
0.712492
1.072673
0.358344
0.850921
0.873153
0.436559
0.325368
0.838590
0.649825
0.587362
0.734533
0.471849
0.529341
0.448525
0.354521
0.602306
1.170488
0.302911
0.665796
0.340861
0.716520
0.600030
0.674072
0.954025
0.528186
0.699185
0.455886
0.442861
0.069963
0.451003
0.265836
0.271990
0.736792
1.086743
0.392328
0.732896
0.498868
0.615152
0.479122
0.920537
0.333324
0.534434
0.732736
0.625969
0.834569
0.907933
0.895223
0.697758
1.118467
1.019686
0.867586
0.629225
0.432927
0.332936
0.595908
0.508351
0.443913
1.340634
0.358868
0.645243
0.136805
0.258526
0.721358
0.575344
0.725279
0.731033
0.919821
0.901111
0.691752
0.775141
0.832614
0.703214
0.294922
0.902223
0.509897
0.600128
0.401139
0.504895
0.557264
1.185293
0.647344
0.927141
0.710948
0.752779
0.793747
0.641864
0.899939
0.880398
0.758144
0.498485
0.225426
0.749978
0.675929
1.004416
0.476116
0.628746
0.648515
0.312660
0.758087
0.709972
0.651583
0.581223
0.787732
0.803030
0.395524
0.586064
0.828190
0.782568
0.713269
0.732129
0.956676
0.294484
0.301088
0.603840
0.714737
0.412267
1.173593
0.569739
0.973091
0.357513
0.773790
0.519430
0.827139
0.912507
0.702905
0.301577
0.582715
0.412419
1.567968
0.798182
0.520399
0.342690
0.494907
0.512722
1.066082
0.228524
0.566821
0.385055
0.921463
0.911485
0.353516
0.567281
0.745929
0.531502
0.648080
0.722555
0.478203
0.440141
0.404527
0.713744
1.115575
0.290899
0.452528
1.142144
0.604770
0.698544
0.764210
1.017970
0.688704
0.794939
0.786470
0.692281
0.316451
1.520453
0.383944
0.513487
0.625533
0.703003
0.737461
0.378198
0.604591
0.194952
0.434891
0.212211
0.238638
0.602698
0.318910
1.142849
0.399448
0.435712
0.514553
0.670717
1.328001
0.304501
0.721118
0.420686
0.585298
0.352211
1.207670
0.774379
0.496012
0.324089
0.582452
0.703470
0.648729
0.425232
0.635138
0.603861
0.643677
0.752587
0.843467
0.427765
1.013723
0.615196
0.337025
0.623471
0.877765
1.408634
0.330034
0.604852
0.282468
0.426497
0.747989
0.675050
0.644011
1.185541
0.761605
0.953424
1.191887
0.546445
0.820555
0.713427
0.791153
0.555681
1.530483
0.980528
0.701194
0.475017
0.434019
0.865167
0.750585
0.620325
0.793822
0.601974
0.839525
0.693222
0.362558
0.426451
1.612405
0.287446
0.341822
0.734133
0.418791
0.512543
1.478647
0.968351
0.497215
0.767161
0.702089
0.520648
0.926552
0.713364
0.586508
0.462078
0.502994
0.355928
0.404031
0.247458
0.709149
0.704956
0.134694
0.684822
1.060821
0.667928
0.351862
0.715547
0.225709
1.041720
1.038181
0.870599
0.304071
0.601015
1.017576
0.513555
0.145278
0.275242
0.720958
0.856716
0.657910
0.602687
0.849463
0.762972
0.839908
0.715696
0.816491
1.032919
0.306010
0.453547
0.676283
0.721332
0.398257
0.100736
0.728235
0.348133
0.436716
0.581301
0.193534
0.515492
1.228560
0.819157
0.303788
0.627116
0.457986
0.718216
0.624499
0.475891
0.599607
0.695972
0.779689
0.751221
0.939451
0.716472
0.368041
0.884834
0.474639
0.187805
0.301904
0.793659
0.558295
1.019307
0.720507
0.900621
0.261187
0.720127
0.817202
0.952754
0.773859
0.572032
0.652681
0.930981
0.657913
1.407910
0.522861
0.953459
0.561772
1.151353
0.397041
0.745953
0.337690
0.493514
0.621055
0.636505
0.374956
0.300903
0.507057
0.606532
0.484136
1.093939
0.826970
0.705961
0.200535
0.307195
0.679300
0.989514
0.411918
0.389723
1.500616
0.388339
1.036286
0.757603
0.812316
0.264299
0.485252
0.987092
0.754452
0.738825
0.657437
0.651262
0.380239
0.429465
0.501276
0.386325
1.063758
1.037055
0.875187
0.587474
0.590277
0.665911
0.627713
0.723241
0.955486
0.537484
0.708237
0.755827
0.203323
0.255628
0.678721
0.544250
0.594239
0.787402
0.417981
0.972012
0.384811
0.508584
0.395200
0.273233
0.795066
0.600032
0.310843
0.325461
0.185899
0.423581
0.463855
0.522568
1.408972
0.703661
0.709115
0.239955
0.877055
1.037895
0.275926
0.336500
0.507666
0.164889
0.398993
0.824937
0.229443
0.773841
0.887439
0.534524
0.903761
0.717939
0.364982
0.365011
0.464948
0.715836
0.581472
0.681058
0.590460
0.299078
0.647855
0.804593
0.423613
0.974381
0.310735
0.675580
0.880535
0.905341
1.092861
0.255384
0.707177
0.501517
0.656024
0.392354
0.685575
0.478682
1.029635
0.345313
1.067210
0.519835
0.751178
0.479325
0.325818
0.221509
0.635008
0.174646
0.364120
0.494142
0.726267
0.570717
0.864062
0.868352
0.560294
0.730713
0.457032
0.531725
0.202673
0.619273
0.610954
0.374988
0.452065
0.180811
0.457973
0.866829
0.319057
0.530647
0.610658
0.702588
0.681230
0.813280
0.731726
0.168137
0.349211
0.418066
0.458447
0.801937
0.719678
0.581013
0.834520
0.280785
0.534954
0.222241
1.114784
0.349628
0.431809
0.515739
0.868912
0.561452
0.312036
1.055767
0.351121
0.677625
0.622300
0.450631
0.296113
0.727007
0.645214
0.515311
0.376713
0.623163
0.383809
0.543000
0.738154
1.281487
0.364245
0.300060
0.945334
0.870302
1.454279
0.789194
0.690266
0.369828
0.454901
0.487585
0.857799
0.736010
1.033384
0.520961
0.565285
0.351449
1.218616
0.245588
0.814233
0.219251
0.172556
0.997071
0.529375
0.745324
0.486793
0.169198
0.261760
0.637026
0.386684
0.259787
0.677704
0.720783
0.534024
0.910685
0.405637
0.587685
0.179322
0.510380
0.245292
0.398387
0.849664
0.455593
0.748475
1.017575
0.870607
0.704337
0.410747
0.644587
0.788410
0.912586
0.283433
0.415786
0.815053
0.937386
0.556905
0.344309
0.372353
0.614801
0.679691
0.730843
0.771201
0.865412
0.184071
1.262338
0.417409
1.048783
1.108799
0.445723
0.507163
0.414246
1.084019
0.255796
0.528558
0.658815
0.805136
0.768515
0.561811
0.627593
0.693565
1.216578
0.545857
0.591757
0.862123
0.401784
1.113603
0.375609
1.242245
0.404685
0.600222
0.342154
0.818425
0.415073
0.547075
0.684425
0.706121
0.850067
0.472328
0.159855
0.855141
0.424359
0.798814
0.684727
0.969770
0.811111
0.399782
0.264364
0.228330
0.492267
0.882388
0.471286
0.344823
1.227466
0.673539
0.735771
0.969919
0.856081
0.669921
0.544167
1.146978
0.694750
0.422884
0.691250
0.415541
0.704441
0.680078
0.339718
0.342905
0.328836
0.676965
0.401825
0.378063
0.887215
1.125968
0.642419
0.457962
0.325390
0.375648
0.224185
0.478357
1.281961
0.421407
0.573315
0.634604
0.608170
0.386972
0.294526
0.627433
0.633924
0.749169
0.308068
0.468150
0.394781
0.582254
0.821175
0.476372
0.671578
0.637758
0.558215
0.375636
0.531818
0.550114
0.556623
0.859149
1.167570
0.824308
0.691469
0.205440
0.516890
0.947356
0.520250
0.198731
0.609447
0.928468
0.501525
0.871292
0.501400
1.420869
0.769891
0.525492
1.267493
0.640329
0.860115
0.882154
1.042837
0.653050
0.782158
1.127953
0.162448
0.795492
0.794146
0.316227
0.573365
0.260416
1.159586
0.676866
0.460833
0.274373
0.495139
0.585328
0.991084
0.384318
0.836521
1.372848
0.324454
0.747038
0.565994
0.234964
0.720965
0.711684
0.629641
0.411723
0.505523
0.509586
0.847714
0.558869
0.489669
0.650760
0.209820
0.204119
0.719139
0.518428
0.735407
0.784610
0.322017
0.441237
0.794986
1.288923
0.458026
0.285091
0.356277
0.482290
0.818487
0.499866
1.363718
0.761047
0.508854
0.526688
1.117684
0.596940
0.415374
0.192159
0.825111
0.492734
0.464502
0.637015
0.642054
0.550503
0.393287
0.500204
0.342082
0.433446
0.478000
0.723555
0.763863
0.776874
1.018605
0.377601
1.003112
0.324010
0.861717
0.450715
0.845757
0.298428
0.739899
1.107233
0.425135
0.516298
0.649406
0.392770
0.411882
0.335798
0.982878
0.399736
0.823350
0.700205
0.440110
0.603520
0.451804
0.534282
0.715642
0.568958
0.839741
0.478874
0.881432
0.346041
0.876146
0.681046
0.577152
0.302500
0.835534
0.893276
0.572242
0.424483
1.077896
0.212850
0.422438
1.058899
0.570206
0.288183
0.773152
1.083717
0.979601
1.181584
0.866246
0.670401
0.606284
0.760961
0.730173
0.869481
1.148234
0.519322
0.798726
0.834559
0.699382
0.113408
0.052981
0.215658
0.464017
0.450547
0.967772
0.607694
0.445140
0.399148
0.288900
0.738247
0.682342
1.073751
0.560578
0.809128
0.627799
0.839264
0.368422
0.730876
0.408324
0.677614
0.491676
0.427664
0.993452
0.489695
0.809676
0.751109
0.886651
0.803663
0.659804
0.482596
0.361186
0.216388
0.987756
1.198210
0.662975
0.438064
0.955171
0.903977
0.310276
0.471230
0.637500
1.112036
0.464189
0.694194
0.537561
0.802693
0.514272
0.848500
0.725507
0.586317
0.769265
0.691645
0.927077
0.914533
0.089917
0.895876
0.390806
1.187516
0.793158
0.749300
0.559324
0.597156
0.737283
0.335822
0.756058
0.289752
0.517529
0.905351
0.850488
0.540504
0.405294
0.404434
1.063373
0.469035
0.569662
0.318921
0.664992
0.747676
0.587341
0.620953
1.200302
0.654813
1.353636
0.594686
0.351258
0.486455
0.357431
0.229806
0.406370
0.681020
0.990829
0.211013
0.902613
0.831904
0.559681
0.566913
1.136076
0.868938
0.721646
1.184619
0.657949
0.395463
1.199654
0.698047
0.494454
1.022518
0.439192
0.634117
0.751206
0.237274
0.979527
0.414253
0.720576
0.461264
1.464249
0.310532
0.952475
1.074134
0.528649
0.572783
0.807514
0.615085
0.652081
0.608885
0.494698
0.453273
0.945107
0.436037
0.561947
0.686129
0.268005
0.333073
0.524673
0.405787
0.444955
0.542000
0.722462
0.048922
1.349667
1.061628
0.123255
0.587718
1.051305
0.786499
0.505015
0.732136
0.345319
1.482569
0.384001
1.061320
0.405754
0.476696
0.336654
1.131490
1.027664
1.026058
0.356746
1.044823
0.602036
0.805810
0.514208
0.581901
0.747450
0.862503
0.394923
0.566663
1.130678
0.520469
0.799726
0.608986
0.510727
0.473119
0.830900
0.695368
0.516951
0.532245
0.875652
0.792525
0.529471
0.680399
0.753000
0.962656
1.185348
0.631578
0.351266
0.651846
0.683259
0.623953
0.287856
0.474504
0.452012
0.555590
0.692973
0.768901
0.297369
0.410887
1.025011
0.983383
0.641547
0.292097
1.037969
0.126582
0.252576
1.013464
0.856780
0.249492
0.569024
0.383739
0.526120
0.532502
0.997873
0.267983
0.517956
0.562675
0.402897
0.811254
0.443708
0.744201
0.281211
0.395952
0.865977
0.926821
0.665236
0.584055
0.416767
0.614069
0.793635
0.472054
0.732486
0.507771
0.336890
0.732552
0.301415
0.626504
1.039695
0.511098
1.001109
0.626732
0.495948
0.342157
0.582366
0.621088
0.771943
0.361876
0.808261
1.021323
0.891910
0.562901
0.279256
0.316170
0.769987
1.129860
0.686108
0.383068
0.592211
0.684829
1.036999
0.361197
0.541277
0.663792
0.657224
0.374655
1.039389
0.532641
0.174130
0.390936
0.366311
0.272757
0.710248
0.878862
0.964602
0.998629
0.516680
0.293206
0.062412
0.548473
0.367579
0.415649
0.894309
0.554965
0.567124
0.687891
0.527906
0.853300
0.453456
0.680440
0.475435
0.695743
0.715232
1.173113
1.105205
0.720367
0.156021
0.186011
0.560150
0.511018
0.274055
0.306694
0.721923
0.382601
0.584021
0.888471
0.549341
0.481081
0.424670
0.737667
0.676436
0.702729
0.478002
0.656783
1.015149
0.562232
0.492101
0.332299
0.974218
0.679497
0.460174
0.778406
0.452578
0.396358
0.687947
0.648400
0.596759
0.731678
0.602017
0.723750
0.689523
0.969387
1.089819
0.432900
1.237704
0.458523
0.358143
0.453847
0.829659
0.566716
0.605575
1.233630
0.836418
0.799603
0.942642
0.756167
0.404185
0.575579
0.810163
0.502626
0.984582
0.154563
0.186855
0.314962
0.334821
0.251556
0.963590
1.093651
0.859709
0.525394
0.926469
0.446996
0.646982
0.398937
0.363540
0.697767
0.598934
0.275261
0.454100
0.432477
0.534483
0.661450
0.400245
0.387868
0.516861
0.709778
0.615849
0.633251
0.728071
0.605824
0.330512
0.677839
0.609782
0.545509
0.596545
0.725788
0.886796
1.041759
0.418517
0.803709
0.359849
0.399299
0.660489
0.469704
0.387904
0.712745
0.556779
0.638423
0.578315
0.393973
0.826291
0.813796
0.704665
0.974782
0.733527
0.732400
0.402475
0.624261
0.768055
0.700234
0.115281
0.577823
0.549722
0.102688
0.494363
1.271843
0.233224
0.788543
0.435036
0.206616
0.539072
0.191529
0.937376
0.662297
1.013913
0.598401
0.658637
1.232984
0.860407
0.607894
0.863189
0.403451
0.628068
0.241889
0.729462
0.735022
0.339337
0.516017
0.647544
0.370543
0.710958
0.233772
0.564676
0.391039
0.654957
1.154962
0.198710
0.366922
0.695379
0.586053
0.805048
0.313386
0.459820
0.435658
0.718225
0.398689
1.163911
0.535557
0.653520
0.663925
0.715780
0.192488
0.913675
0.440511
1.145960
1.057730
0.767764
0.996992
0.182614
0.537265
0.879932
0.578434
0.253713
0.954188
0.347434
0.779541
0.765654
0.579272
0.314149
0.654622
1.040084
0.508161
0.434040
1.096542
0.550061
0.609704
0.515323
0.842778
0.637049
0.625430
0.539141
0.892113
0.099031
0.429955
0.276096
0.678407
0.621689
0.496142
0.428771
0.856866
0.322098
0.635509
0.886791
0.645104
0.348384
0.830489
0.187395
0.493518
0.829407
0.512819
0.581922
0.840971
0.525335
0.591958
0.570471
0.612764
0.361570
0.664544
0.213015
0.995454
0.556369
0.527058
0.921260
0.751900
0.313550
0.524618
0.559082
0.533350
0.775124
0.508681
0.749593
0.909831
0.941598
0.287739
0.632486
0.355541
0.615844
0.765235
0.172525
0.501062
0.662927
0.897148
0.837366
0.901051
0.677181
0.525306
0.673746
0.358893
0.262123
1.143232
0.992772
0.650628
0.580081
0.514014
0.258486
0.296596
0.110817
0.415694
0.671813
0.207142
0.612582
0.814929
0.807603
0.565654
0.542212
0.629178
1.041436
0.767374
0.385913
0.222087
1.167391
0.755208
0.694609
0.595980
0.437265
0.328420
0.588857
1.040496
0.508655
0.477571
0.469311
0.573995
0.576079
0.905925
0.692894
0.593546
0.790261
0.193883
0.875087
0.755059
0.770439
0.530921
0.625977
0.437369
0.502544
0.365981
1.353573
0.849622
1.068010
0.654992
0.896979
0.687369
0.390351
0.295256
1.076944
0.551388
0.595339
0.231533
1.124216
0.667363
0.617796
0.232471
0.407565
0.474070
0.446583
0.394118
0.645501
0.400052
1.031775
0.402285
0.431039
0.685218
0.447394
0.496861
0.412236
0.556481
0.457635
0.207036
1.327343
0.354838
0.812132
0.436889
0.719786
1.014652
0.709877
1.011221
0.529210
0.445810
0.778661
0.475333
0.361392
0.792047
0.416133
0.602556
0.331840
0.488248
0.859067
0.521712
1.254365
0.742752
0.677811
0.938334
0.939403
0.508841
0.474619
0.533184
0.747490
0.618379
0.448084
0.998107
0.808083
0.625584
1.285138
0.888096
0.993240
1.027408
0.878261
0.383398
0.295960
1.190898
0.535749
0.247734
0.704951
0.466685
0.855743
0.610294
0.960199
1.167277
0.875381
0.583314
0.200676
0.603589
0.369694
1.022085
0.701182
1.005025
0.609258
0.665530
0.331263
0.526555
0.168375
0.788442
0.729332
0.467526
0.756209
0.612946
0.468242
0.770780
0.927704
0.584036
0.610564
0.682062
0.720623
0.631946
0.624817
0.326410
0.893192
0.612731
0.594710
0.621160
0.807782
0.138400
1.442014
0.569030
0.582054
0.767550
0.891200
0.950685
0.218903
0.633989
1.290232
0.433012
0.627896
0.519975
0.496149
0.263608
0.806082
1.387748
1.132751
0.958810
0.265374
0.989893
0.646591
0.517276
0.579277
0.686783
0.731592
0.323326
0.544445
0.228625
0.335388
0.415178
0.686516
0.835792
0.678581
0.392344
0.460784
0.898223
0.596052
0.786521
0.609222
0.176906
0.392220
0.717322
0.583392
0.598606
0.261817
0.725879
0.348176
0.435380
0.741452
0.719001
0.997864
0.407039
1.289045
0.771426
0.467770
1.059063
0.452995
0.494106
1.159160
1.434495
1.105420
0.474927
0.366715
0.600893
0.637061
0.553953
0.350009
0.697464
0.437332
0.355639
0.546173
0.922332
0.624885
0.496784
0.627933
0.636362
0.828902
0.477261
0.655861
0.484005
0.846704
0.792312
0.934019
0.506700
0.428742
0.277292
0.714506
0.300759
0.836091
0.626186
0.301097
0.852098
0.553934
0.377925
0.324140
0.670903
0.712784
0.287185
0.354428
0.353122
0.367483
0.452537
0.422717
0.533228
0.713324
1.023868
0.354718
0.590974
0.776747
0.529885
0.574376
0.546415
0.469067
0.899739
0.265418
0.287752
0.363638
0.674151
1.074135
0.528118
0.395671
0.741082
0.907089
1.062396
0.793052
1.108478
0.285418
0.618531
0.469518
0.712526
0.700470
0.515826
0.380169
0.236538
0.321115
0.819810
0.337129
0.690283
0.951868
0.637664
0.496048
0.494332
0.525775
0.578607
0.439878
0.501025
0.486101
1.091564
0.817640
0.327497
0.490160
0.602396
0.428993
0.463550
0.235605
0.457600
0.609244
0.680115
1.174025
0.424008
0.572044
0.196669
0.480208
0.598181
1.499322
0.632747
0.952274
0.594367
0.941952
0.782900
1.346585
0.547997
0.739215
0.353155
0.858279
0.870004
0.893323
0.320171
0.755485
0.385011
0.812538
0.444469
0.363118
0.534560
0.629444
0.616769
0.864202
0.261403
0.162463
0.147730
0.532574
0.658558
0.788638
0.714210
0.500214
0.783003
1.078068
0.496194
0.153312
0.259581
1.074228
0.716423
0.427344
0.393844
0.474964
0.399885
0.329726
0.379899
0.710834
0.706456
0.664318
0.783441
1.123289
0.784276
0.379746
0.512072
0.301746
0.844200
0.683842
0.534992
0.463490
0.778054
0.643578
1.067168
0.781392
0.862811
0.784712
0.617240
0.318347
0.751530
0.632504
0.740040
0.663499
0.558090
0.562443
0.742662
0.711037
0.303133
0.488904
0.880727
0.899372
0.833022
0.881788
0.819509
0.679606
1.124014
0.665198
0.619578
0.528703
0.855685
0.724594
0.252812
0.835582
0.856189
0.174028
0.750565
0.914673
1.354055
0.460637
0.748684
0.789265
0.424330
0.675377
0.474223
1.434993
0.400722
0.569994
0.496071
0.920596
1.214927
0.938428
0.263727
0.352729
0.266845
0.771190
0.758582
0.240387
0.477977
0.261906
0.528599
0.265982
0.549179
0.952898
0.595018
0.576934
0.608367
0.441259
0.891413
0.532349
0.614621
0.686670
0.810987
0.483630
0.572885
0.656397
0.523434
0.989714
0.573976
0.492774
0.400490
0.524377
0.627436
0.708919
0.507062
1.006637
0.609476
0.448531
0.442044
0.579589
0.461520
0.867516
0.484619
0.794997
0.790555
0.763818
0.418368
0.549151
0.313619
0.685616
0.320523
0.428591
0.301768
0.967543
0.873444
0.356554
0.922564
0.575065
0.503074
0.921700
0.387279
0.743674
0.791527
0.761136
0.460421
0.570353
1.129505
0.433793
0.569098
0.417740
0.954166
0.492454
0.535101
0.413211
0.596982
1.413607
0.530492
0.678092
1.232774
0.422808
0.400700
0.286284
0.634438
0.787963
0.516954
0.948755
0.134204
0.331036
0.803540
0.545599
0.347267
0.641500
1.150143
0.988617
1.017264
0.515746
0.659808
0.690117
0.551147
0.718952
0.385717
0.423276
0.572495
0.253184
0.350840
0.525679
1.049819
0.294408
0.117251
0.728916
0.911188
0.781442
0.522888
0.877692
0.687596
0.845247
1.250165
0.468156
0.593101
0.413037
0.322318
0.809181
0.399031
0.355451
1.037539
0.447107
0.502823
0.595727
0.742705
1.244947
0.437388
0.527297
1.043774
0.286107
0.213488
0.899214
0.683620
0.373638
0.428339
0.840241
0.128321
0.265685
0.439255
1.185089
0.739447
0.353172
0.914016
0.533402
0.743943
0.550714
0.844013
0.478189
0.819964
0.338853
0.648371
0.289364
0.254402
0.307329
0.645216
0.416920
0.488581
0.808255
0.473378
1.009825
0.521088
0.779077
0.427935
0.243366
0.719028
0.400066
0.467285
0.283521
0.824834
1.451545
0.342094
0.674021
0.272306
0.543465
0.934213
0.549572
0.739849
0.703073
0.214294
0.547635
0.255603
1.408103
1.041172
0.632445
0.755847
0.535581
0.939400
0.481991
0.204606
0.444414
0.810732
1.333041
0.640386
0.671733
0.595331
0.793789
0.592857
0.546409
0.888364
0.574515
0.573703
0.844693
0.457717
0.463355
1.075642
0.574826
0.638432
0.378975
0.470805
0.609429
0.565256
1.035415
0.466749
0.182798
0.643991
0.614343
0.853196
0.389235
0.652481
0.150597
0.722749
0.479425
0.695243
0.282774
1.346697
0.525270
0.690108
0.438124
0.444123
0.309232
0.498418
0.175237
0.405523
0.659703
0.737810
0.430922
0.994013
0.510136
0.846410
1.115147
1.002984
0.616879
0.314684
0.830438
0.653956
0.104163
1.160361
0.285968
0.459992
0.720473
1.007653
0.359422
0.536159
0.644198
0.472272
0.983515
0.799169
0.447668
0.340502
0.404998
0.742967
0.488811
0.687992
0.801533
0.383279
0.460038
1.022359
0.364091
0.671304
0.688722
0.593937
0.857538
0.715972
0.286448
0.794474
0.897709
0.784574
0.587718
0.558487
0.541636
0.524106
0.742926
0.318029
0.563109
0.540695
0.571711
0.424561
0.500506
0.723685
0.995378
0.643023
0.255886
0.711769
0.408379
0.312116
0.502437
0.421843
0.496282
0.960286
0.495750
0.821057
0.541056
0.392917
0.553597
0.760727
1.087955
0.352732
0.923356
0.337515
0.439331
0.499983
0.653784
1.242125
0.755440
0.582672
0.546723
0.756401
0.172166
0.531981
0.241851
1.274478
0.798468
0.421694
0.679423
0.707779
0.253732
0.398567
0.438440
0.612080
0.736256
0.793602
1.183640
0.459333
0.454643
0.736792
0.606662
1.256791
0.893067
0.397353
0.952898
0.600070
0.337839
0.975526
0.760813
0.369043
0.583070
0.849184
0.614187
0.356403
0.639425
0.347257
0.551666
0.309997
0.337691
0.826261
0.882020
0.476688
0.447533
0.559896
0.635574
0.673835
1.143147
0.457188
0.360702
0.625856
0.336268
0.887246
0.091055
0.872855
0.353663
0.388360
1.246458
0.360228
0.694301
0.740018
0.304748
0.594599
0.735948
0.670345
0.620787
0.654046
0.719932
0.540052
0.471754
0.446400
1.077404
0.638672
0.420926
0.814496
0.167019
0.412242
0.550431
0.433096
0.671697
1.256816
1.216876
0.510339
0.575944
0.446548
0.528062
0.172500
0.639239
0.276009
0.901349
0.265628
0.420097
0.778989
0.416811
0.534669
0.978242
1.089278
0.634929
0.599273
0.480427
0.628993
0.419985
0.835209
1.002632
0.234787
0.345203
1.152999
0.412258
0.553919
1.045131
0.395063
0.901298
0.515345
0.513895
0.721399
0.765401
0.665739
0.621896
0.388854
0.697190
0.646108
1.358291
0.619240
1.211872
0.532370
0.344540
0.963276
0.312596
0.952165
0.574092
0.318714
0.914317
0.755573
0.417215
0.426338
0.356191
1.048212
0.622668
0.493395
0.678284
0.341175
0.477156
0.661269
0.852508
0.421010
0.900809
0.398689
0.818722
0.493064
0.217724
0.086122
1.156179
0.824121
1.118343
0.361270
0.448324
0.987440
0.765218
0.443617
0.706663
0.538779
0.430448
0.563522
0.762037
0.400711
0.704116
0.214290
0.599633
0.877845
0.287628
0.581749
0.703298
0.512965
0.407316
0.348765
0.230024
1.014451
1.242523
0.300258
0.597828
0.988810
0.529773
0.624067
0.749035
0.911918
0.906889
0.408004
0.205870
0.637243
0.493097
1.024986
0.791106
0.164842
1.186021
0.358033
0.245474
0.836130
1.015917
0.992040
0.650709
0.421033
0.994300
1.009322
0.754373
0.784445
0.575135
0.855002
0.586665
0.317202
0.539950
0.914228
0.688437
1.205005
0.768429
0.557538
0.175884
0.648275
1.091537
0.556322
0.592591
0.740463
0.430313
1.175816
0.589401
0.918330
0.401486
0.509413
0.360078
0.270629
0.720795
0.946464
0.452946
0.147770
0.592186
0.614067
0.459093
0.236356
0.470387
1.054510
0.387995
0.499266
0.273468
0.610950
0.848589
0.260278
0.693489
0.386864
0.871788
0.533971
0.388129
0.950143
0.731169
0.617149
0.520070
0.436057
0.704372
0.531157
0.277549
1.030231
0.458451
1.160706
0.942633
0.245638
0.960099
0.785609
0.957102
0.542443
0.395381
0.705359
0.386104
0.632042
0.623920
1.198102
0.702439
0.347548
0.483715
0.614157
1.495684
0.448807
0.455967
0.880856
0.400952
0.838676
0.593120
0.379281
0.821995
0.894034
0.759594
0.303792
0.557875
0.318295
0.589184
0.225461
0.208969
1.096814
0.740363
0.673921
1.413179
0.427800
0.716945
0.546213
0.588297
1.061483
0.470603
0.569825
0.463464
0.688332
0.633283
0.425464
0.223667
0.510633
0.710217
0.723706
0.657031
1.002601
0.360962
0.136591
1.486334
0.767244
0.481840
0.863824
1.031341
0.437979
0.316212
0.532936
1.204356
0.619182
1.224718
0.807175
0.467442
0.274651
0.824042
0.046139
0.357426
0.396356
0.657836
0.243683
0.871336
0.836395
0.980950
1.279833
0.457498
0.597502
0.935344
0.276726
0.797162
0.292361
1.288092
0.542216
0.553215
0.764606
0.932950
0.623657
1.071919
0.651731
0.689529
0.763865
0.501632
0.975778
0.682478
0.603829
1.016467
0.191393
0.503291
0.318349
0.355041
1.175195
1.159881
0.589123
0.367837
0.250113
0.585018
0.254827
1.351906
0.397528
1.252209
1.256439
0.507527
0.317808
0.703167
0.225088
0.486808
0.358681
0.223931
0.498950
0.304049
0.964662
0.442188
1.056584
1.258495
0.738383
0.594129
0.343346
0.280805
0.439982
0.744614
0.609762
0.751362
1.252755
0.582789
0.901702
0.298872
0.320838
0.590878
1.195001
0.708292
0.633402
0.380164
0.592497
1.072524
0.660530
0.771481
0.834664
1.019063
0.452641
0.871426
0.682975
0.853465
0.881685
0.353230
0.922897
0.556266
1.220972
0.698754
0.789608
0.380334
0.845362
0.802696
0.566307
0.963044
0.079076
0.645434
0.704568
0.571854
0.820131
0.900423
0.361972
0.364580
1.053632
0.533177
0.899624
0.402977
0.867871
0.693059
0.993934
0.522852
0.672332
0.345962
0.294250
0.776506
0.627440
0.629778
0.375629
0.133515
0.710088
0.664943
0.412771
0.606769
0.829101
0.747168
0.324986
0.419961
0.490583
1.277899
0.932691
0.749887
1.090568
0.926929
0.611333
0.294709
1.119308
0.136590
0.514142
0.782238
0.934027
0.824136
0.878047
0.562427
1.081771
0.871597
0.916543
0.780053
0.748815
0.888637
0.585759
0.611596
0.828859
0.259906
0.302122
0.888438
0.504869
0.488583
0.441325
1.087839
0.871436
0.846088
0.571091
0.534788
0.467840
0.578489
0.489933
0.543144
0.947844
0.498277
0.860920
0.718149
0.237585
0.548410
1.029938
0.199370
0.512979
0.584491
0.636091
0.503401
0.832772
0.205308
0.686360
0.989474
0.978887
0.326381
0.706490
0.583046
0.552887
0.640067
0.853009
0.742967
0.826618
0.358345
0.442188
0.849301
0.566795
0.486498
0.720008
0.903153
0.546072
0.914678
1.022228
0.543433
0.601482
0.601914
0.414509
0.725815
0.448342
0.758874
0.678204
0.464434
0.811800
0.342860
0.823074
0.752911
0.478514
0.740334
0.752797
0.326367
0.860485
0.319508
0.382613
0.573146
0.473038
0.141328
0.334636
0.770207
0.543314
0.108131
0.449772
1.034967
0.568581
0.478000
0.679039
0.811872
0.566655
0.337370
0.602360
0.838452
0.634514
0.960904
0.736600
0.842527
0.526401
0.641165
0.609806
0.310671
0.659289
1.014926
0.297032
0.523506
0.436599
0.713520
0.618915
0.378359
0.567090
1.218195
1.079165
1.366583
0.745359
1.264495
1.321591
0.969105
0.527392
0.335158
0.544069
0.796518
0.505971
0.539466
0.834827
0.877000
1.069595
0.386688
0.866514
0.858295
0.746988
0.558768
0.877584
0.975580
0.859875
0.487257
0.714537
0.353940
0.706555
0.298351
0.575146
0.407862
0.613958
0.493317
0.538586
0.840296
1.058186
0.197579
0.422826
0.509628
0.809108
0.056676
0.628979
0.805774
0.449396
0.325430
0.350254
0.439895
0.441381
0.525428
0.959396
0.985501
0.543710
0.676414
0.702513
0.379840
0.618764
0.558968
0.629918
0.811595
0.589810
1.050455
1.239736
0.721486
0.802840
0.627635
0.103904
1.211705
1.200519
0.808330
0.945945
0.137348
1.117566
0.835242
0.241564
0.856761
1.490328
0.528529
0.660540
0.685665
0.627361
0.489284
0.892673
1.359056
0.846551
0.508471
0.284846
0.317535
0.583206
1.126832
0.598835
0.725179
0.661481
0.724149
0.630844
0.866114
0.587245
0.281751
0.763702
0.604191
0.489093
0.969427
0.492868
0.972439
1.118237
0.657168
0.591087
0.174407
0.703296
0.648503
0.560680
0.810511
0.489774
0.739440
0.684062
0.646951
0.603299
0.665181
0.617433
0.801371
0.791022
0.496084
0.965315
0.660373
0.330450
0.466186
0.176870
0.511840
0.508809
0.402024
0.219595
0.494647
1.267101
0.730297
0.335549
0.868218
0.627987
0.415003
0.875244
0.326762
1.168955
0.051025
0.688982
0.540627
0.379528
0.744305
0.384033
0.879379
1.135592
0.539729
0.471914
0.352728
0.327831
0.356192
0.468227
0.514449
0.587738
1.204084
0.799902
0.796239
0.264100
0.805697
0.812337
0.110951
0.436313
0.512466
0.550916
0.670968
0.499824
0.962976
0.385507
0.869759
0.950507
0.421251
0.254948
0.905808
0.834525
0.873702
0.675858
0.911874
0.560549
0.887022
1.035018
0.256631
0.783086
0.468855
0.661604
0.483729
1.011934
0.957164
0.582950
0.387463
0.369801
0.937523
0.951753
0.405735
0.779732
0.486074
0.529934
0.565104
0.384520
0.526000
0.263268
0.816360
0.549442
0.875006
0.242671
0.247143
0.548606
0.316717
0.264941
0.374520
1.045311
1.002700
0.399640
0.418525
0.374004
1.454452
0.460003
0.942663
0.817832
0.441575
0.864709
0.451777
0.421377
0.765816
0.584881
0.628810
1.269984
1.062039
0.589842
0.228797
0.769776
0.956000
1.014542
0.500426
0.323703
0.459642
0.603632
0.487630
0.856990
0.301388
0.519399
0.440953
0.278482
0.470149
1.068750
0.714216
0.407480
0.464188
0.594581
0.850587
0.487703
0.665045
0.608747
1.140566
0.809050
0.371814
0.351007
0.583514
0.138327
1.003240
0.438674
0.537388
0.286736
0.336300
0.523890
0.748180
0.708274
0.279765
1.246987
1.663087
0.225579
0.319122
0.491587
0.677750
0.637532
0.518809
0.633987
0.116621
0.958693
0.681051
0.482287
0.601034
0.577970
1.190506
0.781196
0.782773
0.356437
0.646623
0.535885
0.083646
0.717061
0.851587
1.021004
1.098452
0.401359
0.324683
0.821621
0.815852
0.440023
0.492882
0.329425
0.874373
0.571925
0.553094
0.286473
0.664337
0.245363
0.739539
1.352482
1.023949
0.539798
0.571714
0.854542
0.403042
0.313985
0.855157
0.766649
0.570583
0.489029
0.880165
0.653861
0.605351
0.665168
0.980321
0.751081
0.202120
0.698247
0.587487
0.654681
0.408987
0.980196
0.931659
0.195816
0.940042
0.666548
0.556067
0.394451
0.321779
0.447155
0.237316
0.503186
0.798761
1.201170
0.544897
0.392306
1.059017
0.100967
0.938516
0.627905
1.399200
0.489402
0.188043
0.923893
0.898027
0.697592
0.346775
0.891215
1.030483
1.218331
0.439185
0.709841
0.432933
0.418679
1.196742
0.827599
1.240587
0.920140
0.828741
0.650330
0.437249
0.658587
1.287424
0.252946
0.284405
0.396208
0.763699
0.358687
0.550597
0.418895
0.906210
0.626396
0.957234
0.612826
0.914444
0.600060
1.005367
0.446742
0.506575
0.689244
0.398283
1.051141
0.391512
0.642382
0.486286
0.417391
0.261288
0.729671
0.309300
0.818846
0.572097
0.639153
0.667680
0.843495
0.479830
0.131224
0.647526
0.745831
0.468510
0.276492
0.303350
1.261287
0.889284
0.612986
0.607482
0.265245
1.021375
1.055000
1.046202
0.662120
0.658081
0.526989
0.479211
0.791558
0.300987
0.692728
0.830885
0.385378
0.620943
0.903603
0.614884
1.002104
0.227991
0.387879
0.457523
0.913334
1.001181
0.587265
1.580371
0.542919
1.157762
0.499152
0.510256
0.683875
0.577109
0.590146
0.739751
0.325370
0.694701
0.798739
0.502592
0.906545
0.964309
1.219521
1.058674
0.691756
0.567335
0.330714
0.608959
0.875739
1.249419
0.802971
0.809000
0.864522
0.603999
1.090228
0.177538
0.546846
0.487414
0.562513
0.504958
0.425124
0.968752
1.038026
0.376102
0.312556
0.357772
0.402557
0.819626
0.486378
0.782046
0.179794
0.430009
0.696161
0.493484
0.556518
0.696640
0.992736
1.139945
0.382473
0.662713
0.948883
0.415378
0.999608
0.518747
0.496631
0.484324
0.753496
1.010396
0.445048
0.872335
1.169176
0.787206
1.004050
0.665322
0.578049
0.377867
0.586031
1.129441
0.864066
1.099274
0.428752
0.815534
0.653622
0.959959
0.846813
0.823227
0.615174
1.097368
1.027714
1.087432
0.654423
0.321776
1.309038
0.943020
0.711940
0.473212
0.641042
0.426822
0.549227
0.998770
0.352911
0.681803
0.302321
0.724511
0.523675
0.257566
0.877223
0.538591
1.161666
0.722380
0.351292
0.902165
0.300469
0.237621
0.516581
0.262516
0.517334
0.507793
0.298285
0.926412
0.274716
0.486012
1.058200
0.169400
0.902892
0.790981
0.820640
0.166216
0.876547
0.953061
0.808259
0.119637
0.369523
1.004608
0.713098
1.192513
0.669087
0.412378
0.756536
1.001538
0.611583
0.441569
1.129018
0.740954
0.262036
0.585630
0.265778
0.597962
0.402271
0.728546
1.078680
0.695838
0.592527
0.729161
1.143949
0.789228
0.946916
0.622811
0.469298
0.799156
0.248709
0.437587
0.813914
0.503973
0.530518
0.437231
0.566988
0.657047
0.824959
0.933041
0.655807
0.647454
0.980698
0.273126
0.467204
0.827534
1.025937
0.418700
0.433291
1.007663
0.470887
0.123070
0.327208
0.642657
0.377210
0.449729
0.845878
0.851239
0.605124
0.435110
0.778122
0.435951
1.006639
0.872289
0.522222
0.821315
0.561963
0.475313
0.421311
0.498617
0.347706
0.704914
0.812832
0.915375
1.221437
0.512307
0.729135
0.422094
0.560721
0.717817
0.964478
1.050348
0.619188
0.218573
0.377782
0.190259
0.467090
0.136637
0.342718
0.334369
0.629355
0.437496
1.144874
1.090892
0.708777
0.834094
0.879841
0.679875
0.236583
0.351713
0.797587
0.516962
0.630512
0.739126
0.859606
0.804989
0.258643
0.819681
0.328928
0.697785
0.216264
0.680692
0.734723
1.044043
0.239338
0.318293
1.378946
0.544962
0.667542
0.630878
0.652690
0.770103
0.291901
1.449104
0.866293
0.654808
0.326239
0.639362
0.414196
0.281504
0.747510
0.702844
0.514587
0.280861
0.646063
0.455367
1.072961
0.371624
0.520357
0.370912
0.679641
0.311517
0.904365
0.461485
0.297944
0.989578
0.569078
0.728834
0.930526
0.264306
0.427885
0.557464
0.594266
0.650663
0.336804
0.743266
0.456636
0.575764
0.608942
0.778421
0.818048
0.602659
0.297218
1.323065
0.649819
0.681834
0.846458
0.584520
1.309464
0.961168
0.976985
0.466008
0.338268
1.152229
0.562033
0.465689
0.595530
0.476199
0.848041
0.652940
0.679619
0.632665
0.720562
0.480391
0.652916
0.537676
0.469061
0.947591
0.295067
0.286895
0.544818
0.583140
0.586736
0.790484
0.806774
0.365997
0.411743
0.810932
0.469543
0.694345
0.882551
1.011935
0.969913
0.882082
0.773244
0.762593
0.550775
0.463873
0.704885
0.237050
0.659923
0.660173
0.666308
0.178991
0.455590
0.853743
1.571125
0.310417
0.616902
0.753425
0.847252
0.632323
1.426454
0.368443
0.096854
1.077907
0.294513
0.891527
0.432086
0.548480
0.475410
0.190763
0.215924
0.525297
1.126948
0.394256
0.650709
0.781298
0.496712
0.270639
0.571895
0.608920
0.238791
0.536342
0.863581
0.758626
0.638895
0.303438
0.780458
0.770983
0.431251
0.302693
0.309576
0.586302
1.041249
0.217118
0.239037
1.267111
1.229616
0.735935
0.749489
0.837326
1.201969
0.699841
0.285782
0.742154
1.188918
0.810125
0.602720
1.021148
0.590522
0.424686
0.690897
0.647826
0.606931
0.797620
0.745680
0.748545
1.314186
0.988946
0.369249
0.442979
0.676961
1.310757
0.614772
0.576411
0.718057
0.893984
1.057479
0.741178
0.870529
0.353359
0.454385
0.331095
0.585033
0.958052
0.472306
0.712817
0.800253
0.481569
0.897398
0.508610
0.231701
0.337438
0.566325
0.133030
0.696036
0.704507
0.565103
0.528430
0.919006
1.417579
0.662329
0.727140
0.259806
0.855511
1.090202
0.234827
0.626466
0.784154
0.293832
0.522552
0.602598
0.188639
0.847196
0.418431
0.672104
0.421318
1.144807
0.441985
0.503782
0.384203
0.702634
1.108493
0.494496
0.707748
0.849015
0.446860
0.465896
0.194024
0.725608
0.688138
1.114844
1.135230
0.548077
0.828309
0.537356
0.575419
0.603870
0.679524
0.473911
0.197806
0.178442
0.533910
1.113704
0.200110
1.324882
0.320424
0.071447
1.056718
0.677694
0.800158
0.665475
0.692298
0.442522
0.326535
0.886723
0.705760
1.174770
0.784505
0.705566
0.527241
0.406211
0.690372
0.467937
0.721677
0.451608
1.010849
0.566674
0.271547
0.857266
0.263881
0.663223
1.179899
0.787824
0.713462
0.692553
0.896478
0.946627
0.771130
0.777529
0.671198
0.586121
0.864193
0.541018
0.640260
0.743342
0.792456
0.872796
1.168125
0.147458
0.714555
0.803410
0.806156
0.364221
0.565215
0.730671
0.076792
0.403699
0.497557
0.901461
0.372255
1.227239
0.947435
0.191774
0.649701
0.843894
0.494304
0.661224
0.514361
0.466390
0.700893
0.733489
0.453533
1.187765
0.525711
1.123636
0.887172
1.102253
0.432463
1.308320
0.427085
0.897005
0.730326
1.025971
0.670137
0.205974
0.552846
0.683007
0.379169
0.394443
0.317443
0.182130
0.508950
0.375681
0.662654
0.679048
0.283812
1.024224
0.641230
1.043178
1.024765
0.694096
0.539573
0.451836
0.193969
1.006858
0.831275
0.824299
0.777118
0.964663
1.001936
0.641054
0.514104
0.259271
0.610986
0.779685
0.616026
0.612074
0.826649
0.874566
0.531694
0.398473
0.817230
0.622851
0.209554
0.417808
0.268425
0.725869
0.846876
0.446777
0.677668
0.590105
0.652422
0.606882
0.882534
0.385483
0.733446
0.711431
0.334530
0.499893
0.668687
0.766632
1.231130
0.776552
0.737478
0.910806
0.097649
0.631394
0.775124
0.274202
0.805548
0.900751
0.835748
0.288669
0.790638
0.942953
0.914768
0.642042
0.869337
0.466074
0.621926
0.515923
0.788484
0.938801
0.580833
1.147532
0.750164
1.097173
0.426363
0.511140
1.111274
0.787918
0.920462
0.878881
1.363465
1.082325
0.398626
0.829271
0.578926
0.578224
0.643323
1.006547
0.464135
0.590970
0.535306
0.695791
0.675095
0.752712
0.581421
0.732166
0.740890
0.529402
0.562581
0.781661
0.866708
0.242473
0.754179
0.711031
1.241617
0.701078
0.415420
0.324093
1.097405
1.173135
0.687661
0.922887
0.387258
0.744307
0.389512
0.170413
0.822188
0.404846
0.526733
0.430714
0.868413
0.315841
0.782954
0.670943
0.360857
0.726821
0.528863
0.787948
0.597687
1.014751
0.958955
0.242523
1.115340
0.568867
0.750954
1.072696
0.795374
1.028680
0.582129
0.639481
0.704252
0.678441
0.414467
0.736696
0.912130
0.872782
0.503500
0.748902
0.374081
1.457268
0.259373
0.935814
0.346274
0.742000
0.723060
0.419133
0.501500
0.403073
0.368780
0.954524
0.905648
0.548878
1.107197
0.469593
0.665861
0.563965
0.314842
0.266591
0.680858
0.818740
0.298715
0.676822
0.611920
0.392528
0.494045
0.454765
1.180235
0.882181
0.912436
0.707248
0.309494
1.154703
0.693453
0.957114
0.439941
0.505721
0.337947
1.026637
0.874671
0.706095
0.717179
0.909474
0.817995
0.740534
1.350388
1.165153
0.719677
0.786786
0.296723
0.421913
0.894592
0.547421
0.546934
0.433468
0.681671
0.443957
0.849790
1.024026
0.774870
0.912245
0.649420
1.249127
0.365856
0.207589
0.897222
0.738329
0.592431
0.353534
0.402153
0.609790
0.694475
0.768562
0.438858
0.317842
0.839312
0.839662
0.429066
0.517310
0.864070
0.604776
0.320489
0.399676
0.801251
0.775014
0.637710
0.192241
0.514950
0.343101
0.559703
0.543979
0.255279
1.110176
0.348254
0.412117
0.701207
0.886558
0.160222
0.397150
0.732318
0.390082
1.070475
0.537105
0.201903
1.054611
0.738330
0.893035
0.733235
0.663017
1.184602
1.077824
0.286831
1.064702
0.650058
0.253100
1.015678
1.264159
1.034775
0.374000
0.688419
0.857545
0.336272
0.480408
0.886627
0.426145
0.499965
0.253266
0.725744
0.473857
0.662853
0.534378
0.309896
0.970323
0.788236
0.775504
0.380382
0.303006
0.163975
0.569011
0.974375
0.669648
0.570690
1.372512
0.387482
0.491706
0.267627
0.561072
0.624202
0.174854
1.076545
0.359469
0.821909
0.759298
0.816839
0.301972
0.969549
0.279493
1.145250
1.086491
1.261262
0.379007
0.782823
0.835441
0.420624
0.260256
0.789094
0.808874
0.534806
1.044265
0.658504
0.482334
0.449139
0.537479
1.037072
0.687809
0.787291
1.146372
1.314679
0.746829
0.288089
0.401633
0.716155
0.807842
0.382447
0.578217
1.008683
0.846436
0.647773
0.551668
0.889837
0.933955
0.501286
0.446953
0.260388
0.679966
1.119217
0.555037
0.824004
0.513272
0.815030
0.541060
0.844451
0.914927
0.891261
0.695760
0.923025
0.575962
0.497234
0.244392
0.604834
0.929571
0.450571
0.779804
0.527077
0.271126
0.653684
0.869757
0.750455
0.753764
0.506859
0.484679
0.868122
0.749270
0.365478
0.571754
1.130253
0.889386
0.508219
0.283708
0.850872
0.805067
0.564422
0.791108
0.646499
0.331775
0.663525
0.815885
0.626223
0.653691
1.253679
0.952898
0.832085
0.842416
0.377285
1.174028
0.467169
1.145731
0.315043
0.923589
0.712821
0.794515
0.668577
0.259309
0.405538
0.082312
0.294474
0.688251
0.374530
0.594579
0.702127
0.554350
0.407953
0.684625
0.168003
1.039553
0.544808
1.176640
0.381024
0.775826
0.343019
0.986760
0.217058
0.321982
0.214907
1.018243
0.723844
0.275354
0.991800
0.425063
0.781659
0.396987
0.833821
1.113616
0.465719
0.465568
0.786652
0.648942
0.869459
0.709816
1.138911
0.246575
0.346739
0.616253
1.016792
0.744432
0.578925
1.003504
0.547212
0.273899
0.681092
0.320318
0.662150
0.646740
0.664033
0.690132
0.482872
0.451576
0.629372
0.782971
0.434389
1.179029
0.847422
0.543335
0.359408
0.660970
0.790909
0.242346
0.549466
0.468513
0.472269
0.984962
0.616692
0.438083
0.492110
0.815955
0.488880
0.559455
0.133036
0.451806
0.716986
0.784663
0.884011
1.027826
0.891608
0.858858
0.275613
1.185624
0.368860
0.347650
0.410325
0.489481
0.469333
0.782796
0.653466
0.942190
0.914598
0.464208
0.529618
0.217889
0.667288
0.510734
0.696366
0.778424
0.525093
0.713590
0.241309
0.852121
0.528086
0.734177
1.059238
0.761356
0.630615
0.783471
0.577477
0.527558
1.138801
0.635457
0.236326
0.883485
0.860741
0.371748
1.350981
1.067568
0.636485
0.855170
0.680184
0.699755
1.171784
0.586888
0.534412
1.051572
0.358538
0.798280
0.859776
0.996199
0.752936
0.898784
0.913117
0.741201
0.155350
1.051226
0.345032
0.553264
1.140990
0.417845
0.188898
0.239695
0.999855
0.455811
0.548211
0.765693
0.454155
0.287269
1.096360
0.659728
0.501224
0.317552
0.519184
0.516401
0.304551
0.816155
0.396501
0.804454
0.502615
0.351112
1.307172
0.924907
1.282063
0.333318
0.290219
0.612631
0.833876
0.684973
0.587972
0.192201
0.252385
0.367830
0.403097
0.805062
0.641158
0.282567
1.198514
0.724630
1.233138
1.258714
0.818261
0.961743
0.163216
0.581719
0.340970
1.263947
0.925690
0.437310
0.734553
0.563877
0.774758
0.445698
0.830468
0.363421
0.426666
0.795236
0.685715
0.615366
0.558488
1.263121
1.062617
0.983716
0.264809
0.836593
0.615911
0.943873
0.382119
0.980773
0.588233
0.743166
0.436826
0.486205
0.635574
0.893494
0.341754
0.418312
1.076937
0.240881
0.177557
1.202679
0.567156
0.674248
0.273676
0.770760
0.368635
0.214210
1.022206
0.406543
0.700837
0.298176
0.748185
0.464218
0.493657
0.697296
0.921014
0.162803
0.509277
0.576537
1.165926
0.763880
0.605055
0.716993
0.101637
0.244886
0.235305
0.682307
0.644493
0.443417
0.947193
0.348440
0.667564
0.936753
1.002104
0.753061
0.595563
0.618881
0.347970
0.707676
0.498134
1.101841
0.157734
0.743649
0.702881
0.847748
0.526371
0.690765
0.980466
1.070697
0.200206
0.613375
0.198891
0.653615
0.615284
0.793097
1.258046
0.403200
0.443861
0.591579
0.541393
0.518046
0.920786
0.710190
0.805187
0.599221
0.241355
0.756916
0.641343
0.186205
0.330250
0.640778
0.374566
0.883628
0.719464
0.619011
0.508062
0.607284
0.433663
0.652687
0.742781
0.354051
0.882633
0.760104
1.154609
0.223983
0.732021
0.480241
0.950777
0.622027
0.477679
0.478346
0.506769
0.881061
0.397769
0.538594
0.610528
0.646335
0.637667
0.563761
0.191772
0.463760
0.225963
0.639235
0.656500
0.527361
0.665416
0.486342
0.719001
0.160609
0.582986
0.667435
0.756356
0.887935
0.807418
0.310332
0.939421
0.178574
1.017324
0.240697
0.769047
0.652380
0.187245
0.723052
0.849719
0.235684
0.553533
0.953103
0.617310
0.490824
1.168466
0.307930
0.986694
0.640337
0.604929
0.407016
0.822532
0.595847
0.431898
0.906261
0.711093
0.395231
1.114368
0.577251
1.007611
0.498063
0.820959
1.229188
0.687265
0.459067
0.489062
0.315870
0.397810
0.906544
0.487913
0.371552
0.843291
0.673981
0.214185
0.820886
0.985282
0.596762
0.460023
1.115438
0.807228
0.488601
0.120859
1.139952
0.728908
0.664655
0.534745
0.654957
0.900087
0.658530
0.508002
0.239230
1.082256
0.582548
0.370952
0.808946
0.520238
1.058583
0.853213
0.477684
0.283512
0.643128
0.421403
0.284086
0.769104
1.159252
0.390013
0.716142
0.657728
0.936138
1.103203
0.472110
0.538159
0.978157
0.749924
0.464069
0.597249
0.635223
0.176446
1.030418
0.708287
0.840960
0.353361
1.140355
0.231214
0.548078
0.765659
0.543399
0.524272
0.639240
0.554763
0.769640
0.516785
0.425888
0.827221
0.372685
0.528604
0.169458
0.470385
0.757415
0.853542
0.897500
0.688637
0.668178
0.724300
0.545563
0.554765
0.525436
0.808637
0.184774
0.119256
0.916692
1.040897
0.488809
0.993566
0.403894
0.495368
0.557459
0.259657
0.216596
1.029149
0.620732
0.525828
0.410235
0.971814
0.367108
0.557736
0.170873
0.298450
0.548544
1.050177
0.902599
0.313543
0.324109
0.215689
0.889099
0.420608
0.595090
0.431660
0.512619
0.440462
0.995486
1.088811
0.816099
0.498760
0.435030
0.697971
0.550976
0.535051
0.660762
0.205016
0.265630
1.164881
0.537815
0.600234
0.884999
1.010795
0.547749
0.679348
0.428603
0.246943
1.079555
0.486936
1.076999
0.812944
1.103489
0.883633
0.434700
0.391886
0.479336
0.398799
0.460013
1.212199
0.907576
0.794964
0.319560
0.345924
0.869630
0.331168
0.783313
0.386995
0.823240
0.334577
0.510221
0.312574
0.374924
0.144923
0.960440
0.619713
0.463654
0.806036
0.846125
1.781563
0.754556
0.977467
0.785988
0.503557
0.476624
0.485047
0.480030
0.358953
0.511292
0.587101
0.528445
0.834508
0.675944
1.152586
0.640363
0.608164
0.350477
0.439521
0.730962
0.695264
0.773153
0.916444
1.207716
0.604828
0.614361
0.608862
0.288862
0.673996
0.752862
0.832236
0.516717
1.129444
0.873580
0.489110
0.835509
0.716052
0.109063
0.698775
0.607413
0.844351
0.565855
0.785437
0.442025
0.500459
1.009506
0.604861
0.865269
0.396578
1.018539
0.501644
0.737496
1.263855
0.665405
0.692579
0.630323
0.965088
0.823738
0.991680
0.674935
0.405242
0.458432
0.326939
0.696216
0.778771
0.851378
0.756671
0.309116
0.664189
0.457675
0.455313
0.872406
0.762662
0.802864
0.764026
0.348753
0.505077
0.321088
0.749843
0.636374
1.005980
0.582506
0.491104
0.334152
0.987869
0.477977
0.500763
0.668977
0.354186
0.225481
0.979689
1.191760
0.493173
0.076191
0.651806
0.827587
0.367765
0.996613
0.931988
0.465070
0.780092
0.699125
1.112859
0.492047
1.210642
0.433814
0.684894
0.609325
0.427768
0.246986
0.559810
0.720586
0.205292
0.529760
0.265719
1.204007
0.558377
0.600538
1.014125
1.405834
0.583880
0.407245
1.200419
0.513755
1.151002
1.212392
0.575655
0.396674
0.728155
1.331973
0.981733
0.203520
0.384544
0.939918
1.010901
0.815435
0.923208
0.777624
0.124643
0.889069
1.081649
0.929225
0.603697
0.478452
0.831152
0.491881
0.527767
0.699935
0.374267
0.658411
0.289306
0.349322
0.360123
0.424942
0.475587
0.512717
1.064819
0.899687
0.481330
0.726293
0.363811
0.433956
0.912875
1.054636
0.937660
0.882805
0.721488
0.917840
0.627405
0.987383
0.693894
0.911461
0.958361
0.709745
0.873659
1.121248
1.183557
0.381691
0.365168
0.366611
1.116659
0.614101
1.375406
0.552657
0.682416
0.746212
1.005645
0.319836
0.367267
1.048342
0.713588
0.654119
0.784716
0.890640
0.601045
0.389000
0.860658
0.716377
0.336150
0.662776
1.155413
0.896008
0.694432
0.804542
1.002122
0.598409
0.997164
0.301029
0.128811
0.996466
0.909799
0.217484
0.207787
0.304384
0.169646
0.995075
0.915150
0.829078
0.615979
0.475797
0.833122
0.531075
0.578256
0.928225
0.865202
0.293920
0.381112
0.493402
0.416620
0.489637
0.611742
0.605887
0.533884
0.394812
0.288557
0.252270
1.065054
0.570668
0.630427
0.703970
0.434976
0.343267
0.164258
0.889053
0.441877
0.802978
1.028332
0.316192
0.315488
0.682561
0.701636
0.628615
0.613817
0.422967
1.190684
0.430908
0.592311
0.306137
0.680277
0.525174
0.724119
0.569957
0.909668
0.708478
0.900892
0.139665
0.577908
0.531185
0.884864
0.284768
0.542705
0.837701
0.454290
0.498994
1.092872
0.482817
1.102260
0.482398
0.269029
0.609554
0.503620
0.523568
0.544182
0.646096
0.472037
0.343750
0.439647
0.485160
0.552953
1.199715
0.659193
0.690383
0.500327
0.544064
0.784848
1.182965
0.617113
0.942533
0.390292
0.552504
0.651323
0.286362
0.604260
0.110094
1.077052
0.809053
0.634476
0.476791
1.180768
0.583810
0.565183
0.702759
0.528998
0.365981
0.467662
0.440335
0.714181
0.720128
1.159203
0.806769
0.853314
1.047125
0.251260
0.825695
0.542132
0.742675
0.698752
0.650124
0.324100
1.121202
0.955171
0.329170
0.209893
0.753296
0.504278
0.963158
0.449911
0.595257
0.626193
0.589272
0.853515
0.624792
0.591052
0.645304
0.906116
0.392489
0.415022
0.914919
0.447056
0.216422
0.504313
0.692435
0.142592
0.594227
1.161845
0.548488
0.533232
0.629202
0.998632
0.371026
0.731144
0.590446
0.616328
0.303882
0.391200
0.618004
0.486488
0.666211
0.246935
0.957799
0.693408
0.326717
0.628463
1.021120
0.780901
0.211089
0.132335
0.546399
0.903166
1.203297
0.345710
0.860119
1.438385
0.496532
0.919091
0.912287
0.614836
0.506225
1.153322
0.529155
0.685819
0.467755
0.465228
0.465730
0.545148
0.716842
1.004979
0.354172
0.690391
0.401016
0.628384
0.766383
0.146234
0.798884
0.694113
0.462464
0.567641
0.499585
0.581480
0.919671
0.873548
0.878394
0.874468
0.462667
0.473844
0.401228
0.681991
0.557754
0.519769
0.780463
0.519463
0.970144
0.344401
1.017523
1.083343
1.506324
1.294051
0.567579
0.670951
0.442439
0.632395
0.459564
0.786776
0.451103
0.533409
0.587893
0.796095
0.640792
0.588334
1.412326
0.889326
0.566091
1.005349
0.946087
0.793510
0.397722
0.419836
0.469402
0.238546
0.942506
0.929359
0.470231
1.174903
0.602378
0.634541
0.847414
0.465165
1.142736
0.337194
0.368553
0.415329
0.705673
0.514396
0.748066
0.454076
1.098734
0.730083
0.650541
0.509129
1.543068
0.821724
0.639041
0.641642
0.825074
0.831671
0.464775
0.145482
0.441906
0.851728
1.592141
0.750381
0.448327
0.806774
1.000568
0.742508
0.744271
0.484662
0.691352
0.405010
0.507001
0.837079
0.402550
0.308944
0.410874
0.300433
0.346928
0.467045
0.221709
0.825283
0.379733
0.532804
0.150822
0.913938
0.542380
0.310796
0.824457
0.699932
0.570430
0.619881
0.792136
0.468239
0.690450
0.865195
0.212171
0.428482
0.570905
0.313669
0.510690
0.426961
0.384329
1.077867
0.663368
0.533220
0.416503
0.340082
0.615111
0.885274
0.565839
0.430101
0.974118
0.870042
0.630615
0.359427
0.713400
0.243042
1.086284
0.314357
0.484104
0.142968
1.394055
0.691536
0.576018
0.271521
0.776353
0.746690
0.773057
0.824608
0.406097
0.967651
0.698316
0.557023
0.325467
0.801573
0.513360
0.816029
0.813776
0.391880
0.881575
0.296293
0.437715
0.468801
0.501355
0.374333
0.606467
0.365826
0.737645
0.266853
0.371005
0.625286
0.639823
0.861296
1.030325
0.386216
0.725254
0.800782
0.157015
0.532043
0.723422
0.655961
0.380163
0.736660
0.554788
0.664048
0.766072
0.656196
0.525630
0.573468
0.107786
0.715263
0.619317
0.528080
0.342291
0.632006
0.457615
0.811535
0.704364
0.678699
0.353658
0.501395
0.585129
0.659915
1.033168
0.657937
0.653300
0.375237
0.909190
0.706701
0.826719
0.952474
0.188171
0.372949
0.741074
0.759052
0.262045
0.835673
0.956278
0.720199
0.366018
0.223206
0.243193
0.387490
0.833289
0.571448
0.648955
0.685048
0.369189
0.275068
0.465381
0.285539
0.630517
0.435743
0.879782
0.674184
0.952134
0.411945
0.593904
0.651974
0.626551
1.227864
1.395544
0.993802
0.738265
0.753268
0.191101
0.312565
0.708222
0.418387
0.694409
0.927820
0.833784
0.437532
0.993610
0.254516
0.668863
0.430500
0.422959
0.633245
0.313472
0.387904
0.660533
0.372563
0.218709
0.479996
0.528204
0.508747
0.701025
0.605816
0.553998
0.229999
0.690414
0.917354
0.962158
0.579618
0.448378
0.442230
0.249533
0.476177
0.364273
0.703459
0.399498
0.657826
1.061246
1.018959
0.643483
0.569698
0.690302
0.904257
0.642811
0.774248
0.510561
0.343798
0.863039
0.681051
0.282013
0.408377
1.123371
0.488841
0.297614
0.428491
0.806637
0.929082
0.427231
0.484937
0.330831
0.360322
0.596220
0.331907
0.750957
0.889941
1.106382
0.149476
0.634020
1.033093
0.445816
0.994379
0.794441
0.444950
0.741578
0.678995
0.239268
0.831267
0.645659
0.574026
0.315110
0.568539
0.205290
0.587027
0.558268
0.538269
0.421742
0.539153
0.356361
0.235656
0.405163
0.637476
0.849366
0.405022
1.081264
0.856346
0.556751
0.978752
0.611242
0.934072
0.761608
0.751760
0.536724
0.280498
0.829310
0.158973
0.916247
0.681237
0.383346
0.540796
0.851750
0.895524
0.411479
0.709823
0.294958
0.621448
0.601331
0.997464
0.760583
0.359877
0.673909
0.549504
0.428124
0.246927
0.477400
0.572161
0.521056
0.406694
0.549358
0.108617
0.685122
0.178543
0.481715
1.235632
0.170988
0.410409
0.208375
0.494064
0.255598
0.444120
0.617650
0.368628
0.254684
0.652888
0.508660
1.018632
0.717831
0.304226
0.519749
0.679754
1.003938
0.508687
0.521444
0.845187
0.508646
1.098222
0.471229
0.197610
0.813035
0.519969
1.006160
0.750548
0.752675
1.211323
0.778854
0.419939
1.606304
0.820575
0.457911
0.750262
0.476474
0.915792
1.094044
0.330198
0.568153
1.098021
0.561761
0.498130
0.649677
0.858322
0.269185
0.584150
0.398951
0.645607
0.162985
0.899579
0.689510
0.834733
0.188282
1.030375
0.420063
0.601579
0.474735
0.748473
0.649944
0.517084
1.121182
0.514063
0.649985
0.150740
0.577542
1.063016
0.620133
1.010780
0.722401
0.642681
0.143331
0.567206
0.575683
1.062828
0.912603
0.771133
0.489346
1.444197
1.043094
0.874560
0.760713
0.731686
0.473734
0.857336
0.765601
0.407178
0.441707
0.341412
0.795765
0.888851
1.057098
0.923953
0.546422
0.591410
0.494004
0.863187
1.086417
0.373981
0.668478
0.773438
0.863454
1.203501
0.705840
0.398083
1.067334
0.569544
0.267215
0.383836
0.415759
0.618869
1.079419
0.334873
1.065515
0.820967
0.864922
0.510543
0.863370
0.730092
0.711572
0.522126
0.676271
1.071832
0.823850
0.508365
0.307270
0.959685
0.851600
0.535778
0.405826
0.910373
0.433459
0.882826
0.571142
0.669331
1.017830
0.539245
0.616900
0.715779
0.508221
0.414243
0.624512
0.678267
0.339886
0.755749
0.390785
0.700881
0.996782
0.659758
0.306131
0.566273
1.102988
0.876567
0.354654
0.895745
0.612944
0.366292
0.467309
0.882967
0.745242
0.434861
0.393371
0.303448
0.643850
0.900656
0.848741
0.877079
1.026503
0.744677
0.857441
0.847981
0.347024
0.502310
0.683566
0.978222
0.644249
0.908272
0.760375
0.744777
0.453555
0.165773
0.801454
0.549543
0.204882
0.411948
0.708760
0.748542
0.374638
0.398558
0.495116
0.342688
0.947419
0.376156
0.509955
0.551076
0.192770
0.826225
1.003104
0.416873
0.388242
0.590822
0.891292
0.217663
1.143667
0.441224
0.647491
0.494454
0.445698
0.262313
0.412504
0.687720
0.574113
0.561669
0.613702
0.839150
0.495438
0.646639
0.630721
0.632955
0.328986
0.444015
0.752383
0.599840
0.600982
0.857200
0.302718
1.028472
0.738112
1.145009
0.505216
0.566305
0.954440
0.811075
0.397949
0.578197
0.830644
0.844324
0.823958
0.329906
0.572487
0.611924
0.942677
0.679155
0.560865
0.306620
0.647635
0.624906
0.337192
0.744004
1.108967
0.357388
0.449699
0.696729
0.360268
0.741183
0.598328
1.119178
0.430057
0.624081
0.274634
0.421223
0.420964
0.451378
0.796856
0.646026
0.680126
0.551170
0.903433
0.668719
1.205324
0.449732
0.483040
0.243545
0.979013
0.469176
0.289244
0.482344
0.306657
0.802862
0.761244
0.591258
1.218411
0.585265
0.499789
1.117907
0.508797
0.556283
0.650216
0.985147
0.458749
0.325457
1.043216
0.942869
1.013010
0.512418
0.705234
0.470844
1.175069
0.591329
0.885043
0.372801
0.716607
0.830149
0.672395
0.584271
0.662269
0.683790
0.447603
0.761558
0.648812
0.919183
0.706391
0.511251
0.622546
0.517019
0.328133
1.490527
0.487997
0.909205
0.827920
0.753534
0.819760
0.707319
0.373519
0.528615
0.770986
0.819624
0.492345
0.764394
0.608937
0.532151
0.678997
0.400215
0.437951
0.179861
0.399384
0.488387
1.479536
0.564012
0.774401
0.889578
1.004148
0.810557
0.361633
1.399029
0.747362
0.541848
0.779458
0.279983
0.955741
0.124801
0.972035
0.831124
0.810518
0.418462
0.313710
0.710144
0.355547
0.630500
1.005708
0.152350
0.542225
0.626489
0.868783
1.401148
0.433457
1.025727
0.790770
0.740895
1.129089
0.390584
0.624896
0.364034
0.413331
0.570042
1.092381
0.772111
0.682674
0.467551
0.935143
0.544500
0.349329
0.499329
0.411720
0.675948
0.520354
0.792632
0.504734
0.479496
0.319857
0.564650
0.956051
0.474298
0.413300
0.234408
0.903956
0.562163
0.707384
0.593441
0.350066
0.738274
0.655403
0.506652
0.662208
0.790813
0.757664
0.763024
0.402396
0.509981
0.609548
0.395061
0.468105
0.704116
0.507305
0.763757
1.175990
0.704993
0.117890
0.728570
0.607108
0.966076
0.352445
0.641764
0.702592
0.775633
0.716835
0.268968
0.296194
0.793943
0.929389
0.694064
0.532346
0.680701
0.313964
0.791812
0.725388
0.487214
0.824240
0.625480
0.528068
0.310281
0.636505
0.221797
1.171753
0.975694
0.923538
1.356679
0.723532
1.079387
0.889775
0.182606
0.713336
1.133599
0.653790
0.283612
0.988609
1.032861
0.827012
0.486108
0.375629
0.662904
0.641400
0.321600
0.769320
0.232364
0.472980
0.978331
0.620300
0.126037
0.569048
0.691955
0.655134
0.184648
0.679279
0.365545
0.687682
0.534165
0.776490
0.500066
0.731175
0.557562
1.058664
1.167659
0.708159
0.509383
1.249969
0.361290
0.860639
0.719912
0.971647
0.547139
1.119266
0.687282
0.634495
0.103483
0.778967
0.534917
0.483290
0.835491
0.455950
0.676632
0.593812
0.804025
1.078681
0.658499
0.144459
0.558304
0.380771
0.582828
0.486168
0.342283
0.496498
0.582389
0.429154
0.337858
1.311615
0.597292
0.564749
0.150088
0.258518
0.279219
0.878186
0.461422
0.574622
0.344476
0.518881
0.948861
0.433105
0.541813
0.496160
0.415496
0.458676
0.311338
0.752307
1.086249
0.325576
0.148344
0.569395
0.435897
0.802036
0.805631
0.216928
0.818005
0.379037
0.629747
0.770641
0.678799
0.612395
0.371817
0.720994
1.242761
0.322301
0.674229
0.921224
0.488308
1.117858
0.902015
0.534529
0.484206
1.045475
0.089717
0.755132
0.692719
0.591056
0.915509
0.394925
0.885493
0.396782
0.478890
1.078340
0.183341
0.411043
0.647354
0.458190
0.277639
0.319798
0.419976
0.370327
0.596110
0.468879
0.295073
0.235884
0.435744
0.596577
0.433833
0.481840
0.462193
0.340543
0.426703
0.494817
0.490625
0.534573
0.465036
0.625228
1.192407
0.835990
0.372443
0.535179
0.320041
0.179580
0.565565
1.008581
0.395810
0.342420
0.464401
0.534666
0.367786
0.255665
0.688573
0.810403
0.683554
0.387976
0.331720
1.036394
0.270533
0.390991
0.433945
0.121539
0.213808
0.705293
0.459418
0.516255
0.896626
0.584616
0.385183
0.439676
0.616176
0.313059
0.713176
0.381488
0.915039
0.336053
0.410247
0.582591
0.480966
0.943088
0.598882
0.268896
1.196919
0.731466
0.622225
0.842860
1.309386
0.531444
0.643921
0.187094
0.936866
0.904487
0.893706
0.795456
0.905284
0.171828
0.797516
0.395312
0.315122
0.743785
0.940369
1.143190
1.196879
0.480825
0.415456
0.555436
0.896493
1.150966
0.572525
0.623672
0.373558
0.352355
0.240553
1.154515
0.848110
0.663658
0.758744
0.939516
0.242574
0.630470
0.746853
1.190508
0.691635
0.431595
0.699875
1.045233
0.486953
0.395515
1.284116
0.498234
0.747610
0.465260
0.471805
0.876184
0.465719
0.515466
0.861721
0.590866
0.870585
0.714171
0.327973
0.434729
0.527876
0.533437
0.683200
0.462791
0.557039
0.740356
0.742097
0.514586
1.075627
0.921686
0.912697
0.885996
0.800872
0.688097
0.753965
0.753780
0.394120
0.220325
0.969458
0.483642
0.514992
0.269799
0.201450
0.598739
0.451059
0.438544
0.487100
1.001864
1.094229
0.270208
1.043894
0.315996
0.574265
0.501412
0.446535
0.427262
1.044268
0.824288
0.772640
0.582770
0.515220
0.992727
0.928543
0.999002
0.918977
0.879081
0.187995
1.413889
0.938544
0.568570
0.298529
0.547871
0.334676
0.783525
0.553329
0.424043
0.577171
0.804194
0.331466
0.551834
0.933100
0.701491
1.122424
0.746164
0.363950
0.693729
0.732139
0.955635
0.476854
0.744430
0.884850
0.892986
0.435909
0.284072
0.646219
0.517742
0.859277
0.984115
0.738417
0.549751
0.599378
0.511816
0.390085
0.257822
0.251286
0.685814
0.393584
0.329449
0.695361
0.686681
0.567289
0.852829
0.522270
0.346282
0.266907
0.397683
0.588476
0.415612
0.550262
0.638081
0.860568
0.665393
0.603904
0.957456
0.430481
0.327625
0.386458
0.574029
0.347007
0.536416
0.824989
1.339939
0.693154
0.917758
0.525217
0.366605
0.736069
1.059114
0.198844
0.943799
0.444524
0.520210
0.622329
1.166348
0.421087
0.281514
0.764342
0.767288
0.520901
0.692209
0.595624
0.451900
0.698764
0.548432
0.650336
0.904689
0.664338
0.923908
0.735982
0.324243
1.377198
1.138416
0.496371
0.403807
0.414929
0.832045
1.307301
0.469342
0.764209
0.856428
0.587054
0.842150
0.702341
0.526116
1.083073
0.983085
0.837570
0.368751
0.454910
0.734472
0.790445
1.646060
0.743392
0.341879
0.816854
0.604922
0.223476
0.589255
0.206056
0.374100
0.739229
0.331567
0.660713
0.752041
0.412168
0.332447
0.417581
0.162697
0.563370
0.278625
0.968434
0.680157
0.417885
0.839953
0.457001
0.550701
0.292816
