0.632327
0.630993
0.102899
0.342178
0.659548
0.911336
0.454125
0.214834
0.494299
0.702223
0.944703
0.369278
0.559797
0.576371
0.225444
0.466697
0.634622
0.494683
0.450767
0.430284
0.550712
0.620684
0.225814
0.201970
0.345870
0.395860
1.267542
0.627358
0.325485
0.710055
0.458346
0.216684
0.486186
0.832086
0.569084
0.545870
0.414443
0.367909
0.488939
0.452445
0.462478
0.758917
0.354046
0.501504
0.357498
0.953935
0.463090
0.513919
1.110360
0.473898
0.451964
0.295660
0.733845
0.593078
0.517943
0.283031
1.516918
0.425555
0.563679
0.159330
1.018942
0.591156
0.618242
0.598058
0.481136
0.500902
0.574573
0.334977
0.483415
0.726483
0.537599
0.505750
0.646370
0.822209
0.174155
0.799157
0.573865
0.291365
0.353817
0.491821
0.081934
0.221919
0.425015
0.401159
0.518882
0.408924
0.487256
0.435782
0.480845
0.479231
0.863648
0.789132
0.583241
0.238891
0.600920
0.281407
0.732642
0.397378
0.318347
0.514684
0.296017
0.410099
0.566682
0.216854
0.457620
0.637679
0.602995
0.541021
0.662916
0.554885
0.619788
0.862792
0.548729
0.773243
0.477673
0.820270
0.793744
0.244400
0.494796
0.353478
0.358911
0.378204
0.227913
0.347520
0.848007
0.641184
0.842729
0.463126
0.267080
0.157080
0.462006
0.721869
0.454297
0.596224
0.753583
0.328649
0.948962
0.576534
0.517113
0.344159
0.466015
0.122066
0.787586
0.355860
0.641456
0.468291
0.790623
0.986960
0.648011
0.748693
0.549233
0.632858
0.138925
0.221816
0.299851
0.488150
0.872761
0.792166
0.300291
0.255642
0.128386
0.310304
0.429678
0.358238
0.702890
0.062503
0.299658
0.704722
0.306840
0.391151
0.226917
0.319104
0.459337
0.957014
0.370672
0.449827
0.787263
0.559304
0.919153
0.704952
0.279943
0.891341
1.122073
0.370921
0.681425
1.196846
0.658891
0.293266
0.700488
0.522681
0.746774
0.703045
0.297465
0.474760
0.463779
0.246367
0.531839
0.493503
0.218207
1.031586
0.608279
0.427411
0.797673
0.184480
0.298850
0.395546
0.153934
0.902946
0.299641
0.185147
0.179247
0.880298
0.447634
0.571668
0.751931
0.177717
0.873714
0.251476
0.861341
0.382119
0.522398
0.531471
0.522936
0.135413
0.617291
0.432233
0.421457
0.917843
1.437147
0.572999
0.709227
0.822022
0.492346
0.679008
0.225849
0.525643
0.358391
0.686487
0.438345
0.751232
0.582203
0.412014
0.476828
0.659096
0.490119
0.572870
0.739173
0.383439
0.168321
0.720129
0.676965
1.139315
0.687581
0.524282
0.255536
0.264326
0.492721
0.752213
0.509596
0.722212
0.589315
0.748957
0.421885
0.471897
0.544859
0.337938
0.594699
0.632575
0.330379
0.445539
0.374473
0.759381
0.488914
0.454641
0.510313
0.458345
0.566290
0.710605
0.693939
0.522761
0.771884
0.428584
0.764959
0.464450
0.498048
0.811647
0.949246
0.594121
0.605674
0.183936
0.494784
0.516816
0.608096
0.714880
0.530127
0.366911
0.889816
0.674208
0.551654
0.518146
0.619288
0.782266
0.173381
0.431838
0.743961
0.710415
0.371012
0.223243
0.410137
0.516903
0.546784
0.954966
0.528076
0.177381
0.248437
0.319640
1.022822
0.166251
0.682715
0.768694
0.573861
0.804105
0.481428
0.126780
0.416554
0.351426
0.531094
0.309612
0.421102
0.817958
0.887993
0.715832
0.429041
0.588303
1.059884
0.725467
0.335928
0.268604
0.251256
0.290501
0.409994
0.636607
0.586126
0.551392
0.555388
0.626625
0.545642
0.664471
0.497352
0.387055
0.332612
0.217323
0.460912
0.296834
0.437268
0.753294
0.863019
0.610594
0.573951
0.216959
0.471864
0.549664
0.347329
0.292621
0.574423
1.073883
0.272773
0.478155
0.731607
0.497112
0.728319
0.455659
0.511711
0.763067
0.466443
0.272886
0.653625
0.372002
0.798561
0.433368
0.243539
0.604204
0.689721
0.268444
0.716305
0.848144
0.376693
0.792923
0.193031
0.335001
0.029053
0.226906
0.457910
0.526644
0.871401
0.453382
0.459576
0.971048
0.650174
0.549491
0.287379
0.826662
0.602983
0.579263
0.460777
0.314075
0.323369
0.217732
0.373334
0.398002
0.278521
0.843429
0.737824
0.366476
0.301968
0.576218
0.219992
0.308668
0.478096
0.430254
0.579142
0.479582
0.668552
0.562282
0.184906
0.492185
0.642333
0.277172
0.618657
0.630493
0.551047
0.437073
0.153045
0.710546
0.447289
0.488650
0.323331
0.350460
0.660575
0.474639
0.803657
1.049788
0.522723
0.955614
0.771431
0.231036
0.458902
0.811871
0.414209
0.513507
0.098837
0.398269
1.238359
0.668370
0.188911
0.276099
0.330853
0.321120
0.686975
0.276810
0.827454
0.618608
0.236841
0.710800
0.460437
0.159608
0.144521
1.041557
0.176886
0.553600
0.372719
0.340232
0.664982
0.564075
0.370250
0.380031
1.104181
0.344517
0.502598
0.613231
0.806436
0.312340
0.622844
0.302598
0.841860
0.521580
0.392273
0.676257
0.634610
0.445014
0.489969
0.376782
0.534457
0.488132
0.428186
0.245469
0.603653
0.278375
0.358645
0.521600
0.167593
0.464752
0.799844
0.225451
0.615710
0.229444
0.804013
0.508482
0.846902
0.651753
0.961784
0.436234
0.279496
0.603551
0.529351
0.743247
0.729630
0.402225
0.457710
0.967146
0.216747
0.398439
0.244655
0.326586
0.354468
0.375011
0.231017
0.553756
0.759504
0.419153
0.676410
0.730615
0.264061
0.475429
0.605239
0.291682
0.294937
0.514607
0.327646
0.739089
0.364669
0.772172
0.343282
0.621774
0.264297
0.255015
0.309441
0.351848
0.307329
0.299385
0.646862
0.623626
0.377228
0.638893
0.325930
0.382316
0.602238
0.620058
0.605934
0.935972
0.471737
0.273914
0.306352
0.559941
0.697343
0.549211
0.591910
0.078676
0.359248
0.435544
0.623893
0.302237
0.412197
0.253039
0.256479
0.281990
0.253081
0.886245
0.676949
0.781852
0.578576
0.316088
0.179021
0.532486
1.261012
0.226800
0.247369
0.122638
0.631053
0.644330
0.199048
0.783208
0.359187
0.679771
0.573901
0.720483
1.051440
0.535170
0.360644
0.232514
1.155231
0.251413
0.541207
0.261316
0.246010
0.577140
0.336400
1.149660
0.770775
0.368809
0.607461
0.856037
0.409543
0.647640
0.306825
0.215598
0.917311
0.427543
0.112412
0.906779
0.765029
0.584709
0.268969
0.655333
0.578715
0.757390
0.276866
0.640878
0.797099
0.294617
0.238176
0.482649
0.668824
0.619536
0.142988
0.257175
0.762981
0.875408
0.244841
0.936161
0.376658
0.199875
0.546919
0.393755
0.188583
1.039682
0.527082
0.471948
0.606972
0.409064
0.336787
0.695897
0.202867
0.235856
0.515076
0.657687
0.394925
0.616419
0.725293
0.298575
0.682318
0.284546
0.681989
0.723284
0.351942
0.558852
0.426809
0.149911
0.024355
0.650912
0.272649
0.638843
0.397828
0.514539
0.711657
0.532425
0.589182
0.607716
1.151647
0.637777
0.224973
0.095500
0.501245
0.261452
0.422375
0.312882
0.475679
0.418870
0.547036
0.294943
0.276677
0.295824
0.378032
0.793115
0.312718
0.907929
0.482945
0.396496
0.178353
0.593224
0.267222
0.368111
0.365469
0.562633
0.277934
0.304508
0.378391
0.551207
0.317913
0.249042
0.619368
0.701485
0.419641
0.296431
1.192663
0.583593
0.379582
0.645490
1.054595
0.406595
0.226635
0.140531
0.380119
0.250200
0.966431
0.666601
0.333790
0.445688
0.491422
0.334973
0.496199
0.694639
0.698717
0.764557
0.556387
0.244377
0.713767
0.443417
0.340868
1.005460
0.250330
0.956159
0.547185
0.257521
0.265282
0.496922
0.741418
0.289022
0.969852
0.493665
0.305716
1.135222
0.479477
0.537214
0.692464
0.197679
0.358846
0.247925
0.669434
0.055847
0.465431
0.415568
0.575419
0.727631
0.438871
0.791698
0.340290
0.554908
0.287817
0.236915
0.502597
0.577510
1.040527
0.605337
0.591748
0.386737
0.345199
0.845390
0.488033
0.632686
0.556143
0.938693
0.660920
0.634662
0.425097
0.316401
0.630795
0.545650
0.348405
0.323102
0.549372
0.506968
0.517876
0.201061
0.417846
0.280473
0.719803
0.546990
0.518447
0.332879
0.463838
0.615934
0.263195
0.601536
0.306352
0.323557
0.643181
0.350234
0.282308
0.478693
0.303794
0.781843
0.057009
1.022038
0.265745
0.072651
0.503866
0.716932
0.566126
0.648400
0.416729
0.338717
0.338347
0.436054
0.943375
0.442383
0.321767
0.347129
0.599671
0.726225
0.130795
0.579471
0.164602
0.335046
0.882396
0.360783
0.549389
0.597191
0.665666
0.348426
0.207319
0.265276
0.506993
0.428578
0.664609
0.625737
0.286080
0.497909
0.267498
0.628683
0.700752
0.403670
0.409780
0.420870
0.426175
0.673775
0.685839
0.452161
0.462138
0.753314
0.618147
0.679628
0.677007
0.460019
0.311501
0.298409
0.352350
0.417086
0.549370
0.048304
0.433501
0.745874
0.462763
0.485859
0.897746
0.681933
0.288468
0.563409
0.665113
0.390428
0.747199
0.155443
0.150546
0.488558
0.462992
1.007545
0.904144
0.657016
0.592117
0.553905
0.164898
0.246778
0.542284
0.540077
0.502183
0.563943
0.413298
0.320859
0.423589
0.217727
0.729816
0.423734
0.502776
0.186723
0.517082
0.168376
0.290726
0.765461
0.546336
0.405653
0.256310
0.310884
0.485157
0.155944
0.472152
0.641435
0.863741
0.262599
0.465056
0.407418
0.447597
0.385496
0.496741
0.402557
0.762431
0.351133
0.711722
0.765419
1.060529
0.921206
0.128000
0.695709
0.272242
0.922474
0.434308
0.460251
0.530974
0.351782
0.346850
0.299982
0.449754
0.367149
0.429427
0.597326
0.252696
0.438375
0.640629
0.169520
0.621533
0.520692
0.096941
0.708818
0.190016
0.374079
0.791458
0.569546
0.773908
0.502988
0.634177
0.501336
0.553349
0.322432
0.626048
0.551328
0.737675
0.496037
0.694712
0.380995
0.650407
0.393557
0.519889
0.605849
0.405997
0.489068
0.559627
0.131243
0.571781
0.455029
0.277434
0.370058
0.547831
0.688973
0.450124
0.522328
0.758423
0.805586
0.495707
0.479959
0.517805
0.436286
0.618905
0.410626
0.410108
0.659436
0.728623
0.247607
0.663530
0.760808
0.895497
0.702468
0.689825
0.299630
0.332572
0.479558
0.635316
0.487731
0.458064
0.418371
0.731213
0.495065
1.294317
0.878098
0.441649
0.565921
0.402359
0.315744
0.364870
0.476713
0.850596
0.299381
0.822861
0.395157
0.440103
0.494868
0.392181
0.924617
0.417655
0.427523
0.407561
0.609360
0.415577
0.449189
0.864856
0.688144
0.738073
0.825247
0.320636
0.123494
0.310739
0.581504
0.769061
0.901852
0.333703
0.295057
0.364016
0.915973
0.543573
0.548908
0.866688
0.774224
0.427604
0.095052
0.351309
0.341570
0.139289
0.587784
0.765565
0.582118
0.270501
0.740078
0.678166
0.271118
0.585251
0.553251
1.040748
0.772608
0.379791
0.729830
0.606523
0.145284
0.825673
0.461529
0.360192
0.554465
0.791024
0.505646
0.707510
0.396939
0.805723
0.218921
0.532132
0.467719
0.397747
0.437585
0.468066
0.565131
0.470716
0.486353
0.737188
0.584472
0.342945
0.356234
0.437608
0.916281
0.628493
0.767238
0.459478
0.383862
0.730150
0.510777
0.352803
0.522712
0.378204
0.695236
0.629963
0.851416
1.097398
0.662346
0.581142
0.792670
0.439326
0.901346
0.378402
0.413171
0.187670
0.299274
0.297768
0.537525
0.610912
0.288138
0.975542
1.014461
0.223007
0.559424
0.343244
0.358168
0.662601
0.422958
0.564710
0.627772
0.605784
0.186942
0.393381
0.193167
0.665155
0.391272
0.334209
0.394265
0.563467
0.412370
0.230800
0.464558
0.823982
0.361149
0.992675
0.454121
0.629790
0.386642
0.195094
0.460163
0.571000
0.915218
0.403163
0.294229
0.383952
0.542356
0.703834
0.985801
0.407231
0.485001
0.263696
0.396144
0.234701
0.469145
0.821991
0.531776
0.481187
0.885556
0.408515
0.289416
0.383992
0.156157
0.342573
0.529049
0.772831
0.870619
0.552472
0.213230
0.590104
0.513210
0.818409
0.530297
0.433869
0.692990
0.678641
0.562018
0.675333
0.642617
0.483488
0.700857
0.521823
0.211806
0.229373
0.456601
0.520565
0.596631
0.484677
0.137277
0.838021
0.395456
0.421242
0.835202
0.187644
1.022411
0.828371
0.782484
0.485065
0.681232
0.483449
0.496166
0.538175
0.515318
0.870913
0.555806
0.527719
0.342097
0.198581
0.542015
0.962549
0.846649
0.456325
0.826111
0.767357
0.834279
0.419633
0.358595
0.613149
0.409758
0.660545
1.176332
0.481640
0.499376
0.527877
0.886677
0.342586
0.492652
0.410799
0.477568
0.520154
0.375973
0.490973
0.350130
0.805329
0.405936
0.752920
0.963319
0.517704
0.528255
0.280169
0.756257
0.497959
0.545477
0.859744
0.468850
0.276768
0.517666
0.523267
0.292848
0.890535
0.185952
0.640318
0.441107
0.297830
0.240883
0.528524
0.536630
0.540365
0.902765
0.501002
0.785094
0.103716
0.467883
0.538110
0.230227
0.435561
0.219932
0.444301
0.647608
0.449753
0.315923
0.456258
0.367245
0.366682
0.360089
0.315878
0.651591
0.701970
0.365960
0.235877
0.692693
0.597659
0.425442
0.340801
0.382706
0.605992
0.601768
0.604383
0.535640
0.860474
0.426885
0.272351
0.996109
0.595492
0.853741
0.468090
0.173320
0.556927
0.195324
0.515603
0.411687
0.469553
0.266438
0.369335
0.410063
0.867657
0.310626
0.296947
0.348785
0.678574
0.641826
0.192102
0.832195
0.531072
0.708520
0.576324
0.424496
0.538058
0.504158
0.913760
0.326848
0.711085
0.615811
0.863070
0.509495
0.407270
0.445530
0.618655
0.507420
0.625774
0.693452
0.980613
0.604546
0.594247
0.452523
0.828004
0.466953
0.627724
0.510122
0.733555
0.798009
0.361363
0.481385
0.482221
0.543241
0.877581
0.440312
0.331338
0.664795
0.344643
0.227446
0.760260
0.732392
0.580290
0.937311
0.379546
0.732411
0.186220
0.245323
0.780895
0.713900
0.587608
0.411189
0.971790
0.360058
0.912535
0.439580
0.259016
0.724832
0.946021
0.904462
0.658219
0.636344
0.499700
0.730961
0.525116
0.434641
0.475341
0.151338
0.615011
0.717361
0.339574
0.283329
0.569400
0.435441
0.260130
0.155188
0.775758
0.849830
0.443260
0.442679
0.248176
0.594368
0.218981
0.735031
0.609886
0.523646
0.251921
0.105305
0.734137
0.459125
0.911018
0.783875
0.308655
0.882426
0.594604
0.366240
0.643436
0.297555
0.554540
0.381150
0.174445
0.518076
0.441938
0.471782
0.687242
0.331521
0.632795
0.420951
0.532373
0.728741
0.580048
0.260004
0.516629
0.206068
0.572233
0.057966
1.200385
0.438192
0.777126
0.592269
0.297501
0.302220
0.280432
0.269306
0.484375
0.710796
0.729146
0.536809
0.667726
0.151852
0.814000
0.971858
0.301425
0.590493
0.583813
0.370940
0.565754
0.631552
0.251027
0.573556
1.093420
0.203047
0.663885
0.306834
0.872831
0.556487
0.905715
0.694537
0.540590
0.709707
0.600453
0.436098
0.637211
0.454793
0.427513
0.498772
0.329145
0.346953
0.532301
0.248633
0.565356
0.312924
0.172162
0.283965
0.499459
0.286397
0.566845
0.838251
0.560078
0.768749
0.358203
0.598439
0.957393
0.447818
0.995311
0.590879
0.194852
0.475953
0.540497
0.688897
0.678354
0.544890
0.316092
0.304092
0.489694
0.725805
0.827076
0.509212
0.582099
0.127044
0.475619
0.848898
0.666935
0.540018
0.383082
0.672912
0.589319
0.454842
0.441316
0.512229
0.505959
0.208722
0.679898
0.409174
0.526944
0.160724
0.450360
0.724588
0.290159
0.725503
0.787088
0.530940
0.331671
0.413809
0.796034
0.817642
0.306961
0.670320
0.796235
0.313964
0.356047
0.677364
0.483875
0.156081
0.601316
0.379203
0.594313
0.509079
0.414042
0.803871
1.172009
0.293820
0.618072
0.828794
0.515552
0.447531
0.333910
0.444111
0.963371
0.612714
0.584956
0.229041
0.459206
0.298378
0.376683
0.462667
0.617866
0.341612
0.787080
0.582085
0.100795
0.234593
0.418676
0.665841
0.696840
0.381510
0.485534
0.544578
0.388266
0.438768
0.968352
0.542441
0.639241
0.346656
0.223243
0.239823
0.854255
0.245501
0.448887
0.793504
0.538447
0.810091
0.906709
0.195007
0.172578
0.519475
0.302721
0.725933
0.378517
0.287362
0.598223
0.197297
0.620398
0.191344
0.614218
0.765377
0.330812
0.431954
0.266915
0.370382
0.838654
0.670125
0.446228
0.592961
0.873455
0.335180
0.724001
0.471261
0.508223
0.160097
0.392679
0.570262
0.652314
0.360682
0.308622
0.536025
0.554182
0.424496
0.258204
0.821463
0.515692
0.329671
0.799256
0.321858
0.074162
0.276734
0.823883
0.454497
0.849305
0.669789
0.282828
0.561790
0.908104
0.532473
0.242311
1.146636
0.584184
0.337770
0.384932
0.157399
0.146464
0.677641
0.636598
0.429063
0.553294
0.295751
0.455782
0.475912
0.422996
0.949445
0.800755
1.205301
0.360806
0.469614
0.910290
0.892256
0.913959
0.242078
0.146325
0.498088
0.543956
0.423616
0.383635
0.375201
0.376186
0.377462
0.367591
0.368226
0.503547
0.607274
0.677551
0.461263
0.586847
0.689098
0.413392
0.292630
0.953275
0.293418
0.526735
0.718994
0.692298
0.847321
0.456293
0.332450
0.985489
0.644825
0.415768
0.636635
0.162691
0.190482
0.442810
0.620967
0.663825
0.664552
0.820987
0.414507
0.521015
0.237889
0.226529
0.504309
0.503220
0.689324
0.731246
0.588408
0.400644
0.249149
0.622652
0.415105
0.345408
0.319898
0.378853
0.438831
0.506044
0.339952
0.360901
0.903011
1.009860
0.644040
0.351216
0.342903
0.177294
0.130093
0.368837
0.419999
0.375041
0.432275
0.180978
0.594528
0.648449
0.680692
0.345761
0.890405
0.523955
0.686406
0.306586
0.235197
0.815908
0.670962
0.636792
0.289570
0.607777
0.285937
0.829528
0.419361
0.398600
0.586701
0.531549
0.452116
0.541091
0.310536
0.229983
0.169695
0.905455
0.292461
0.317097
0.320524
0.346327
0.598647
0.390397
0.167389
0.225345
0.574480
0.271719
0.285205
0.816574
0.438954
0.426033
0.230920
1.071588
0.360437
0.896582
0.200129
0.600961
0.977566
0.521550
0.692444
0.288441
0.506248
0.309729
0.391475
0.723992
0.326354
0.808420
0.484171
0.408746
0.313652
0.751045
0.630793
0.587521
0.319331
0.329397
0.536882
0.313843
0.644621
0.599339
0.473340
0.436420
0.810665
0.377208
0.778366
0.270252
1.033053
0.360119
0.305870
0.680224
0.758681
0.634921
0.239635
0.351063
0.550686
0.898315
0.389627
0.452677
0.636646
0.497601
0.531101
0.213043
0.125144
0.308980
0.647904
0.893807
0.952825
0.563817
0.496124
0.457327
0.692271
0.066269
0.415119
0.351409
0.570959
0.444375
0.332515
0.248770
0.204634
1.062283
0.543160
0.639242
0.535653
0.774737
0.379234
0.189587
0.872843
0.460391
0.377178
0.436268
0.438584
0.622839
0.375546
0.941471
0.470300
0.679692
0.429265
0.475833
0.718484
0.222674
0.599147
0.363149
0.160273
0.730181
0.404243
0.397772
0.434479
0.390471
0.518064
0.843493
0.595953
0.558247
0.489250
0.825667
0.714695
0.361441
0.494054
0.234383
1.222941
0.651715
0.639379
0.537170
0.552128
0.496273
1.112952
0.402573
0.436794
0.352183
0.449926
0.325751
0.735277
0.860226
0.320583
0.925575
0.349505
0.715980
0.090742
0.556489
0.283606
0.610286
0.067235
0.737957
0.358001
0.712271
0.461002
0.439653
0.259209
0.748974
1.037289
0.636711
0.425942
0.336198
0.573277
0.317248
0.625176
0.479565
0.808622
0.390956
0.314415
0.635279
0.632716
0.620094
0.373322
0.405720
0.688426
0.558363
0.503939
0.768187
0.705161
0.541973
0.571865
0.433775
0.303248
0.182381
0.341615
0.309849
0.266198
0.289281
0.653001
0.671238
0.325182
0.746572
0.652371
0.234947
0.728753
0.390934
0.533889
0.526558
0.324728
0.578730
0.586444
0.580301
0.290142
0.414535
0.497251
0.907185
0.899953
0.659331
0.004300
0.649564
0.511848
0.349680
0.304548
0.787508
0.250756
0.522677
0.321433
0.657661
0.545782
0.333555
0.548828
0.535938
0.388766
0.843767
0.361002
0.305314
0.446119
0.281614
0.354574
0.496734
0.598403
0.742701
0.270658
0.900343
0.850704
0.438400
0.708640
0.855305
0.713353
0.612055
0.342312
0.524295
0.525568
0.417674
0.302185
0.208250
0.156932
0.830180
0.662719
0.740208
0.579173
0.356074
0.944491
0.627701
0.727814
0.582553
0.455975
0.325309
0.717269
0.717023
0.568348
0.400966
0.467342
0.596342
0.251627
0.411909
0.448354
0.882867
0.947735
0.481790
0.341922
0.678331
0.245866
0.712878
0.409987
0.351540
0.599841
0.391364
0.357479
0.170095
0.527482
0.618731
0.348026
0.473311
0.527368
0.513395
0.528363
0.675489
0.360252
0.595769
0.277007
0.209209
0.427104
0.926998
0.294561
0.415839
0.281726
0.840042
0.795714
0.431750
0.366951
0.514122
0.682088
0.587748
0.842363
0.737153
0.614004
0.534664
0.403003
0.348800
0.350070
0.352229
0.642857
0.272819
0.155398
0.653276
0.446694
0.579445
0.689750
0.345524
0.181350
0.169683
0.655757
0.524434
0.376772
0.568709
0.930114
0.158691
0.425367
0.229662
0.185596
0.357560
0.992865
0.504806
1.197909
0.597996
0.177800
0.527191
0.483601
0.759062
0.202006
0.178249
0.671063
0.631727
0.639766
0.376658
0.630804
0.966972
0.549631
0.481867
0.805862
0.271113
0.397696
0.694972
0.631683
0.813280
0.248411
0.775949
0.445461
0.299662
0.339243
0.677393
0.289963
0.174171
0.420433
0.364729
0.635116
0.681313
0.358747
0.401802
0.280418
0.579393
0.351305
0.434511
0.403367
0.632919
0.542504
0.282181
0.781258
0.504543
0.627210
0.779698
0.422359
0.674621
0.522869
0.297074
0.312212
0.297448
0.334877
0.365190
0.307277
0.524023
0.231538
0.766002
0.652922
0.385144
0.849331
0.633439
0.340233
0.605229
0.610294
0.312352
0.437808
1.036718
0.519110
0.469618
0.460273
0.255442
0.497790
0.958844
0.472658
0.643582
0.843879
0.423468
0.603662
0.167592
0.674504
0.441589
0.348795
0.314457
0.360122
0.196054
0.364989
0.575261
0.519723
0.690574
0.927335
0.282303
0.456272
0.170255
0.492955
0.640187
0.933767
0.645194
0.452129
0.292066
0.940630
0.730718
0.520544
0.474413
0.211046
1.109525
0.351112
0.438101
0.768374
0.243480
0.926480
0.138013
0.537171
0.513303
0.541393
0.740544
0.424659
0.495452
0.347804
0.761994
0.564169
0.457669
0.611853
0.391354
0.488487
0.623598
0.562810
0.396891
0.371251
0.673050
0.479180
0.353157
0.370417
0.499513
0.493979
0.912060
0.401504
0.522553
0.644414
0.532524
0.371573
0.517947
0.435188
0.526402
0.901641
0.271188
0.596123
0.503197
0.602094
0.937276
1.016507
1.088140
0.869778
0.356801
0.501600
0.468620
0.922357
0.733768
0.703336
0.230983
0.774464
0.841424
0.644954
0.215410
0.324986
0.564036
0.263096
0.465827
0.573666
0.610234
0.735027
0.629786
0.351819
0.357063
0.661891
0.417775
0.585055
0.753664
0.393636
0.095430
0.368291
0.262057
0.172451
0.718945
0.371346
0.209096
0.587958
0.376647
0.550359
0.318344
0.916018
0.775955
0.661452
0.580087
0.510951
0.214345
0.319551
0.468051
0.842918
0.468344
0.391735
0.735966
0.748146
0.343772
0.203946
0.533672
0.443377
0.253623
0.478672
0.724040
0.493368
0.383095
0.774443
0.849640
1.142600
0.549734
0.521957
0.348797
0.727192
0.541813
0.600418
0.217231
0.458187
0.210463
0.420990
0.306054
0.505615
0.393539
0.512125
0.410770
0.560282
0.321540
0.746489
0.505747
0.485432
0.713314
0.358415
0.186515
0.828720
0.849488
0.442800
0.362426
0.529016
0.422027
0.490950
0.559558
0.409957
0.595336
0.474959
0.532849
0.325856
0.586424
0.544190
0.356833
0.059406
0.215249
0.065420
0.670478
0.294994
0.422200
0.944883
0.486723
0.705983
0.430944
0.377242
0.585243
0.280309
0.548480
1.063309
0.572912
0.163273
0.745238
0.546375
0.622621
0.494254
1.108751
0.824364
0.381152
0.846768
0.727793
0.681814
0.607708
0.539458
0.665684
0.550543
0.585425
0.755487
0.482145
0.277150
0.135798
0.311976
0.416050
0.232734
0.158521
0.504358
0.626496
0.797593
0.441734
0.469652
0.594376
0.402638
0.377937
0.718276
0.354335
0.637568
0.458522
1.004321
0.343751
0.627069
0.339796
0.644917
0.403959
0.444206
0.421648
0.374573
0.452240
0.324619
0.874884
0.557944
0.586368
0.160456
0.217437
0.340203
0.904637
0.157302
0.564099
0.123345
0.530126
0.568233
0.632038
0.841259
0.483479
0.258456
0.465326
0.557571
0.127878
0.681747
0.356226
0.811830
0.911817
0.592595
0.652204
0.233747
0.227579
0.557440
0.684808
0.327410
0.189934
0.303046
0.352668
0.373454
0.769355
0.659364
0.997432
0.778192
0.413795
0.468045
0.398490
0.357484
0.346009
0.547628
0.691283
0.468399
0.409916
0.803300
0.344152
0.724715
0.398714
0.498432
0.467173
0.227766
0.356626
0.460849
0.421364
0.447286
0.547748
0.295894
0.370128
0.432927
0.214451
0.555458
0.381503
0.076774
0.843388
0.297635
0.719694
0.397458
0.451613
0.768612
0.184627
0.568312
0.564882
0.605711
0.764063
0.304324
0.310360
0.672910
0.575585
0.719843
1.044792
0.695877
0.729125
0.830079
0.174500
0.376957
0.349125
0.275691
0.353917
0.630627
0.375440
0.776793
0.812269
0.662563
0.397799
0.479956
0.671752
0.232779
0.477358
0.636955
0.404938
0.728048
1.047109
0.385027
0.527961
0.462430
0.609442
0.434080
0.375351
0.506439
0.397002
0.754991
0.143916
0.229741
0.676136
0.379050
0.104406
0.620424
0.517874
0.319891
0.664541
0.624689
0.405826
0.556426
0.891764
0.204612
0.740384
0.395022
0.539473
0.435200
0.628668
0.437664
0.295346
1.007228
0.371626
0.303649
0.532859
0.340375
0.472502
0.465500
0.563142
0.845949
0.830260
0.538741
0.871806
0.704444
0.362932
0.514259
0.622310
0.667628
0.390946
0.417188
0.549175
0.346125
0.162622
0.469014
0.785480
0.503593
0.317751
0.498063
0.724690
0.461645
0.464585
0.532105
1.055993
1.154585
0.543847
0.828256
0.243638
0.437088
0.919544
0.894966
0.448082
0.610565
0.529020
0.226709
0.296345
0.495184
0.666841
0.452260
0.390403
0.750007
0.747185
0.530425
0.573751
0.505798
0.507276
0.636131
0.566202
0.606808
0.526632
0.275156
0.209114
0.538738
0.492643
0.628573
0.503581
0.450330
0.542810
0.289571
0.470726
0.299692
1.052835
0.434751
0.504432
0.581720
0.672708
0.213253
0.518808
0.314547
0.456162
0.593103
0.746229
0.281042
0.451372
0.667309
0.145132
0.522558
0.717130
0.573022
0.338862
0.424116
0.310030
0.447633
0.324035
0.345523
0.944358
0.974144
0.370581
0.444170
0.111561
0.593849
0.478500
0.268198
0.377493
0.469122
0.344327
0.399389
0.381549
0.439065
0.266146
0.259468
0.563613
0.629969
0.444323
0.623814
0.472639
0.370919
0.308827
0.317134
0.270684
0.355966
0.606960
0.387489
0.781602
0.278567
0.245976
0.419602
0.888034
0.506776
0.423629
0.820104
0.987212
0.498434
0.621157
0.547441
0.321751
0.272651
0.498133
0.658253
0.181304
0.318054
0.436398
0.460117
0.505253
0.460607
0.463840
0.419626
0.426617
0.881820
0.520399
0.342497
0.799156
0.274167
0.561626
0.660427
0.597099
0.524662
0.561330
0.392157
0.906485
0.792848
0.479422
0.185021
0.528511
0.815375
0.651184
0.615173
0.240084
0.454904
0.604402
0.572285
0.318129
0.874243
0.168842
0.422215
0.461787
0.690210
0.470010
0.699572
0.210620
0.779774
0.306436
0.591769
0.233471
0.752502
0.696757
0.959274
0.581819
0.500193
0.657380
0.670338
0.303867
0.254091
0.354931
0.882999
0.413059
0.406506
0.200724
0.627330
0.595580
0.483650
0.737067
0.444522
0.687894
0.240782
0.617382
0.320324
0.381594
0.620004
0.319521
0.718463
0.369589
0.362235
0.227945
0.507407
0.188121
0.587943
0.646071
0.334718
0.471071
0.561178
0.218634
0.460591
0.982239
0.739197
0.785114
0.333243
0.470660
0.292088
0.506356
0.200752
1.290512
0.404554
0.364394
0.522935
0.572383
0.411321
0.449657
0.388108
0.286659
0.419479
0.421052
0.333350
0.595955
0.398080
0.180612
0.535532
0.089168
0.371051
0.262702
0.385573
0.586338
0.454844
0.450402
0.484225
0.533993
0.159753
0.602729
0.630568
0.849998
0.345526
0.784003
0.835867
0.473239
0.161456
0.636490
0.332232
0.324392
1.076571
0.275538
0.355507
0.885700
0.145454
0.866822
0.955189
0.372298
0.406540
0.881620
0.893542
0.465083
0.250463
1.026437
0.492953
0.988830
0.802466
0.391446
0.442281
0.380082
0.431833
0.135441
0.245962
0.395201
0.430470
1.224056
0.242461
0.467331
0.332512
0.549142
0.839047
0.827343
0.304385
0.707642
0.508208
0.353339
0.582141
0.286894
0.254793
0.385787
0.634946
0.301786
0.533781
1.197526
0.243167
0.397764
0.496207
0.683029
0.316184
0.643531
0.835533
0.263597
1.001005
0.896805
0.358941
0.490218
0.640547
0.308143
1.240602
0.787559
0.464317
0.542276
0.665440
0.528709
0.737181
0.714681
0.598054
0.875249
0.402380
0.574085
0.761170
0.299518
0.415165
0.744719
0.718240
0.409430
0.341235
0.510299
0.408983
0.501618
0.204778
0.618437
1.178468
0.640559
0.338161
0.824316
0.822107
0.756436
0.503059
0.488268
0.619080
0.317971
0.714682
0.516825
0.543532
0.256209
0.673209
0.404185
0.740631
0.167784
0.736894
0.542600
0.522775
0.549276
0.549807
0.642109
0.264638
0.675375
0.253597
0.341706
0.425709
0.487158
0.213846
0.228085
0.304725
0.299328
0.432113
0.431864
0.829809
0.604588
0.268793
0.764121
0.450828
0.520859
0.343086
0.391737
0.612943
0.444025
0.773644
0.504720
0.325638
0.308043
0.473191
0.660376
0.498535
0.359029
0.319453
0.291688
0.681705
1.091993
0.552171
0.486436
0.736174
0.311783
0.645698
0.472167
0.226514
0.522760
0.328458
0.694471
0.376727
0.680389
0.548809
0.498421
0.405120
0.618445
0.568492
0.385555
0.427435
0.346802
0.137441
0.709215
0.755387
0.776470
0.611273
0.594441
0.222217
1.283280
0.470668
0.374815
0.325333
0.649091
0.504395
0.364722
0.681291
1.036942
0.508479
0.728010
0.164855
0.628331
0.539144
0.401270
0.406152
0.050192
1.048046
0.567728
0.180303
0.749006
0.452279
0.505942
0.481355
0.481410
0.391162
0.469082
0.262356
0.761498
0.385275
0.598437
0.408434
0.658819
0.312198
0.425163
0.481870
0.384111
0.756601
0.705109
0.203771
0.701438
0.686212
0.322415
0.916914
0.574374
0.537425
0.842965
0.711065
0.368781
0.762972
0.307587
0.496133
0.288127
0.344083
0.828145
0.828067
0.267191
0.542059
0.556249
0.499472
0.833554
0.495314
0.557267
0.469253
0.460751
0.366634
0.284633
0.501745
0.473865
0.360511
0.513552
0.314913
0.286084
0.348231
0.606073
0.904307
0.420370
0.675506
0.467270
0.522892
0.123934
0.748708
0.339943
0.692529
0.973426
0.619931
0.275825
0.455292
0.429006
0.682873
0.250807
0.699238
0.358982
0.485062
0.548512
0.594759
0.778469
0.526192
0.285273
0.637722
0.760243
0.412828
0.488856
0.558081
0.752494
0.197916
1.164467
0.474348
0.634000
0.254094
0.418425
0.522384
0.361988
0.306819
0.376041
0.416904
0.553027
0.169016
0.411335
0.762327
0.350915
0.685745
0.395320
0.271694
0.372303
0.178764
0.258177
0.564580
0.143593
0.218077
0.659332
0.649259
0.533617
0.916787
0.585361
0.573388
0.629076
0.730168
0.724108
0.685138
0.895027
0.475751
0.402619
0.292079
0.244227
0.581115
0.149834
0.544452
0.648413
0.593174
0.511652
0.447305
0.247176
0.581406
0.703296
0.402159
0.130385
0.709821
0.454407
0.339785
0.583862
0.760009
0.172073
0.224145
0.340687
0.747555
0.591871
0.471684
0.676431
0.194334
0.356921
1.058747
0.708945
0.477310
0.359590
0.526612
0.549739
0.574934
0.222100
0.754355
0.329563
0.731191
0.103998
0.452575
0.501133
0.359411
0.854843
0.350485
0.628417
0.563077
0.657146
0.449591
0.725722
0.404707
0.413872
0.715401
0.880988
0.194731
0.879249
0.308839
0.707410
0.605431
0.443444
0.193636
0.398101
0.722896
0.528867
0.264639
0.568793
0.644834
0.626283
0.452208
0.456479
0.359011
0.565104
0.329815
0.082631
0.324966
0.659781
0.631484
0.564876
0.511793
0.397483
0.236848
0.591838
0.547652
0.912924
0.924180
0.575654
0.392059
0.659822
0.225967
0.518182
0.540950
0.415947
0.594716
0.537285
0.587197
0.450917
0.705540
0.703524
0.368905
0.698472
0.467968
0.530942
0.286852
0.582705
0.506419
0.227947
0.527892
0.354694
0.421412
0.790607
0.526378
0.520617
0.399957
0.236499
0.478113
0.503630
0.718703
0.116776
0.326225
0.741636
0.518678
0.749674
0.319473
0.849519
0.707676
0.542494
0.578001
0.867884
1.053193
0.660805
0.912784
0.645445
0.377649
0.537942
0.353921
0.130683
0.541882
0.792631
0.544001
0.378597
0.441949
0.532255
0.571564
0.374509
0.503771
0.713376
0.226173
0.607059
0.447256
0.901622
0.316729
0.591511
0.496478
0.305211
0.108285
0.421259
0.586736
0.232499
0.353988
0.286572
0.403954
0.473854
0.386892
0.503512
0.906237
1.285506
0.521614
0.245791
0.111236
0.863169
0.772610
0.403907
0.277711
1.145420
0.307763
0.619892
0.615381
0.428335
0.541550
0.492617
0.536749
0.846894
0.916546
0.289278
0.253594
0.360660
0.502259
0.344374
0.754618
0.359788
0.172478
0.549840
0.508592
0.471461
0.758334
0.257604
0.416528
0.371365
0.035550
0.532561
0.238864
0.589586
0.225325
1.001650
0.633240
0.617076
0.797413
0.588322
0.537993
0.481666
1.026127
0.324438
0.747068
0.968898
0.214872
0.268516
0.366125
0.503409
0.388867
0.557286
0.617507
0.339642
0.548046
0.397907
0.459231
0.859946
0.758560
0.396480
0.307017
0.702270
0.336256
0.397476
0.497550
0.313982
0.940137
0.541073
0.583210
0.451085
1.133234
0.548015
0.342666
0.488399
0.654541
0.558353
0.933935
0.470906
0.227070
1.172878
0.927400
0.231518
0.268140
0.716162
0.593772
0.721273
0.262370
0.828601
0.395175
0.467755
0.557365
0.445520
0.378286
0.623572
0.756470
0.221582
0.852717
1.055980
0.317705
0.589226
0.608812
0.556905
0.391799
0.855422
0.305606
0.336479
0.167338
0.527137
0.595478
0.780692
1.303350
0.581059
0.609896
0.284074
0.603031
0.656406
0.689158
0.803673
0.580012
0.970233
0.392631
0.960933
0.629431
0.242814
0.528978
0.220602
0.278781
0.486256
0.546867
0.544795
0.894522
0.232969
0.743857
0.458036
0.252637
0.670239
0.519987
0.857612
0.750062
0.312138
0.829660
0.280856
0.301289
0.853247
0.607158
0.410616
0.224415
0.943088
0.422001
0.181620
0.451737
0.382226
0.434851
0.594563
0.735595
0.896340
0.653236
0.572643
0.608887
0.719019
0.503861
0.497929
0.571236
0.382193
0.311671
0.929817
1.238033
0.577125
0.357045
0.453910
0.336346
0.514599
0.768787
0.438482
0.686976
0.596397
0.555920
0.384077
0.543057
0.549971
1.022027
0.263387
0.447289
0.458874
0.552420
0.453669
0.570470
0.634919
0.334216
0.344910
0.676860
0.825175
0.563874
0.462963
0.766504
0.500136
0.829956
0.617649
0.672706
0.240581
0.354675
0.667271
0.508270
0.641329
1.095466
0.259770
0.617953
0.812069
0.574884
0.584694
0.608880
0.397683
0.524234
0.086543
0.443242
0.612272
0.453837
0.966527
0.491821
0.430515
0.826279
0.751310
0.367012
0.546911
0.556109
0.705376
0.917654
0.175133
0.666507
0.781934
0.384359
0.845680
0.896514
0.889636
0.523882
0.806441
0.395242
0.382874
0.511203
0.743816
0.266907
0.824861
0.532306
0.380207
0.408167
0.753617
0.928313
0.551110
0.265215
0.424934
0.211142
0.338497
0.611002
0.656225
0.331290
0.533718
0.400367
0.393804
0.601261
0.441878
0.271643
0.391637
0.493890
1.021708
0.440941
0.195924
0.680816
0.575297
0.428776
0.421736
0.796657
0.433453
0.718202
0.351400
0.316323
1.232939
0.982946
0.492452
0.779516
0.604972
0.303942
0.372089
0.537710
0.597031
0.950706
0.168990
0.734137
0.267826
0.372598
0.451888
0.855534
0.457048
0.539052
0.503787
0.790782
0.336036
0.794552
0.649978
0.511829
0.467169
0.323871
0.240220
0.499334
0.526780
0.637498
0.156938
0.439285
0.358654
0.883634
0.216957
0.479049
0.757474
0.616557
0.719106
0.356135
0.654775
0.387158
0.593141
0.935856
0.618331
0.780600
0.633434
0.654101
0.437331
0.571695
0.229168
0.685735
1.076346
0.663226
0.688298
1.009214
0.322755
0.384074
0.352149
0.674525
0.575887
0.859568
0.087090
0.122773
0.945956
0.701297
0.388694
0.355579
0.783361
0.417792
0.746912
0.641314
0.766836
0.634472
0.541453
0.404570
0.086775
1.049166
0.132907
0.659536
0.282630
0.909428
0.210093
0.378266
0.497656
0.726031
0.709634
0.616106
0.437681
0.371520
0.340693
0.300570
0.454631
0.599004
0.447560
0.683814
0.664601
0.541063
0.324668
0.718419
0.395397
0.486151
0.609156
0.645663
0.554402
0.542554
0.519710
0.525712
0.765345
0.416195
0.546189
0.527532
0.391340
0.946821
0.138771
0.494260
0.465514
0.618959
0.701390
0.579603
0.868339
0.212143
0.851936
0.643645
0.783284
0.298034
0.333413
0.417313
0.297977
0.447354
0.787456
0.482561
0.446679
0.728166
0.417208
0.375770
1.064028
0.441563
0.803908
0.557532
0.535158
0.584075
0.145681
1.039711
0.715956
0.899492
0.634894
0.391258
0.510881
0.319803
0.799418
0.710201
0.729326
0.236281
0.589819
0.600421
0.419926
0.579775
0.272161
0.402490
0.860591
0.423782
0.318325
0.816103
0.565048
0.792899
0.298929
0.417694
0.524831
0.240915
0.315500
0.685472
0.398495
0.253048
0.403566
0.633880
1.202148
0.509357
0.413487
0.351728
0.460642
0.136228
0.641671
0.509015
0.173935
0.237554
0.162831
0.563720
0.631894
0.745840
0.454707
0.820704
0.784521
0.501956
0.387470
0.956040
0.230663
0.061006
0.100261
0.533174
0.502024
0.655644
0.873570
0.648833
0.408850
0.452562
0.146516
0.545316
0.147198
0.439194
0.369622
0.679377
0.307866
0.514642
0.448431
0.911164
0.314426
0.554592
0.295396
0.521550
0.553541
0.374588
0.589840
0.430121
0.473148
0.606821
0.623241
0.536111
0.394031
1.096833
0.763240
0.436820
0.763507
0.546630
0.743796
0.614613
0.380087
0.454228
0.886115
0.744540
1.056961
0.103919
0.496912
0.453628
0.588016
0.450136
0.333014
0.361062
0.532091
0.677458
0.440554
0.665235
1.090490
1.128010
0.299894
0.271862
0.658865
0.895043
0.313346
0.648173
0.710811
0.434831
0.106908
0.324365
0.660221
0.369718
0.199273
0.315643
0.714800
0.585410
0.507233
0.810267
0.502564
0.518157
0.534387
0.167341
0.611467
0.563041
0.291599
0.689913
0.799015
0.589771
0.470565
0.281895
0.372709
0.410708
0.354517
0.596003
0.741446
0.446100
0.535524
0.353160
0.456812
0.677365
0.222707
0.653171
0.389218
0.481252
0.314766
0.549353
0.374545
0.349378
0.848762
0.512817
0.418497
0.513854
0.494504
0.563031
0.518395
0.421628
0.775220
0.663122
0.556566
0.513091
0.342827
0.533521
0.365555
0.724896
0.572174
0.303703
0.545916
0.459959
0.618884
0.917208
0.521073
0.412693
0.798855
0.289165
0.481134
0.564770
0.591254
0.679228
0.220178
0.796235
0.310975
0.858530
0.499795
0.905606
0.475079
0.554157
0.963575
1.146923
0.662010
0.597116
0.543295
0.861923
0.393202
0.894202
0.859810
0.469141
0.529720
0.628415
0.309722
0.532149
0.236165
0.421727
0.193589
0.613838
0.640202
0.625779
0.337426
0.720385
0.393040
0.631054
0.424240
0.400811
0.655708
0.440885
0.755151
0.451775
0.633540
0.758751
0.421383
0.527599
0.297074
0.295523
0.308717
0.451596
0.586464
0.198690
0.942646
0.441497
0.333736
0.212217
0.399956
0.445965
0.379866
0.419417
0.407528
0.657028
0.523489
0.271814
0.737722
0.526351
0.790609
0.531477
0.383572
0.450424
0.662071
0.865028
0.769317
0.526427
0.610647
0.395411
0.662043
0.948995
0.898593
0.642897
1.024642
0.331150
0.602175
0.062113
0.469621
0.217076
1.048425
0.253156
0.152792
0.982418
0.380488
0.446253
0.223018
0.453326
0.999761
0.401603
0.458104
0.778596
0.749901
0.783052
0.426057
0.867731
0.497018
0.484329
0.347796
0.608591
0.562484
0.680628
0.559160
0.647358
0.263256
0.635859
0.638790
0.320351
0.404672
1.030130
0.742716
0.189247
0.578892
0.732185
0.513958
0.766898
0.271409
0.386140
0.685747
0.370805
0.365171
0.719154
0.684328
0.669394
0.727870
0.502083
0.780729
0.555423
0.646692
0.213066
0.268850
0.246496
0.784271
0.386338
0.435423
0.442611
0.209443
0.576988
0.235098
0.598416
0.527961
0.607738
0.276354
0.506822
0.203262
0.585888
1.007481
0.577068
0.358919
0.684633
0.657814
0.092167
0.478746
0.749062
0.437070
0.524688
0.415793
0.196682
0.266137
0.993927
0.144698
0.238815
0.279512
0.194107
0.902696
0.336186
0.517603
0.692173
0.121219
0.589741
0.505689
0.446495
0.665830
0.735959
0.642299
0.910177
0.466344
0.490355
0.078572
0.401949
0.816109
0.813498
0.427102
0.300663
0.281172
0.501619
0.745087
0.410586
0.587211
0.729007
0.597144
0.376670
0.542608
0.216422
0.330926
0.880936
0.809640
0.845021
0.646205
0.405021
0.413541
0.832024
1.056437
0.968201
0.497965
0.460159
1.042660
0.517014
0.531846
0.314955
0.764857
0.588908
0.798984
0.558300
0.259735
0.265159
0.378989
0.567192
0.842727
0.939187
0.222798
0.657910
0.364200
1.035990
1.072498
0.606596
0.322787
0.460939
0.488222
0.384409
0.795133
0.627746
0.350277
0.530570
0.899291
0.825176
1.091148
0.383278
0.639942
0.274187
0.466916
0.391905
0.381917
1.029521
0.396718
0.518638
0.792419
0.773224
0.386660
0.129143
0.662909
0.373271
0.502662
0.346405
0.866917
0.333456
0.284358
0.661166
0.960976
0.779189
0.808580
0.210078
0.513327
0.503490
0.542517
0.278182
0.546288
0.774460
0.484099
0.311515
0.683087
0.238557
0.315249
0.264236
0.434961
0.391841
0.495949
0.289421
0.434956
0.362812
0.070746
0.230140
0.644402
0.287821
0.660374
0.717519
0.436981
0.399928
0.250336
0.556283
0.476654
0.344398
0.395334
0.392976
0.804516
0.246840
0.681280
0.561268
0.364147
0.521510
0.337378
0.220549
0.433514
0.798203
1.020838
0.791355
0.322345
0.506460
0.474377
0.710232
0.742382
0.609467
0.570477
0.699565
0.498509
0.291712
0.429783
0.411007
0.751172
0.796507
0.297536
0.645621
0.679555
0.223722
0.509109
0.940280
0.886629
0.344228
0.568685
1.009152
0.356966
0.460930
0.578625
0.293939
0.256241
0.565225
0.562369
0.322239
0.652181
0.286081
0.589150
0.296249
0.706307
0.456171
0.424614
0.210028
0.393814
0.305329
0.609132
0.536802
0.204458
0.687035
0.329880
0.469359
0.711707
0.682565
0.922297
0.794428
1.057125
0.238985
0.366758
0.527061
0.190235
0.356852
0.174859
0.996321
0.330953
0.787178
0.222809
0.623090
0.439851
0.343228
0.320478
0.679530
0.528749
0.307101
0.899329
0.627859
0.827297
0.624925
0.288555
0.307209
0.878464
0.758990
0.402070
0.568815
0.294744
0.784250
0.770263
0.789269
0.831476
0.586834
0.857054
0.304544
0.711041
0.811939
0.394072
0.483555
0.446912
0.433195
0.475075
0.696694
0.465530
0.809505
0.164611
0.685457
0.352651
0.465071
0.518301
0.638892
0.452110
0.390749
0.474711
0.465477
0.381418
0.404109
0.461074
0.444381
0.543102
0.758433
0.994800
0.635986
0.940502
0.621863
1.125486
0.634836
0.964680
0.394745
0.401194
0.529295
0.375748
0.405233
0.437919
0.696036
0.800333
0.722164
0.413097
0.396406
0.370338
0.471785
0.692995
0.859495
0.692387
1.011527
0.892170
0.220745
0.305974
0.513048
0.392348
0.413869
0.140555
0.505199
0.372538
0.397773
0.216742
0.269609
0.538112
0.069436
0.466828
0.724889
0.234072
0.464527
0.563486
0.971612
0.991863
0.629822
0.669251
0.435348
0.388352
0.167920
0.313532
0.254242
0.604462
0.471263
0.685774
0.270946
0.619838
0.236901
0.238021
0.479299
0.083753
0.700300
0.502398
0.451698
0.392813
0.386931
0.586999
0.290556
0.140110
0.523663
0.107563
0.155788
0.510908
0.235488
0.620404
0.514139
0.900364
0.318408
0.783052
0.477990
0.370954
0.630176
0.951223
0.294361
0.405281
0.076427
0.780256
0.658407
0.223141
0.618434
0.560690
0.403761
0.447742
0.432883
0.357735
0.718588
0.829494
0.327946
0.798948
0.481642
0.704034
0.446423
0.710744
0.615652
0.427794
0.275410
0.739207
0.445305
0.634748
0.811579
0.248383
0.302766
0.308819
0.276591
0.500456
0.317797
0.436553
0.515242
0.426160
0.451303
0.545093
0.636066
0.735358
0.601444
0.688013
0.491826
0.447911
0.168334
0.682745
0.777516
0.351233
0.900528
0.357431
0.428984
0.433447
0.749473
0.669768
0.517669
0.756567
0.590797
0.441660
0.512880
0.804690
0.878643
0.507788
0.152649
0.661156
0.536993
0.657552
0.921927
0.569846
0.636833
0.262435
0.474325
0.338202
0.462467
0.316888
0.449168
0.527983
0.459014
0.291154
0.894648
0.796545
0.476413
0.992989
0.722790
0.789328
0.782291
0.598083
0.607117
0.517637
0.416631
0.332411
0.672296
0.607462
0.929487
0.824762
0.717724
0.216508
0.444073
0.777658
0.420812
1.249256
0.540877
0.217821
0.500002
0.394204
0.573793
0.457703
0.826180
0.775779
0.688248
0.516454
0.323405
0.592803
0.726850
0.720822
0.517841
0.814076
0.564026
0.353847
0.384807
0.684762
0.332865
0.210553
0.389489
0.875167
0.601948
0.805881
0.432395
0.810506
0.564940
0.547365
0.367275
0.630912
0.379261
0.214817
0.493894
0.372040
0.896152
0.476318
0.790750
0.268870
0.765008
0.160790
1.272290
0.348838
0.442167
0.307024
0.250628
0.307298
0.439948
0.682521
0.207832
0.516598
0.578862
0.552548
1.068625
0.733562
0.792499
0.206970
0.602374
0.213802
0.825900
0.561343
0.327794
0.850587
0.264914
0.571070
0.287811
0.328895
0.570293
0.554819
0.455759
0.198984
0.591284
0.586831
0.452607
0.592447
0.403572
0.252651
0.646182
0.315105
0.376386
0.298109
0.219363
0.353389
0.502407
0.602635
0.707723
0.509769
0.250787
0.874764
0.691279
0.217587
0.770934
0.591399
0.717954
0.742985
0.524714
0.745664
0.317205
0.595883
0.520681
0.449125
0.362302
0.434439
0.568225
0.468731
0.617231
0.378852
0.631208
0.495744
0.917810
0.697554
0.383050
1.054867
0.728602
0.275224
0.698139
0.586800
0.665419
0.832258
0.286215
0.406652
0.596750
0.216258
0.126757
0.372590
0.245944
0.553037
0.639084
0.616452
0.629012
0.568995
0.494363
0.658881
0.254622
0.523434
0.388144
0.369167
0.339563
0.700987
0.667170
0.442410
0.403617
0.634895
0.684333
0.338576
0.284397
0.696763
0.396331
0.423579
0.470486
0.464850
0.505626
0.684052
0.194246
0.620348
0.287728
0.481863
0.478698
0.373047
0.429563
0.484425
0.528176
0.546993
0.469693
0.257084
0.742016
0.370978
0.722470
0.880216
0.381512
0.930264
0.162037
0.404495
0.495140
0.372493
0.693752
0.291291
0.185000
0.136870
0.430454
0.138030
0.269360
0.281697
0.605989
0.871354
0.453052
0.285441
0.285161
0.491163
0.310414
0.492824
0.751992
0.855792
0.575773
0.892235
0.209436
0.325276
0.571766
0.366125
0.433886
0.455470
0.635322
0.722911
0.228339
0.395462
0.425281
0.983626
0.359689
0.689459
0.844349
0.445075
0.722035
0.397035
0.559261
0.553685
0.371989
0.946785
0.724789
0.564036
0.529702
0.569807
0.195023
0.550999
0.509903
0.295593
0.326752
0.333689
0.334317
0.421823
0.215982
0.760012
0.660921
0.951752
0.534010
0.298841
0.928264
0.495530
0.685107
0.289642
0.489706
0.554785
0.263623
0.511472
0.573687
0.497298
0.562961
0.256644
0.799354
0.418324
0.402975
0.554049
0.681314
0.575273
0.309983
0.391672
0.582189
0.659425
0.499278
0.638207
0.991499
0.944418
0.224164
0.529600
0.325794
0.335506
0.445558
0.442164
0.694476
0.422933
0.468277
0.978417
0.613462
0.479412
0.629003
0.239189
0.582304
0.506681
0.385645
0.517652
0.501947
0.283857
1.108541
0.218451
0.601865
0.750950
0.272841
0.491080
0.583228
0.482202
0.820142
0.514531
0.502973
0.379478
0.316499
0.600125
0.813170
0.786963
0.474431
0.237945
0.581342
0.050764
0.162452
0.556481
0.275116
0.432732
0.730366
0.479612
0.451319
0.522899
0.751699
0.671967
0.700304
0.425452
0.675155
0.534389
0.387066
0.569156
0.322135
0.334268
0.834536
0.679704
0.501473
0.638944
0.182746
0.189951
0.456568
0.714865
0.707590
0.238648
0.746351
0.532447
0.616362
0.479525
0.616263
0.479171
0.542228
0.801307
0.364330
0.323912
0.564115
0.448771
0.489147
0.605480
1.035856
0.557893
0.646007
0.194745
0.762922
0.412771
1.026449
0.451183
0.382928
0.670749
0.231580
0.729200
0.483349
0.672903
0.480770
0.191601
1.242402
0.574239
0.595018
0.399083
0.568042
0.570785
0.840457
0.713718
0.598975
0.497084
0.605477
0.811090
0.110087
0.318564
0.304264
0.245048
0.204436
0.702131
0.615516
0.285281
0.560851
0.693156
0.586022
0.690135
0.453267
0.829385
0.621254
0.474566
0.100614
0.789035
0.849379
0.627090
0.854444
0.210793
0.352798
0.455386
0.686979
0.899072
0.328564
0.541260
0.360954
0.462000
0.358741
0.568045
0.695669
0.519427
0.189153
0.351029
0.360969
0.378299
0.324463
0.422158
0.470096
0.524298
0.578475
0.501958
0.399829
0.166517
0.574773
0.505426
0.565099
0.653661
0.618835
0.323607
0.486082
0.650168
0.387173
0.306102
0.543238
0.210910
0.658487
0.710680
0.403151
0.491185
0.527597
0.529527
0.716249
0.507953
0.418701
0.658039
0.864775
0.337130
0.667689
0.117123
1.003929
0.657062
0.772035
0.417687
0.597694
0.359010
0.669597
0.474859
0.429622
0.521911
0.848937
0.609732
0.594836
0.374879
0.815989
0.710292
0.438600
0.589206
0.220677
0.758807
0.510904
0.635155
0.729495
0.681912
0.927317
0.430322
0.210659
0.828331
0.233182
0.171523
0.495498
0.416284
0.532292
0.242347
0.828087
0.559052
0.372801
0.424590
0.454227
0.478216
0.841788
0.747774
0.532639
0.500366
0.343484
0.565469
0.277011
0.289170
0.403797
0.403707
0.631094
0.486321
0.511193
0.315517
0.376995
0.827787
0.375662
0.495413
0.439706
0.448230
0.618337
0.399718
0.495589
0.725585
0.543931
0.725516
0.672892
0.624751
0.630686
0.625125
0.499475
0.174543
0.163043
0.482172
0.575874
0.478065
0.391381
0.483488
0.626581
0.438380
0.542497
0.908581
0.522250
0.398394
0.493376
0.810391
0.321605
0.455667
0.313909
0.934140
0.848029
0.665369
0.353481
0.451514
0.371529
0.743359
0.781477
0.736696
0.400157
0.561377
0.332164
0.522618
0.782541
0.371505
0.471818
0.763550
0.289838
1.035632
0.484010
0.738214
0.315815
0.414471
0.180224
1.031003
0.258341
0.548740
0.838498
0.433830
0.523956
0.414474
0.768306
0.079118
0.748646
0.414692
0.315529
1.015247
0.594552
0.408729
0.421962
0.558447
0.437152
1.106707
0.844994
0.363844
0.349745
0.825429
0.413018
0.461717
0.532843
0.537920
0.583697
0.692833
0.503032
0.543239
0.193352
0.101811
0.318587
0.706708
0.582929
0.586513
1.115340
0.543261
0.328576
0.585335
0.507134
0.638478
0.552115
0.190798
0.286119
0.860684
0.333234
0.281506
0.530791
0.333105
0.923569
0.767336
0.215504
0.196305
0.680189
0.363921
0.630648
0.588958
0.318990
0.604289
0.408869
0.470033
0.637480
0.740953
0.554847
0.361320
0.690228
0.632485
0.638423
0.261760
0.207147
0.460532
0.408770
0.469222
0.681673
0.610860
0.353570
0.530922
0.576955
0.439626
0.545837
0.664936
0.457610
0.512890
0.806978
0.451631
0.166935
0.371917
0.693149
0.498968
0.821011
0.812108
0.450533
0.871852
1.027533
0.330329
0.380526
0.402598
0.235707
0.185140
1.212491
0.865778
0.705457
0.603158
0.544245
0.734295
0.724034
0.290538
0.436693
0.501567
0.831185
0.608902
0.685665
0.532077
0.805483
0.358567
0.514913
0.674177
0.437459
0.406101
0.454115
0.283458
0.558362
0.898934
0.853820
0.667406
0.492432
0.265518
0.453271
0.250051
1.009978
0.246015
0.151096
0.742376
0.648232
0.396715
0.860018
0.391558
0.635702
0.428073
0.378849
0.311779
0.450996
0.420329
0.197379
0.297022
0.280496
0.190862
0.368075
0.651243
0.252527
0.701225
1.023972
0.451358
0.816659
0.988346
0.282792
0.412434
0.582747
0.526629
0.472116
0.481029
0.338675
0.509187
0.355769
0.597775
0.698019
0.126430
0.554270
0.439968
0.655711
0.155098
0.678995
0.502359
0.768457
0.381411
0.530389
0.436383
0.399354
0.777530
0.370319
0.830994
0.153338
0.174206
0.688033
0.549185
0.874738
0.861981
0.848649
0.362381
0.781480
0.954058
0.430784
0.821121
0.844885
0.293277
0.491125
0.416245
0.317742
0.672173
0.934765
0.499637
0.481295
0.968530
0.384477
0.505504
0.565986
0.966667
0.365093
0.900662
0.602022
0.484758
0.663478
0.956122
0.286786
0.160150
0.168378
0.539776
1.061154
0.365254
0.265160
0.536798
0.423306
1.495419
0.509662
0.539326
0.459297
0.342558
0.282751
0.244765
0.804967
0.637746
0.716081
0.491396
0.737774
0.747175
0.415895
0.657019
0.520934
0.485885
0.537409
0.743846
1.174927
0.274807
0.350923
0.780771
0.392342
0.446934
1.108218
0.303906
0.610846
0.414371
0.441618
0.690970
0.486655
0.677576
0.492288
0.688357
0.480289
0.399514
0.888173
0.794516
0.799589
0.476753
0.478613
1.242263
0.329749
0.616821
0.292410
0.378359
0.287171
0.208228
0.343571
0.370087
0.905874
0.411692
0.502333
0.494081
0.669638
0.687351
0.539055
0.581326
1.057236
0.603238
0.601614
0.413029
0.519757
0.472632
0.421897
0.731735
0.873810
0.611121
0.319062
0.233346
0.640267
1.011169
0.465851
0.684717
0.801119
0.370486
0.188835
0.466430
0.944528
0.413647
0.717620
0.945690
0.625980
0.576479
0.657410
0.428963
0.502774
0.391817
0.568509
0.551291
0.192633
0.742012
0.922837
0.724325
0.447461
0.428833
0.174659
0.325664
0.674206
0.504764
0.460997
0.566223
0.535256
0.287168
0.359465
0.842834
0.819873
0.303691
0.599525
0.292902
0.943680
0.603275
0.334933
0.294671
0.758144
1.146452
0.751044
0.374197
0.852644
0.127403
0.582291
0.483220
0.161851
0.285439
0.253570
0.679367
0.630609
0.363426
0.113435
0.204887
0.586837
0.652242
0.666030
0.407346
0.616152
0.433393
0.827953
0.573440
0.272183
0.503639
0.474994
0.593032
0.647304
0.652443
0.500441
0.354937
0.662472
0.272118
0.155062
0.697642
0.315205
0.141394
0.833956
0.653476
0.709945
0.472142
0.354673
0.901772
0.409364
0.618271
0.257202
0.405659
0.684008
0.994296
0.587337
0.881509
0.559273
0.170390
0.595667
0.213001
0.353568
0.558231
0.429561
0.233261
0.269873
0.748002
0.553878
0.506326
0.506130
0.599560
0.604982
0.325496
0.493851
0.370251
0.505721
0.331647
0.559390
0.683114
0.786273
0.328218
0.685456
0.704454
0.240186
0.548246
0.483081
0.215383
0.400966
0.707580
0.350825
0.611312
0.601614
0.411649
0.658907
0.803370
0.751784
0.700158
0.523052
0.448727
0.929901
0.202519
0.659852
0.297119
0.781432
0.508764
0.538756
0.588985
0.191737
0.298044
0.221208
0.451173
0.314554
0.434660
0.531346
0.684920
0.645913
0.536925
0.174538
0.687022
0.501965
0.225244
0.506512
0.668085
0.561529
0.809503
0.724884
0.138734
0.565540
0.659898
0.370876
0.631490
0.378657
0.526767
0.759277
0.174726
0.388076
0.200662
0.592588
0.475473
0.569897
0.586755
0.292017
0.369530
0.505142
0.191186
0.534457
0.512366
0.220091
0.437206
0.341778
0.244100
0.240328
0.466004
0.299240
0.491148
0.286417
0.533144
0.330212
0.226516
1.156951
0.828833
0.600420
0.283206
0.296101
0.513130
0.240360
0.903328
0.262405
0.469702
0.312857
0.466298
0.481827
0.929971
0.172613
0.355059
0.237888
0.252628
0.576592
0.893605
0.286258
0.522958
0.279983
0.407737
0.506327
0.609111
0.604519
0.225422
0.763856
0.588453
0.313431
0.797674
0.667410
0.637364
0.271130
0.498376
0.323835
0.304576
0.279355
0.106674
0.912645
0.585764
0.276094
0.448554
0.328978
0.558551
0.433616
0.461591
0.738680
0.320068
0.983388
0.500996
0.303586
0.190874
0.628376
0.317473
0.483823
0.783169
0.290552
0.469800
0.260888
0.097370
0.318665
0.393468
0.620960
0.306399
0.767346
0.186394
0.297331
0.571863
0.504672
0.567547
0.359682
0.393179
0.676364
0.192024
0.559480
0.493669
0.458285
0.635010
0.441705
0.489600
0.361380
0.522100
0.501804
0.441458
0.981380
0.130159
0.347992
0.922101
0.235951
0.272276
0.611915
0.400462
0.084064
0.452137
0.754745
0.817513
0.769314
0.490618
0.873698
0.427238
0.317198
0.388636
0.244946
0.389837
0.405567
1.171748
0.592209
0.528574
0.496236
0.424529
0.567064
0.881137
0.636235
0.358165
0.717803
0.547431
0.758027
0.423369
0.283249
0.449751
0.480091
0.397067
0.423369
0.716588
0.761409
0.171356
0.338495
0.428402
0.369266
0.196870
0.108428
0.161957
0.843544
0.385021
0.394526
0.515962
0.766201
0.514999
0.552523
0.497215
0.306385
0.171119
0.582143
0.797392
0.626454
0.815338
0.333167
0.566303
0.163251
0.360231
0.342192
0.585588
0.425361
0.334008
0.448356
0.758780
0.845790
0.267392
0.460979
0.478792
0.877652
0.669982
0.538905
0.250264
0.616453
0.832117
0.343893
1.062789
0.713803
0.834417
0.419124
0.473298
0.236614
0.675760
0.630571
0.339446
0.557738
0.559886
0.471744
0.451125
0.407723
1.061680
0.714798
0.188574
1.038952
0.336555
0.450760
0.707206
0.271391
0.367724
0.383763
0.214450
0.538492
0.119791
0.330818
0.630625
0.603642
0.614364
0.477955
0.663203
0.395299
0.254611
0.705839
0.671182
0.522596
0.684981
0.999622
0.488734
0.584241
0.466446
0.248402
0.503580
0.215054
0.716470
1.018452
0.573583
0.955370
0.861372
0.483109
1.017180
0.549257
0.293909
0.318687
0.448153
0.755070
0.443247
0.277363
0.333154
0.292055
0.360758
0.468086
0.547299
0.525750
0.570321
0.859613
0.228577
0.505924
0.492330
0.166174
0.685699
0.518853
0.573475
0.429301
0.676883
0.478771
0.757643
0.614284
1.080972
0.465762
0.671693
0.281458
0.631496
0.573040
0.861009
0.829451
0.849882
0.605636
0.539190
0.229376
0.612499
0.524797
0.365341
0.447473
0.580122
0.558972
0.564659
0.577778
0.751095
0.341369
0.179361
0.595294
0.593778
0.468337
0.294431
0.463683
0.604449
0.675481
0.561747
0.691488
0.387144
0.460581
0.482924
0.244976
0.399240
0.701019
0.450201
0.547662
0.400776
0.355661
0.601354
0.647701
0.737249
0.586297
0.570005
0.451729
0.506377
0.185215
0.237341
0.437217
0.290497
0.253286
0.408194
0.641291
0.649439
1.008297
0.201460
0.295384
0.761235
0.327717
0.325398
0.481322
0.365975
0.319441
0.171632
0.405642
0.622638
0.671785
0.386502
0.322296
0.673788
0.946766
0.462545
0.425377
0.388454
0.323676
0.555289
0.355907
0.504124
0.660051
0.416172
0.344830
0.819469
0.440414
0.638029
0.762414
0.320734
0.371699
0.186140
0.296145
0.497890
0.635628
0.855643
0.241951
0.146615
0.330427
0.694280
0.589359
0.616062
0.656210
0.448248
0.531904
0.646584
0.751771
0.466008
0.395613
1.182520
0.833950
0.217353
0.205263
0.162151
0.349355
0.795747
0.602447
0.620597
0.325703
0.603902
0.896119
0.429406
0.541407
0.541757
0.311112
0.757414
0.369835
0.705214
1.128417
0.656116
0.460706
0.726336
0.326360
0.436230
0.629739
0.346293
0.604950
0.624330
0.354498
0.250161
0.598425
0.349025
0.321299
0.756152
0.715135
0.731218
0.531646
0.224130
0.883110
0.694333
0.676937
0.296672
0.494269
0.384855
0.692618
0.224214
0.169389
0.412154
0.580151
0.111978
0.244278
0.575745
0.396077
0.294386
0.379138
0.750065
0.495658
0.688742
0.132081
0.303689
0.721661
0.834460
0.751693
0.344306
1.364542
0.169356
0.575626
0.603065
0.354985
0.963874
0.548156
0.805170
0.193748
0.216256
0.523305
0.606844
0.529884
0.586542
0.502315
0.312626
0.598029
0.702822
0.717943
0.095167
0.531449
0.536571
0.957826
0.854450
0.688344
0.394215
0.388027
0.835425
0.559636
0.242002
1.192835
0.398880
0.954403
0.408102
0.368730
0.599470
0.646943
0.636831
0.647450
0.318346
0.710783
0.405079
0.296345
0.160604
0.522822
0.227467
0.471165
0.154397
0.420890
0.406064
0.579923
0.315429
0.849124
0.272762
0.767136
0.357456
0.513375
0.374283
0.200681
0.121425
0.194887
0.534866
1.037560
1.098171
0.734600
0.504024
0.417343
0.682516
0.591265
0.776822
0.534123
0.563708
0.377742
0.216353
0.426302
0.314505
0.270777
0.401583
0.650059
0.327917
0.434378
0.470589
0.561314
0.703300
0.681161
0.563666
0.528061
0.541204
0.803099
0.854968
0.151555
0.455866
0.310884
0.339780
0.727491
0.301065
0.207022
0.630763
0.693897
0.877433
0.873128
0.356264
0.603300
0.628261
0.575336
0.839547
0.520352
0.404951
0.283570
0.394788
0.454439
0.454672
0.443280
0.155989
0.265868
0.507710
0.599304
0.524415
0.480980
0.678837
0.408036
0.542472
0.376393
0.770693
0.640180
0.172784
0.618491
0.917964
0.538659
0.637937
0.220537
0.190904
0.386065
0.228768
0.466314
0.584745
0.524981
0.342566
0.632827
0.426894
0.542967
0.145546
0.432750
0.344444
0.742192
0.193968
0.506894
0.448317
0.651105
0.441374
0.568915
0.419252
0.407232
0.123027
0.764269
0.418436
0.619885
0.248542
0.349752
0.595232
0.840724
0.411334
0.192217
0.498642
0.656953
0.381978
0.468988
0.659603
0.796298
0.712412
0.859900
0.611651
0.282129
0.364427
0.260122
0.485585
1.015883
0.814465
0.285357
0.409321
0.233916
0.307983
0.372046
0.953754
0.721461
0.856150
0.796901
0.299314
0.458935
0.434571
0.568984
0.987833
0.814641
0.562372
0.419620
0.751065
0.638908
0.893661
0.862924
0.524835
0.381069
0.502404
0.225078
0.769836
0.427416
0.358315
0.602078
0.209156
0.365041
0.626077
0.316976
0.555009
0.591880
0.251036
0.454183
0.296785
0.745526
0.601036
0.333114
0.153681
0.921217
0.763913
0.191617
0.373071
0.686989
0.390393
0.434157
0.280274
0.481835
0.495287
0.500697
0.137896
0.368061
0.240884
0.498259
0.413260
0.332546
0.386004
0.401969
0.402849
0.446226
0.502614
0.829457
0.589542
0.763037
0.238264
0.324596
0.470922
0.327758
0.729740
0.197570
0.670456
0.495433
0.661830
0.249934
0.250256
0.473198
0.866769
0.699472
0.900682
0.561588
0.369731
0.519108
0.623470
0.870236
0.523148
0.371356
0.380344
0.657933
0.426498
0.686919
0.484174
0.340855
1.272120
0.229407
0.696675
0.807983
0.711475
0.364156
0.101610
1.040236
0.586326
0.093996
0.556912
0.263674
0.340485
0.487267
0.635853
0.676575
0.391470
0.874763
0.212254
0.268658
0.814426
0.436818
0.421813
0.560291
0.120954
0.643942
0.492279
0.347694
0.433385
0.362866
0.396942
0.585274
0.249864
0.429299
0.298309
0.310728
0.255165
0.783701
0.504034
0.759115
0.358064
0.119549
0.638551
0.196819
0.573872
0.496877
0.546140
0.331493
0.389737
0.938176
0.508953
0.287439
1.164961
0.674297
0.880684
0.695194
0.716860
0.613744
0.389027
0.302860
0.758789
0.197051
1.008660
0.688246
0.560641
0.529298
0.847216
0.275867
0.210367
0.274009
0.276728
0.945830
0.464674
0.745415
0.604727
0.444560
0.635446
0.340419
0.222194
0.812754
0.422987
0.283051
0.557440
0.609483
0.977045
0.849278
0.741849
0.410134
0.445176
0.847442
0.854704
0.453669
0.441919
1.023565
0.424077
0.537602
0.800495
0.688942
0.673733
0.510276
0.467449
0.382680
0.713545
0.479470
0.297856
0.438473
0.764076
0.494911
0.491352
0.537500
0.531765
0.869645
0.330382
0.336269
0.748321
1.046725
0.635534
0.706222
0.267073
0.344589
0.391773
0.457200
0.476531
0.650159
0.474400
0.544318
0.288295
0.637575
0.624112
0.928472
0.420671
0.832116
0.738102
0.500719
0.419441
0.124232
0.485839
0.294874
0.404159
0.521006
0.278064
0.293181
0.404712
0.617050
0.402881
0.875402
0.540278
0.524718
0.346777
0.179168
0.388987
0.479011
0.510643
0.411165
0.385898
0.408389
0.509286
0.519683
0.445258
0.516204
0.648837
0.953242
0.307773
0.530193
0.532398
0.513276
1.056385
0.256180
0.412003
0.771318
0.701418
0.866935
0.785040
0.497022
0.772243
0.455827
0.598815
0.490862
0.423098
0.650567
0.239988
0.479029
0.267124
0.763266
0.484775
0.983364
0.511534
0.656940
0.956385
0.422395
0.682166
0.708938
0.340121
0.829241
0.604518
0.529438
0.864280
0.372072
0.376710
0.359601
0.370035
0.424729
0.534612
0.671292
0.447942
0.386844
0.303318
0.507623
0.832545
0.282815
0.292396
0.296371
0.787926
0.615328
0.289551
0.277512
0.729866
0.579842
0.610460
0.635708
0.361611
0.889939
0.211607
0.319947
0.259590
0.670176
0.630056
0.203602
0.198301
0.516583
0.233105
0.485418
0.722617
0.710201
0.735456
0.498011
0.444105
0.532764
0.372617
0.444296
0.464598
0.518962
0.329273
0.302224
0.896589
0.771316
0.280589
0.682310
0.335015
0.697888
0.542948
0.691897
0.826079
0.144510
0.593164
0.288635
0.972895
0.378321
0.195007
0.626625
0.811105
0.087133
0.277653
0.539324
0.276974
0.602678
0.651680
0.618921
0.695515
0.511311
0.508398
0.719476
0.852039
0.327863
0.526391
0.448124
0.119752
0.538808
1.056404
0.337606
0.251488
0.403844
0.405744
0.193302
0.444762
0.357062
0.475505
0.355558
0.701827
0.785047
0.462747
0.299700
0.592149
0.555427
0.373843
0.407988
0.353254
0.430961
0.634114
0.364579
0.640440
0.606580
0.765887
0.896199
0.629774
0.216774
0.121498
0.455692
0.770645
0.934980
0.669152
0.320662
0.278032
0.410436
0.421014
0.704035
0.585998
0.598504
0.546150
0.859568
0.476174
0.509103
0.265220
0.343005
0.366105
0.229269
0.624752
0.246778
0.364297
0.592971
0.676264
0.095214
0.661910
0.738133
0.290625
0.341681
0.304445
0.612117
0.587208
0.796374
0.279128
0.403244
0.150088
0.774273
0.876620
0.573571
0.614251
0.696064
0.269655
0.341223
0.948991
0.354766
0.237661
0.541285
0.219482
0.359113
0.520975
0.776802
0.391969
0.596746
0.475206
0.279798
0.378973
0.483383
0.234935
0.545891
0.395538
0.726787
0.532900
0.334576
0.333613
0.685387
0.850355
0.746902
0.215250
0.406513
0.461710
0.119148
0.275173
0.611622
0.924746
0.195365
0.396792
0.705958
0.186577
0.762912
0.596705
0.661815
0.409750
0.367228
0.505017
0.623924
0.501452
0.337068
0.788334
0.460429
0.622186
0.582151
0.257207
0.492915
0.300774
0.216719
0.396830
0.616026
0.599127
0.579031
0.477896
0.513230
0.325657
0.653751
0.610760
0.806162
0.527147
0.442689
0.388263
0.385105
0.270698
0.717927
0.229563
0.836847
1.338067
0.761511
0.498719
0.336735
0.523429
0.424424
0.542306
0.663550
0.329602
0.740368
0.719542
0.643638
0.559741
0.174482
0.433970
0.157688
0.338254
0.137473
0.536363
0.575350
0.616739
0.330195
0.427750
0.782335
0.679115
0.640941
0.417756
0.346507
0.928994
0.224564
0.765055
0.735994
0.627588
0.637358
0.375929
0.694934
0.591814
0.247067
0.541689
0.415583
0.539262
0.460604
0.439315
0.683465
0.566852
0.515109
0.802215
0.944590
0.551314
0.689430
0.743919
0.569263
0.653123
0.399045
0.376711
0.291887
0.775731
0.522510
0.558724
0.116715
0.199571
0.283921
0.741245
0.595206
0.665967
0.614864
0.724698
0.468876
0.351507
0.448225
0.925842
0.102596
0.324659
0.884780
0.597119
0.337243
0.859933
0.557322
0.711901
0.505616
0.463331
0.520802
0.846687
0.687673
0.088152
0.513460
0.500452
0.696904
0.791623
0.322775
0.673096
0.135673
0.577298
0.518440
0.783583
0.366896
0.443444
0.840502
0.328829
0.176782
0.497543
0.541112
1.284047
0.970726
0.596930
0.403596
0.947692
0.616301
0.298023
0.573249
0.561148
0.754284
0.817041
0.357366
0.712746
0.321156
0.441500
0.622196
0.233733
0.287467
0.275733
0.468940
0.391862
0.650073
0.263113
0.652323
0.347490
0.048959
0.511344
0.518373
0.871794
0.335927
0.556909
0.727664
0.391601
0.364156
0.408963
0.704086
0.390167
0.608848
0.490856
0.430413
0.440193
0.382778
0.298650
0.471723
0.679191
0.335439
0.228187
0.842829
0.481474
0.490976
0.458469
0.714264
0.241483
0.325446
0.711806
0.773487
0.584135
0.581565
0.752318
0.918065
0.139767
0.261691
0.775154
0.368595
0.619986
0.502746
0.516281
0.364093
0.099508
0.591466
0.262145
0.412564
0.273735
0.848717
0.286876
0.815378
0.555309
0.239226
0.829499
0.259467
0.568318
0.564020
0.398734
0.521711
0.403575
0.860346
0.529629
0.465175
0.448071
0.606088
0.636327
0.216628
0.704216
0.620849
0.596422
0.385422
0.385129
0.662461
0.734670
0.633006
0.680515
0.519257
0.370487
0.754731
0.409381
0.698667
0.489427
0.466638
0.772042
0.273410
0.504153
0.510634
0.614091
0.790405
0.491387
0.382560
0.606460
0.481294
0.234313
0.244277
0.238974
0.574820
0.598126
0.899938
0.439960
0.339240
0.737223
0.492378
0.706813
0.501051
0.649740
0.513321
0.322733
0.683497
0.241420
0.530531
0.305663
0.378525
0.582147
0.142104
0.602337
0.459964
0.585823
0.177565
0.496695
0.226162
0.776385
0.138994
0.470847
0.317163
0.438689
0.536931
0.454320
0.417630
0.502389
0.536318
0.542453
0.577072
0.785632
0.623622
0.346303
0.403118
0.147340
0.432919
0.613194
0.993013
0.322661
0.498494
0.246565
0.452734
0.389446
0.463312
0.291644
0.759040
0.329302
0.862489
0.715602
0.623963
0.586031
0.593429
0.317188
1.091341
0.661583
0.737696
0.153550
0.230654
0.294024
0.250552
0.534459
0.607248
0.410396
0.317687
0.435326
0.639040
0.767095
0.449059
0.544469
0.603023
0.317967
0.208704
0.217396
0.801561
0.313800
0.429868
0.342060
0.538834
0.505668
0.557203
0.718014
0.568269
0.458120
0.580785
0.502758
0.378105
0.579388
0.226283
0.471249
0.675937
0.386933
0.161148
0.298323
0.379666
0.598762
0.310144
0.534967
0.664343
0.206892
0.201578
0.383418
0.905557
0.684399
0.133559
0.496287
0.367208
0.613068
0.704820
0.498573
0.427713
0.381779
0.866529
0.375162
0.462650
1.010907
0.458681
0.337064
0.448207
0.259890
0.557667
0.527184
0.100511
0.377647
0.275410
0.699029
0.659979
0.739441
0.509735
0.818933
0.510424
0.455327
0.292777
0.669023
0.551525
0.610488
0.318890
0.756977
0.231530
0.652276
0.612058
0.587227
0.707269
0.150832
0.657036
0.164082
0.624660
0.366494
0.652366
0.135590
0.718824
0.240167
0.557174
0.383342
0.699599
0.156417
0.617402
0.507881
0.531341
0.328691
0.475605
0.608314
0.442540
0.563450
0.639316
0.642084
0.686529
0.165504
0.968867
0.599955
0.543469
0.600664
0.770369
0.522708
1.095987
0.620512
0.879948
0.620704
0.797812
0.750806
0.424302
0.226920
0.819954
0.614592
0.724107
0.513302
0.693621
0.568348
0.281173
0.800628
0.172504
0.732909
0.706633
0.332656
0.493804
0.287386
0.874970
0.409155
0.463895
0.454355
0.487199
0.337477
0.355499
0.446594
0.842071
0.439166
0.883326
0.444562
0.671687
0.548239
0.662958
0.715541
0.668564
0.663287
0.571256
0.569451
0.807359
0.500793
0.508801
0.560483
0.268353
0.559966
0.499676
0.635791
0.305951
0.761643
0.531312
0.672854
0.400074
0.794288
0.226490
0.640343
0.175914
0.439465
0.369920
0.623276
0.252734
0.207483
0.882926
0.412700
1.096798
0.435167
0.572556
0.327261
0.681694
0.529272
0.600600
0.297279
0.611094
0.520650
0.333481
0.162804
0.346112
0.373144
0.593669
0.707480
0.895534
0.274884
0.208772
0.187002
0.480469
0.710423
0.467993
0.726727
0.286272
0.755769
0.693022
0.569767
0.773682
0.186296
0.390460
0.673702
0.321339
0.453037
0.468790
0.481668
0.664123
0.745253
0.308544
0.202248
0.625734
0.625860
0.606514
0.582747
0.659262
0.578294
0.597210
0.453462
0.683668
0.370335
0.354514
0.449362
0.476776
0.251987
0.785314
0.715347
0.359009
0.817803
0.326181
0.432043
0.368099
0.213072
0.422910
0.960722
0.361988
0.477641
0.263032
0.455894
0.464236
0.399355
0.653634
1.198916
0.478756
0.403970
0.369090
0.148542
1.301000
0.388437
0.316268
0.296591
0.679436
0.751056
0.607583
0.419193
0.667697
0.349628
0.277514
0.384492
0.633682
0.546896
0.723610
0.243982
0.412355
1.138449
0.528513
0.844576
0.627676
0.812304
0.555550
0.343708
0.176535
0.523990
0.589145
0.844636
0.809663
0.639672
0.423987
0.170985
0.936550
0.648251
0.432523
0.679930
0.389443
0.628430
0.388907
0.255896
0.868494
0.825080
0.782042
0.445845
0.868248
0.618636
0.326262
0.549495
0.297534
0.523551
0.927224
0.300484
0.805518
0.615578
0.220041
0.291020
0.497713
0.679596
0.289634
0.558053
0.428968
0.631090
0.591621
0.473002
0.591935
0.485370
0.567671
0.413795
0.916052
0.437494
0.435216
0.505313
0.622789
0.528095
0.290617
0.882002
0.812682
0.518211
1.146075
0.265939
0.721323
0.400415
0.546034
0.862472
0.416441
0.348687
0.613284
0.408300
0.365676
0.201132
0.489957
0.279668
0.487539
0.610544
0.514302
0.361017
0.626444
0.547483
0.752752
0.479967
1.026199
0.182373
0.454411
0.505619
0.744865
0.258046
0.573548
0.146539
0.785355
0.407207
0.596250
0.541935
0.584310
0.276076
0.514520
0.738088
0.394874
0.616089
0.847297
0.432778
0.412413
0.551973
0.416693
0.440113
0.400390
0.570236
0.375382
0.316883
0.244568
0.380246
0.559601
0.726970
0.262959
0.554735
0.359012
0.612668
0.391228
0.518418
0.467240
0.634953
0.819911
0.535931
0.577596
0.736433
0.413993
0.460767
0.310727
0.392321
1.004226
0.509185
1.024962
0.316725
0.791228
0.746111
0.381812
0.411172
0.352778
0.758141
0.255576
0.260648
0.837778
0.463530
0.280294
0.318301
0.634083
0.611353
0.613622
0.533943
0.215898
0.553206
0.891246
0.323255
0.383070
1.211173
0.472697
0.694376
1.022279
0.566996
0.471138
0.661630
0.199090
0.593878
0.411069
0.481118
1.270427
0.444671
0.435062
0.587254
0.327428
0.613472
0.422870
0.845815
0.290085
0.438509
0.169858
0.447471
0.264810
0.655161
0.383537
0.291475
0.389113
0.345221
0.484391
0.466575
0.514881
0.680746
1.125110
0.373751
0.940252
0.542379
0.700943
0.385569
0.749413
0.554501
0.524063
0.210718
0.560681
0.393575
0.475149
0.763921
0.561745
0.376701
1.282566
0.584945
0.322414
0.128352
0.479886
0.886350
0.381210
0.370242
0.310733
0.359577
0.596960
0.558731
0.496013
0.265483
0.310562
0.510956
0.383745
0.670203
0.703021
0.393695
0.823890
0.270104
0.366180
0.574895
0.463649
0.439285
0.453298
0.550406
0.589051
0.920067
0.554907
0.150987
0.624386
0.698730
0.459760
0.472244
0.937299
0.426034
0.477079
0.709460
0.507317
0.362491
0.341087
0.140407
0.616533
0.200551
0.233142
0.536911
0.293170
0.281489
0.808614
0.196832
0.614191
0.692784
0.942743
0.354689
0.608633
0.734197
0.630266
0.288529
0.324331
0.562273
0.310575
0.185171
0.326781
1.005554
0.474484
0.883872
0.218151
0.671132
0.174009
0.603773
0.493572
0.794769
1.051571
0.577436
0.804563
0.613988
0.507275
0.440871
0.439627
0.957578
0.301839
0.766410
0.598236
0.171626
0.676595
0.264688
0.726660
0.554851
0.248911
0.502163
0.318311
0.585682
0.241500
0.357854
0.527373
0.474447
0.561148
0.481369
0.822847
0.467663
0.725110
0.230385
0.688040
0.483721
0.448351
0.749640
0.377408
0.404930
0.484488
0.596653
0.448408
0.287667
0.156551
0.593677
0.350826
0.548874
0.675650
0.129409
0.521201
0.568001
0.269391
0.615249
0.142013
0.889446
0.412504
0.852122
0.607706
0.262514
0.541673
0.445194
0.930426
0.694621
0.676477
0.741957
1.103392
0.725527
0.737192
0.831350
0.544813
0.349804
0.298198
0.470675
0.380315
0.663746
0.405018
0.541459
0.354374
0.349476
0.291564
0.666594
0.466836
0.584653
0.515644
0.595688
0.657402
0.230337
0.777287
0.623490
0.314914
0.491353
0.547752
0.519434
0.356899
0.684657
0.479890
0.619593
0.775801
0.392038
0.564802
0.605555
0.371500
0.546299
0.474066
0.616105
0.321891
0.155620
0.361505
0.557899
0.285377
0.758145
0.364186
0.154921
1.007704
0.597876
0.558187
0.778491
0.293543
0.294459
0.786258
0.584641
0.334029
0.342947
0.546800
0.752631
0.371337
1.149893
0.540386
0.513792
0.758394
0.341596
0.459151
0.818451
0.389808
0.697012
0.325085
0.821247
0.457429
0.428415
0.254819
0.261274
0.515586
0.562428
0.475321
0.619777
1.137233
0.287996
0.608916
0.378070
0.764878
0.596389
0.584079
0.280438
0.542648
0.525154
0.360172
0.482950
0.446911
0.252871
0.607432
0.769409
0.660182
0.293815
0.885684
0.321434
0.608816
0.268375
0.805050
0.611593
0.406040
0.515283
0.460824
0.231707
1.004904
0.259216
0.336644
0.562466
0.669580
0.301713
0.735200
0.474640
0.438574
0.195824
0.422888
0.291908
0.487449
0.777383
0.140884
0.400564
0.569087
0.329240
0.282293
0.789406
0.346624
0.315780
0.725291
0.316260
0.535380
0.562990
0.651613
0.232026
0.409306
0.428408
0.447117
0.508390
0.802706
0.904254
0.653526
0.558648
0.897015
0.530386
0.554117
0.276306
0.574705
0.597086
0.549287
0.430014
0.772015
0.713687
0.617135
1.204451
0.750801
0.643314
0.612410
0.722677
0.397267
1.162164
0.218483
0.261968
0.745459
0.809776
0.734993
0.264705
0.251644
0.181043
1.019749
0.910026
0.102708
0.855252
0.332391
0.546909
0.435182
0.680717
0.265024
0.432077
0.617449
0.180322
0.189645
0.614922
0.533545
0.450440
0.647073
0.467478
0.699047
0.402809
0.678126
0.357651
0.839737
0.505625
0.524903
0.122753
0.599980
0.592908
0.820327
0.585054
0.603951
0.613180
0.710649
0.297022
0.629507
0.567880
0.561382
0.542286
0.306114
0.642519
0.222786
0.991700
0.228039
0.480436
0.439367
0.815523
0.674633
0.438314
0.665243
0.453474
0.651986
0.948254
0.874302
0.572745
0.345472
0.624257
0.383121
0.552361
0.392812
0.597366
0.475574
0.730958
0.984265
0.272831
0.480540
1.203087
0.226286
0.663793
0.537885
0.357936
0.264973
0.712563
0.854441
0.509638
0.659405
0.539700
0.462061
0.389884
0.472107
0.481893
0.613151
0.760572
0.513503
0.325553
0.569257
0.530205
0.771338
0.338238
0.303352
0.920985
0.366824
0.681680
0.307289
0.708574
0.632919
0.660493
0.768866
0.742798
0.099637
0.399444
0.346189
0.155111
0.791333
0.680599
0.356129
0.898822
0.796887
0.469735
0.760220
0.277747
0.311294
0.267566
0.603962
0.350154
0.776815
0.511134
0.387245
0.973229
0.430032
0.468368
0.260621
0.445782
0.648934
0.427492
0.728300
0.415969
0.378599
0.268497
0.458676
0.656231
0.680882
0.277623
0.443891
1.106028
0.369131
0.149641
0.903771
0.718394
0.625664
0.420197
0.641424
0.555028
1.134562
0.670367
0.501100
0.691061
0.357384
0.388358
0.336857
0.509125
0.684056
0.719662
0.773490
0.984769
0.212787
0.531824
0.523470
0.745186
0.618022
0.445708
0.724805
0.496322
0.283759
0.648727
0.610425
0.234733
0.561312
0.282351
0.422575
0.224303
0.721336
0.382239
0.668347
0.642109
0.320810
0.323393
0.788006
0.585105
0.435320
0.331331
0.344112
0.842182
0.796608
0.374410
0.429192
0.258368
0.274694
0.988479
0.607550
0.356509
0.639822
0.504750
0.487401
0.541193
0.272358
0.076259
0.700596
0.504967
0.107838
0.339882
0.672878
0.541691
0.460111
0.838762
0.237346
0.510503
0.598427
0.777011
0.513901
0.867569
0.410058
0.488705
0.701176
0.311359
0.244193
0.467423
0.399282
0.238574
0.295368
0.810448
0.196213
0.395170
0.507768
0.312820
0.734261
0.658221
0.926404
0.415295
0.516538
0.551738
0.201497
0.182303
0.622263
0.681595
0.639597
0.417557
0.704835
0.594439
0.944526
0.136329
0.172710
0.392892
0.370288
0.370776
1.022748
1.012456
0.807202
0.400073
0.286601
0.590446
0.409363
0.435741
0.420391
0.527234
0.508268
0.969391
0.394820
0.551149
0.353773
0.473686
0.734502
0.401257
0.464612
0.694916
0.572991
0.133129
0.631581
0.400524
0.435214
0.724135
0.430107
0.736720
1.105089
0.715421
0.634797
0.808579
0.524719
0.416931
0.530429
0.636753
0.468798
0.654687
0.505667
0.408158
0.152444
0.662493
0.505289
0.799174
0.875460
0.355188
0.663447
0.627912
0.487069
0.875377
0.246383
0.556088
0.381022
0.333771
0.231544
0.368833
0.639601
0.699455
0.805976
0.115054
0.219854
0.066695
0.519545
0.596438
0.452566
0.444284
0.568345
0.644851
0.713422
0.735949
0.274518
0.139197
0.393152
0.414688
0.429771
0.819388
0.655009
0.709346
0.209238
0.715874
0.727724
0.307187
0.151581
0.766780
0.723422
0.566778
0.505181
0.404796
0.347714
0.536791
0.527177
0.773324
0.483224
0.586785
0.235115
0.459301
0.799453
0.645053
0.548731
0.386272
0.571112
0.283337
0.333453
0.278507
0.401560
0.442499
0.261310
0.833248
1.083736
0.534429
0.298041
0.343278
0.387249
0.647498
0.308754
0.471352
0.483493
0.551626
0.540906
0.594096
0.680425
0.334072
0.731786
0.253872
0.298985
0.466487
0.623774
0.803601
0.725469
0.690321
0.421451
1.039144
0.276444
0.276406
0.205691
0.576589
0.447349
0.326369
0.620934
0.491732
0.573083
0.579697
0.489973
0.182366
0.727281
0.849976
0.652375
0.679071
0.218405
0.602024
0.258527
0.367605
1.000422
0.746590
0.977919
0.225693
0.352228
0.490125
0.871896
0.213115
0.314062
0.657845
0.423526
0.560886
0.423966
0.423054
0.270588
0.721081
0.666162
0.712271
0.609295
0.383631
0.552570
0.749721
0.839750
0.323450
0.394017
0.737809
0.251202
0.624432
0.614000
0.271692
0.639799
0.611184
0.538658
0.537383
0.430327
0.277358
0.297026
0.218298
0.366130
0.442881
0.259624
0.608410
0.456772
0.363891
0.399806
0.558225
0.644088
0.204202
0.454840
0.421462
0.337309
0.659170
1.003559
0.271780
0.441679
0.451401
0.714215
0.636124
0.177441
0.496972
0.565200
0.419248
0.613419
0.366972
0.246422
0.454782
0.441143
0.652965
0.741406
1.157634
0.128604
0.798196
0.696851
0.565945
0.531945
0.206245
0.656606
0.668136
0.495174
0.312634
0.550675
0.441865
0.148121
0.216034
0.186670
0.450658
0.295453
0.196627
0.480238
0.450627
0.809281
0.308012
0.124993
0.648982
0.336182
0.923198
0.971047
0.719290
0.296764
0.300620
0.310964
0.458495
0.774483
0.493177
0.597577
0.828233
0.736682
0.415049
0.344539
0.250884
0.472068
0.525227
0.622653
0.941981
0.820850
0.293230
0.593518
0.252270
0.567655
0.586667
0.184251
0.609809
0.821908
0.661748
0.458891
1.083102
0.538920
0.085864
0.568261
0.780649
0.685234
0.079382
0.649344
0.610679
0.742265
0.888484
0.790986
0.342093
0.322726
0.897141
0.371967
0.615354
0.626096
0.473809
0.380626
0.424674
0.187253
0.767422
0.402868
0.393661
0.240026
0.330922
0.651924
0.417603
0.405903
0.526380
0.293525
0.541244
0.652900
0.489241
0.379904
0.383889
0.883988
0.150690
0.308919
0.758255
0.374205
0.559009
0.721914
0.444647
0.603366
0.550455
0.760538
0.549346
0.802528
0.219844
0.801193
0.574598
0.186848
0.414787
0.515807
0.771069
0.260297
0.496310
0.652059
0.422946
0.382127
0.353243
0.545923
0.489428
0.407794
0.351258
0.601784
0.718791
0.375039
0.395465
1.021515
0.535734
0.389774
0.541957
0.475969
0.726350
0.560870
0.469479
0.417993
0.329569
0.816993
0.312784
0.541204
0.893525
0.212234
0.615539
0.888185
0.421391
0.950999
0.643354
0.304604
0.400525
0.408419
0.477903
0.585120
0.287831
0.885140
0.955986
0.499016
0.709930
0.445556
0.682930
0.780145
0.452175
0.564380
0.565991
0.829823
0.504154
0.476736
0.847737
0.457690
0.537353
0.493375
0.700082
0.607492
0.216248
0.630859
0.577033
0.633165
0.551694
0.229512
0.125213
0.398749
0.478410
0.177600
0.372856
0.619480
0.331170
0.490162
0.435490
0.823533
0.775333
0.532205
0.400864
0.552196
0.591442
0.772670
0.822797
0.540976
0.785402
0.847491
0.515422
0.851159
0.993796
0.738684
0.581766
0.485823
0.712857
0.166518
0.697144
1.011166
0.601318
0.728050
0.411923
0.965621
0.616007
0.332183
0.886443
0.588995
0.448784
0.855271
0.741476
0.316438
0.608726
0.536032
0.463879
0.679017
0.588906
0.551369
0.611126
0.375813
0.302193
0.283911
0.479064
0.350292
0.139929
0.209316
0.319850
0.444322
0.187459
0.317985
0.153141
0.683271
0.264572
0.694977
0.666210
0.877005
0.771766
0.652830
0.116669
0.537063
0.898814
0.329463
0.387154
0.330818
0.267483
0.308553
0.616919
0.522625
0.398651
0.883753
0.737077
0.496719
0.502317
0.364578
0.769213
0.532118
0.535138
0.188509
0.461041
0.787373
0.466925
0.923024
0.261035
0.693515
0.393543
0.310241
0.198201
0.287726
0.383856
0.349188
0.363728
0.576183
0.546793
0.129290
0.233860
0.478796
0.509317
1.094657
0.281293
0.429404
0.294162
0.299110
0.404839
0.881922
0.281399
0.806524
0.328514
0.813351
0.324378
0.987721
0.804789
0.799467
0.510483
0.717981
0.774236
0.204789
0.349736
0.556559
0.653505
0.633527
0.715696
0.432928
0.284756
0.397645
0.530062
0.569727
0.795862
0.391496
0.596354
0.450664
0.328853
0.476161
0.576359
0.061168
0.348490
0.479324
0.470530
0.417419
0.471682
0.355609
0.640189
0.324430
0.192626
0.274003
0.446924
0.577612
0.345170
0.322878
0.448889
0.365442
0.577314
0.396878
0.657983
0.417583
0.587427
0.763120
0.278281
0.648868
0.617768
0.448271
0.334943
0.426335
0.107811
0.331339
0.275592
0.276811
0.583592
0.384464
0.411697
0.369432
0.540538
0.377889
0.345052
0.585666
0.762242
0.534128
0.295047
0.464816
0.490133
0.490767
0.571458
0.778150
0.388196
1.165519
0.439757
0.284855
0.453622
0.531791
0.335004
0.486207
0.159267
0.592053
0.933650
0.762416
0.476403
0.141569
0.497807
0.878488
0.368957
0.798024
0.546602
0.542856
0.831159
0.289610
0.505720
0.448170
0.465816
0.425447
0.713059
0.105755
0.530648
0.213662
0.354575
0.277144
0.310752
0.357554
0.279110
0.664300
0.174279
0.802634
0.252542
0.584949
0.649690
0.447852
0.276148
0.531312
0.403671
0.491341
1.042735
0.221661
0.697232
0.456224
0.268818
0.234768
0.483392
0.422632
0.607119
0.649543
0.615273
0.293940
0.880635
0.630167
0.977904
0.442298
0.435038
0.452526
0.145205
0.335647
1.061373
0.188128
0.470029
0.465394
0.743667
0.606292
0.694275
0.226988
0.452325
0.557630
0.678687
1.171418
0.273255
0.503825
0.180981
0.547760
0.313599
0.247007
0.564994
0.186136
0.988130
0.240156
0.312287
0.758048
0.329057
0.435966
0.299484
0.420774
0.754492
0.565791
0.674676
0.384050
0.698315
0.736385
0.180106
0.216709
0.566897
0.600581
0.458229
0.414386
0.182749
0.318343
0.249647
0.795646
0.481119
0.488664
0.571456
0.701013
0.804021
0.387278
0.566710
0.592049
0.111976
1.007237
0.758524
0.486827
0.384062
1.196643
0.353216
0.314581
0.210066
0.538397
0.331045
0.732665
0.816789
0.566105
0.997250
1.502918
0.517525
0.238416
0.726693
0.307870
0.531841
0.194878
0.362638
1.472904
0.388227
0.221000
0.267683
0.721925
0.465026
0.774135
0.506042
0.754324
0.235451
0.710264
0.368025
0.694915
0.543194
0.214462
0.354495
0.401656
0.905032
0.220900
0.524165
0.504737
0.541109
0.632006
0.368392
0.936195
0.711825
0.210660
0.711005
0.169560
0.411679
0.711335
0.341275
0.748427
0.534308
0.213737
0.477507
0.545826
0.586795
0.548274
0.447133
0.464905
0.349004
0.621944
0.526332
0.699449
0.607743
0.298818
0.335117
0.322566
0.120773
0.470203
0.576615
0.318401
0.156247
0.341828
0.752755
0.287850
0.577106
0.337336
0.171425
0.547823
0.199521
0.426776
0.671311
0.233490
0.397905
0.162840
0.699531
0.614041
0.498530
0.309806
0.383425
0.869638
0.744447
0.516225
0.618772
0.873576
0.964281
0.388233
0.425497
0.349492
0.313359
0.762124
0.367257
0.478759
0.523703
0.767042
0.343871
0.361254
0.644139
0.224979
0.092357
0.802454
0.283082
0.722839
0.508374
0.421628
0.209708
0.300835
0.544937
0.250374
0.497085
0.711889
0.678564
0.252771
0.168994
0.238337
0.445198
0.808259
0.401925
0.348446
0.226501
0.573112
0.582739
0.709896
0.341405
0.485219
0.741696
0.289820
0.186327
0.403868
0.681145
0.967431
0.456319
0.488985
0.812383
0.538422
0.760850
0.677258
0.329722
0.364025
0.632974
0.307326
0.700806
0.654876
0.856728
0.990373
0.577889
0.694013
0.315753
0.243934
0.300158
0.653413
0.055310
0.629784
0.459926
0.548488
0.662337
0.634174
0.734139
0.322199
0.452618
0.284552
0.790436
0.641911
0.244808
0.559397
0.813224
0.282940
0.299881
0.570254
0.605370
0.615139
0.807452
0.218355
0.441630
0.764003
0.492255
0.408614
0.788422
0.095920
0.705586
0.467377
0.655894
0.507908
0.245082
0.943160
0.445147
0.306798
0.212629
0.135263
0.856322
0.368719
0.591931
1.031825
0.366300
0.242692
0.467053
0.375349
0.229501
0.822903
0.379124
0.779036
0.517854
0.740814
0.373599
0.379327
0.511273
0.343909
0.690355
0.852563
0.225409
0.620633
0.300128
0.421014
0.471653
0.660952
0.492032
0.178406
0.668357
0.650044
0.482910
0.225487
0.405912
0.405551
0.500884
0.132400
0.486924
0.305176
0.433426
0.833612
0.463147
0.518516
0.375428
0.439992
0.425588
0.522808
0.368950
0.959874
0.304107
0.575823
0.774555
0.300856
0.444800
1.116424
0.716725
0.501326
0.624868
0.407146
0.916570
0.544607
0.889236
0.582829
0.675571
0.235344
0.147134
0.315936
0.245026
0.363238
0.761843
0.687821
0.386381
0.311209
0.438068
0.433923
0.122277
0.786181
0.482744
0.646441
0.422434
0.937969
0.476732
0.658319
0.854938
0.463573
0.738701
0.349410
0.554184
0.313241
0.656450
0.649935
0.302324
0.331276
0.437810
0.371359
0.414090
0.920304
0.790058
0.365780
0.494676
0.255484
0.616050
0.819170
0.176890
0.427896
0.587827
0.458100
0.456266
0.842039
0.576151
0.810031
0.536038
0.626031
0.553759
0.499174
0.503499
0.784070
0.737301
0.605641
1.189815
0.415345
0.354857
0.329167
0.728236
0.370338
0.550542
0.363762
0.051759
0.377007
0.984460
0.254287
0.573858
0.281006
0.594302
0.526498
0.383956
0.108766
0.364684
0.755583
0.191492
0.115636
0.364384
0.236977
0.788315
0.300419
0.519716
0.388601
0.369528
0.369936
0.231344
0.325248
0.931180
0.416724
0.184954
0.156179
0.452733
0.364924
0.351771
0.905985
0.099850
0.546246
0.560402
1.123827
0.137562
1.014967
0.770842
0.579201
0.375991
0.179212
0.944963
0.287706
0.532363
0.343759
0.669562
0.830490
0.822943
0.148103
0.512195
0.809138
0.615279
1.030458
0.488673
0.244974
0.245425
0.489105
0.450982
0.641752
0.395369
0.082672
0.495100
0.985820
0.498888
1.007793
0.327044
0.451275
1.116696
0.991048
0.569794
0.514504
0.654105
0.629379
1.164991
0.783979
0.084521
0.490154
0.537119
0.937892
0.405221
0.362482
0.280537
0.604504
0.623667
0.395380
0.722090
0.465860
0.576043
0.382113
0.527728
0.274015
0.189017
0.831377
1.789645
0.452617
0.645597
0.544570
0.423850
0.582442
0.358115
0.782016
0.967554
0.453520
0.338458
0.191976
0.393743
0.448970
0.249576
0.344171
0.341163
0.319045
0.840630
0.261078
0.919975
0.486597
0.482131
0.748346
0.186712
0.435790
0.805460
0.431170
0.428032
0.776253
0.310630
0.851457
0.494569
0.749793
0.399082
0.678950
0.943059
0.651734
0.483618
0.697202
0.671188
0.285231
0.210071
0.531929
0.846062
0.356308
0.266344
0.919925
0.410972
0.291689
0.563397
0.481532
0.510246
0.495661
0.218585
0.516748
0.760059
0.419672
0.417022
0.212519
0.293957
0.260883
0.649879
0.525763
0.629507
0.484940
0.375104
0.768357
0.650916
0.221639
0.651162
0.305646
0.717901
0.448705
0.396319
0.063807
0.744791
0.596592
0.263631
0.258021
0.235318
0.950995
0.690427
0.370226
0.748833
0.272567
0.245149
0.226130
0.509091
0.322927
0.204505
0.965091
0.442779
0.733613
0.510815
0.586400
0.659735
0.851369
0.576083
0.414456
0.633660
0.633467
0.356204
0.640232
0.592604
0.349956
0.299237
0.886274
0.517680
0.357722
0.254685
0.606999
0.432512
0.605082
0.637833
0.417292
0.384813
0.660703
0.775639
0.213913
0.407733
0.637432
1.087679
0.743571
0.386522
0.371442
0.280144
0.353425
0.591615
0.114131
0.805013
0.241192
0.485079
0.798213
0.143657
0.714831
0.580358
0.395929
0.365748
0.605107
0.346601
0.686592
0.394955
0.406123
0.632065
0.197715
0.334019
0.332178
0.605612
0.304579
0.681614
0.404924
0.725693
0.573668
0.268785
0.613597
0.547179
0.851882
0.749019
0.788483
0.543018
0.799844
0.958946
0.174243
0.554439
0.888905
0.802358
0.825076
0.732018
0.423610
0.361922
0.701554
0.621274
0.452893
0.677933
0.448557
0.649613
0.490494
0.648264
0.613949
0.584219
0.616439
0.481343
0.632927
0.823340
0.530217
0.382782
0.188389
0.722254
1.042060
0.389956
0.600075
0.802125
0.471895
0.920647
0.593453
0.369727
0.493574
0.789513
0.298479
0.619362
0.854625
0.325305
0.613753
0.611789
0.676273
0.956443
0.625785
0.747556
0.419195
0.202265
0.350044
0.682290
0.163791
0.359350
0.389473
0.156838
0.447695
0.907795
0.323793
0.301518
0.461152
0.361832
0.295464
0.176945
0.615942
0.837206
0.488799
0.456359
0.972886
0.330605
0.726757
0.175123
0.545765
0.577095
0.399295
0.309539
0.380340
0.656165
0.740904
0.621597
0.345613
0.940967
0.467169
0.383534
0.478212
0.478962
0.349341
0.460387
0.448610
0.930389
0.998991
0.617238
0.840633
0.287893
0.195531
1.034057
0.197675
0.430464
0.980422
0.284747
0.654070
0.516813
0.340709
0.618865
0.369969
1.100551
0.241043
0.686611
0.755819
0.370322
0.321577
0.380322
0.875715
0.264941
0.269140
0.254532
0.616562
0.129596
0.452776
0.447721
0.431365
0.642858
0.632194
0.159437
0.163364
0.403344
0.380818
0.761468
0.266841
0.259207
0.552067
0.308543
0.324214
0.823439
0.154745
0.454789
0.621063
0.305468
0.781705
0.154043
0.552523
0.239153
0.641374
0.088647
0.797452
0.368176
0.593100
0.624939
0.375280
0.498492
0.179579
0.251571
0.348235
0.947574
0.316274
0.271033
0.279152
0.969074
0.448603
0.852073
1.132891
0.283215
0.325213
0.193600
0.592373
0.558349
0.523012
0.796391
0.328715
0.513056
0.234823
0.264806
0.456719
0.439173
0.430729
0.403785
0.495350
0.630663
0.286996
0.088151
0.446294
0.291082
0.731680
0.177677
0.467947
0.547925
0.464084
0.828648
0.997556
0.912980
0.554032
0.333736
0.407304
0.370205
0.489365
0.623360
0.132173
0.415016
0.571360
0.434860
0.286066
0.936857
0.701184
0.554738
0.801292
0.385316
0.669992
0.610864
1.302377
0.215018
0.617495
0.634641
0.686725
0.416110
0.453880
0.540173
0.340295
0.231366
0.860022
0.350613
0.684250
0.599454
0.217397
0.671609
0.381044
0.711142
0.641628
0.542195
0.375541
0.320146
1.032208
0.422734
1.053391
0.770101
0.276417
0.618289
0.188058
0.495131
0.159366
0.657888
0.713226
0.558078
0.494808
0.492440
0.696774
0.942179
0.730668
0.365671
0.437853
0.903699
0.859910
0.415236
0.356270
0.697691
0.544074
0.481045
0.210641
0.500986
0.518969
0.286252
0.924730
0.791081
0.385507
0.230434
0.452008
0.671091
0.379689
0.988891
0.492970
0.698125
0.614206
0.507288
0.667689
0.493066
0.458626
0.627030
0.258443
0.515065
0.041100
0.695122
0.339055
0.444960
0.841239
0.578648
0.343829
0.520499
0.349783
0.446274
0.947775
0.865761
0.421600
0.353156
0.374324
0.288064
0.701696
0.696018
0.418469
0.337493
0.122755
0.420961
0.506324
0.637280
0.119501
0.407058
0.501625
0.446081
0.277929
0.268257
0.150926
0.681194
0.580696
0.374273
0.809052
0.499353
0.191626
0.609334
0.678746
0.424941
0.617435
0.661614
0.683706
0.330430
0.247409
0.658480
0.578150
0.352008
0.122985
0.645656
0.547649
0.140278
0.250552
0.804220
0.226888
0.519286
0.644194
0.470494
0.458779
0.419783
0.624428
0.490633
0.516426
0.518110
0.376204
0.240101
0.754841
0.273531
0.503218
0.244344
0.364330
0.628864
0.285692
0.362506
0.487013
0.271678
0.874273
0.706180
0.332137
0.611359
0.556948
0.477999
0.689242
0.576225
0.557866
0.688075
0.638780
0.132945
0.714820
0.546877
0.503438
0.612387
0.540698
0.893069
0.398620
0.302141
0.377958
0.489594
0.584784
0.450869
1.195418
0.630514
0.425329
0.339442
0.680452
0.265262
0.409112
0.293497
0.328889
0.462767
0.408135
0.827077
0.295310
0.437108
0.723124
0.363138
0.514910
0.488699
0.596309
1.003769
0.310239
0.612681
0.432456
0.789421
1.017549
0.775198
0.572515
0.529392
0.292630
0.676842
0.267559
0.443744
1.255267
0.502236
0.182320
0.315739
0.667013
0.651244
0.415201
0.754477
0.473704
0.357654
0.359891
0.235310
0.345079
0.726505
0.333914
0.280176
0.284802
0.559519
0.536431
0.842002
0.492931
0.164948
0.894947
0.748918
0.438218
0.673105
0.724147
0.747384
0.734417
0.153903
0.746546
0.574338
0.541738
0.446323
0.403402
0.889138
0.250848
0.667499
0.532096
0.501708
0.868787
0.122406
0.189315
0.448748
0.472548
0.276115
0.770517
0.477997
0.240630
0.635442
0.384637
0.933443
0.584114
0.724331
0.395405
0.232262
0.432954
0.658475
0.753542
0.667068
0.294676
0.624758
0.509809
0.683683
0.441764
0.419091
0.555516
0.559887
0.282243
0.287981
0.526928
0.604465
0.665776
0.469034
0.592866
0.879305
0.847808
0.397003
0.400951
0.549906
0.391367
0.611692
0.544131
0.263627
0.226036
0.609664
0.446050
0.425848
0.250866
0.562909
0.672181
0.352162
0.698029
0.382414
0.295108
0.252087
0.456759
0.566152
0.509185
0.625458
0.686144
0.494389
0.369699
0.817321
0.633448
1.046562
0.353572
0.293367
0.455225
0.461827
0.627668
0.395234
0.410145
0.485498
0.372235
0.303947
0.268905
0.477886
0.232432
0.955885
0.641291
0.614098
0.388147
0.144894
0.710731
0.417167
0.935475
0.387561
0.439908
0.306851
0.742912
0.862912
0.487610
0.424890
0.302375
0.307239
0.550231
0.746947
0.681871
0.712271
0.927661
0.515847
0.291159
1.048594
0.350874
0.970520
0.418294
0.567173
0.716059
0.668118
1.193801
0.188039
0.567189
0.456833
0.131737
0.401592
0.219614
0.555948
0.713302
0.243174
0.149032
0.464008
1.010807
0.231426
0.597794
0.311216
0.599457
0.360707
0.876229
0.676331
0.442087
0.668501
0.394405
0.639723
0.225398
0.195441
0.580484
0.168886
0.462387
0.481094
0.589871
0.461932
0.713361
0.442686
0.427448
0.749087
0.377282
0.456757
0.803778
0.417672
0.355335
0.817584
0.886244
0.411811
0.582053
0.184222
0.715481
0.583079
0.568139
0.229357
0.461054
1.206440
0.748406
0.539702
0.391337
0.538615
0.581680
0.549979
0.495129
0.779455
0.627246
0.671136
0.882483
0.318346
0.203185
0.643250
0.446265
0.600213
0.381426
0.641770
0.329849
0.545435
0.636483
0.513598
0.314262
0.365122
0.474939
0.409632
0.522817
0.205326
0.885991
1.050592
0.227944
0.473383
0.295640
0.441511
0.340952
0.249066
0.667808
0.605276
0.424255
0.156440
1.230228
0.688389
0.236781
0.178368
0.628749
0.431881
0.424957
0.257509
0.923375
0.472868
1.045442
0.263064
0.652730
0.571934
0.909279
0.197064
0.277439
0.325128
0.304270
0.582860
0.657906
0.353691
0.752852
0.357267
0.456649
0.332924
0.133978
0.891085
0.401709
0.432012
0.401722
1.056252
0.362309
1.038715
0.409493
1.079617
0.598874
0.499406
0.593741
0.203685
0.219477
0.355457
0.577960
1.046446
0.509347
0.637169
0.430665
0.298935
1.042021
0.616239
0.356798
0.598012
0.749129
0.405917
0.651604
0.678821
0.377364
0.578070
0.849245
0.367875
0.699872
0.671798
0.887366
0.519233
0.323714
0.669208
0.648732
0.411867
0.722825
0.556291
0.203595
0.337188
0.265666
0.385049
0.352433
0.292885
0.438526
0.043327
0.178330
0.495265
0.590846
0.645260
0.397566
0.688180
0.354834
0.455882
0.498987
0.316130
0.454588
1.247676
0.347522
0.430634
0.462740
0.582935
0.297810
0.945010
1.187918
0.841414
0.568248
1.024514
0.603651
0.829220
0.418757
0.302190
0.260908
0.513036
0.311268
0.433152
0.346605
0.552788
0.358243
0.664125
0.411170
0.725230
0.583316
0.383465
0.392290
0.149698
0.600008
0.330868
0.451113
0.611802
0.371162
0.969480
0.463955
0.214384
1.128906
0.515796
0.795958
0.571423
0.255230
0.983941
0.560033
0.575714
0.821468
0.701837
0.638540
0.416776
0.213184
0.608689
0.458248
0.600767
0.603453
0.640258
0.708335
0.703635
0.467437
0.552990
0.584464
0.134988
0.169953
0.504902
0.088427
0.203933
0.202952
0.534481
0.550340
0.410989
0.478711
0.459129
0.506105
0.567868
0.415709
0.314832
0.577067
0.322166
0.539714
0.262090
0.703474
0.603444
0.301650
0.354340
0.303062
0.169997
0.882784
0.330910
0.427813
0.492938
0.497093
0.549244
0.852480
0.383947
0.376901
0.354830
0.282480
0.786304
0.786696
0.291416
0.418003
0.684718
0.536828
0.380237
0.777158
0.764790
0.171955
0.193909
0.231913
1.054246
0.346258
0.251929
0.335261
0.581645
0.572461
0.765993
0.996986
0.426087
0.320438
0.475858
0.278258
0.616767
0.442029
0.715935
0.525393
0.600907
0.641485
0.496355
0.648162
0.384453
0.722858
0.502216
0.571388
0.834339
0.506740
0.434301
0.257801
0.683323
0.085663
0.430098
0.707481
0.388428
0.158586
0.105950
0.631398
0.375680
0.704193
0.216949
0.179356
0.887313
0.832348
0.358044
0.531378
0.917439
0.256916
0.230247
0.373847
0.480774
0.380344
0.203693
0.463243
0.637205
0.406870
0.635623
0.730112
0.416932
0.101191
0.270986
0.821080
0.554530
0.328199
0.303252
0.388717
0.477337
0.590801
0.675356
0.475222
0.429842
0.793784
0.622475
0.560185
0.459423
0.784764
0.646914
1.002064
0.495908
0.552368
1.149995
0.232229
0.365760
0.492310
0.370739
0.409826
0.224595
0.681682
0.297655
0.138737
0.718578
0.422083
0.450538
0.690712
0.582274
0.497475
0.493542
0.512145
0.602329
0.454148
0.674844
0.450114
0.671792
0.556400
0.329242
0.987090
0.135174
0.362765
0.292645
0.746530
0.559122
0.448301
0.443163
0.773425
0.532615
1.076508
0.535183
0.317387
0.159555
0.413419
0.303484
0.205941
0.316919
1.049307
0.599784
0.840073
0.493941
0.125714
0.335442
0.700182
0.695405
0.768508
0.630793
0.437064
0.393308
0.713971
0.091612
0.463459
0.592451
0.668867
0.530912
0.433196
0.316098
0.553445
0.595360
0.461797
0.166078
0.803119
0.359812
0.539074
0.452728
0.742064
0.593174
0.578582
0.267396
0.365470
0.348105
1.111644
0.357128
0.841761
0.673868
0.777845
0.126122
0.314617
0.845317
0.588794
0.583110
0.780634
0.801971
0.872844
0.340134
0.411390
0.280600
0.489670
0.651082
0.618866
0.760770
0.422611
0.351930
0.119961
1.003969
0.090668
0.379546
0.256342
0.770712
0.515603
0.459427
0.727842
0.235573
0.585309
0.267697
0.401245
0.697592
0.508856
0.311422
0.514276
0.968122
0.614567
0.166132
0.426894
0.481541
0.173134
0.215542
0.837872
0.315434
0.299359
0.358463
0.268278
0.521290
1.022021
0.472461
0.456928
0.324662
0.678949
0.803232
0.529265
0.339981
0.540698
0.640565
0.554666
1.042370
0.735457
0.519282
0.508083
0.632612
0.462124
0.628391
0.558446
0.625489
0.781039
0.678587
0.568661
0.482108
0.739845
1.040374
0.375032
0.433989
0.482030
0.594233
0.365127
0.508236
0.557375
0.378760
0.641727
0.612922
0.699978
0.474968
0.533218
0.829005
1.026942
0.337347
0.276353
0.351306
0.187506
0.303415
0.666595
0.207017
0.387518
0.269696
0.445766
0.446986
0.477754
0.343580
0.188767
0.498683
0.193835
0.787626
0.253057
0.394237
0.663303
0.623813
0.398029
0.354952
0.307572
0.441252
0.340757
0.698844
0.439621
0.944133
0.926762
0.438255
0.523699
0.206583
0.685591
0.426133
0.491862
0.726197
0.355089
0.542525
0.886706
0.502479
0.718371
0.738338
0.792199
0.249066
0.405964
0.468253
0.534783
0.263536
0.328630
0.679395
0.382283
0.316790
0.693800
0.653046
0.961922
0.388070
0.344309
0.327469
0.488949
0.314414
0.428982
0.384775
0.169262
0.713666
0.368560
0.393891
0.347806
0.504648
0.777821
0.348928
0.549579
0.741045
0.992050
0.557670
0.584819
0.682448
0.381780
0.623874
1.152301
0.908078
0.749010
0.771501
0.328731
0.607071
0.578832
0.643647
0.262045
0.889900
0.497424
0.700621
0.702043
0.155070
0.742168
0.920989
0.595691
0.492274
0.430055
0.448941
0.061845
0.797953
0.671794
0.550191
0.174168
0.763907
0.594726
0.545647
0.229314
0.436748
0.879359
0.213627
0.352332
0.220503
0.958621
0.335090
0.853901
0.369473
0.782007
0.578290
0.682093
0.338932
0.403277
0.304464
0.303879
0.479835
0.513496
0.562612
0.629513
0.054517
0.627076
0.534894
0.175804
0.509441
0.419462
0.371396
0.122091
0.222924
0.735451
0.290336
0.235807
0.824697
0.539005
0.165258
0.474116
0.356902
0.452607
0.435743
0.384237
0.418560
0.437989
0.432687
0.191388
1.002710
0.415199
0.876663
0.979939
0.462555
0.633025
0.461351
0.472881
0.296265
0.887570
0.868459
0.644291
0.401101
0.604259
0.597025
0.809494
1.072827
0.672980
0.992981
0.763648
0.206584
0.372623
0.080564
0.674979
0.582238
0.569774
0.558451
0.284278
0.575062
0.379449
0.287916
0.319463
0.605951
0.310105
0.248613
0.421155
0.420555
0.630762
0.817030
0.450690
0.856824
0.627400
0.506914
0.635859
1.039817
0.379219
0.801638
0.300154
0.740096
0.740744
0.737919
0.641071
0.234346
0.356555
0.318539
0.440132
0.748963
0.444226
0.395236
0.328609
0.477777
0.726151
0.621072
0.853227
0.585502
0.447811
0.596893
0.359653
0.431307
0.387337
0.361404
0.189743
0.332283
0.511166
0.354564
0.408758
0.486597
0.824432
0.903499
0.629782
0.368554
0.438238
0.621571
0.880386
0.220918
0.478584
0.621929
0.698007
0.624180
0.744433
0.256008
0.400911
0.628127
0.571374
0.683121
0.430909
0.786451
0.819745
0.543256
0.222932
0.277619
0.717916
0.657538
0.743074
0.330408
0.411359
0.528941
0.221576
0.658705
0.207665
0.316993
0.225396
0.548269
0.198381
0.618584
0.510068
0.543436
0.557223
0.511952
0.225458
0.447667
0.518448
0.518450
0.386704
0.320342
0.221242
0.768663
0.402996
0.216751
0.527728
0.367673
0.528550
0.610272
0.417072
0.446562
0.287152
0.682653
0.102329
0.429330
0.367627
0.247689
0.575196
0.762441
0.750627
0.527148
0.886292
0.507159
0.382641
0.754202
0.881266
0.130340
0.377220
0.406979
0.128140
0.445647
0.573506
0.558148
0.673329
1.001244
0.990299
0.771147
0.598394
0.429698
0.564695
0.812058
0.322805
0.632191
0.574722
0.512956
0.300236
0.568820
0.603022
0.184918
0.193009
0.917648
0.964405
0.541413
0.882228
0.190827
0.309406
0.465574
0.465511
0.702521
0.573559
0.392450
0.827589
0.649983
0.214048
0.424454
0.847764
0.574328
0.692104
0.408882
0.785038
0.392276
0.495450
0.358952
0.306998
0.441444
0.728099
0.366510
0.449516
0.365188
0.943666
0.489061
0.450552
0.701663
0.372562
0.285034
0.683628
0.626598
0.397616
0.947118
0.451874
0.336823
0.410100
0.231175
0.444712
0.057128
0.739153
0.502080
0.381847
0.434610
0.386751
0.579281
0.418391
0.393292
0.521289
0.308679
0.259787
1.006684
0.623526
0.440075
0.418178
0.279134
0.781273
0.371238
0.748860
0.429051
0.502916
0.598980
0.207257
0.205267
0.610328
0.474175
0.501231
0.953180
0.413399
0.965675
0.659933
0.357618
0.679562
0.266505
0.436145
0.812511
0.526212
0.421894
0.531666
0.346545
1.112652
0.808540
0.674738
0.586534
0.370843
0.639814
0.939086
0.241610
0.523551
0.223901
0.320988
0.694915
0.472707
0.477313
0.812958
0.616914
0.488586
0.197813
0.749226
0.340936
0.747192
0.536348
0.797765
0.267372
0.371623
0.559575
0.464068
0.783896
0.555018
0.452884
0.524605
0.193674
0.646249
0.916761
0.361776
0.616688
0.511252
0.174013
1.037287
0.467246
0.507383
0.628251
0.574434
0.373485
0.277739
0.659158
0.931127
1.050287
0.383228
0.400977
0.478893
0.666128
0.215266
0.428373
0.729934
0.400703
0.713574
0.546951
0.228758
0.498858
0.633605
0.402835
0.893167
0.417410
0.905932
0.476862
0.773192
0.079182
0.625240
0.389576
0.361777
0.894551
0.654146
0.498161
0.687351
0.550607
0.296693
0.595090
0.743878
0.274603
0.296642
0.955579
0.644278
1.037998
0.552592
0.756310
0.596918
0.215585
0.812895
0.579355
0.591845
0.517040
0.200134
0.788192
0.149740
0.410033
0.364793
0.524737
0.561464
0.600781
0.459886
0.521782
0.280234
0.496707
0.325312
0.294735
0.967298
0.561158
0.647280
0.207946
0.247780
0.472176
0.608726
0.501892
0.459835
0.497975
0.847100
0.208714
0.526232
0.749233
0.582210
0.985064
0.466847
0.742203
1.100310
0.369089
0.617577
0.343211
0.447756
0.434808
0.777881
0.393932
0.247050
0.558389
0.530515
0.188724
0.194540
0.743478
0.765389
0.331563
0.580430
0.205634
0.456589
0.567708
0.521371
0.341530
0.933887
1.166644
0.231251
0.285314
0.617392
0.561323
0.972918
0.411115
0.806397
0.387824
0.470670
0.607712
0.693684
0.652714
0.633032
0.381684
0.470622
0.358637
0.402040
0.498779
0.497531
0.390602
0.351923
0.284646
0.704282
0.672795
0.333093
0.695114
0.399174
0.699679
0.368228
0.597775
0.466645
0.325592
0.670352
0.279248
0.603977
0.809002
0.567213
0.620859
0.278861
0.326291
0.403114
0.395889
0.518250
0.476665
0.603342
