0.454136
0.796603
0.580574
1.427310
0.972030
0.320112
1.121877
0.136663
1.248320
0.420207
1.155137
1.658872
0.249556
0.966533
1.635546
1.146201
1.254002
0.419211
1.186981
1.045071
0.818179
0.541135
0.960667
0.418751
0.889716
0.684878
0.596892
0.172863
1.680911
0.430600
1.382167
0.548397
0.858523
0.626078
1.103289
1.309857
0.514654
0.853570
1.289493
0.683787
0.711087
1.021395
0.220649
0.355678
0.665103
1.742634
0.661256
0.528789
0.748660
0.628017
1.430384
1.311119
1.100211
0.894058
1.036635
0.802584
1.374277
0.553124
0.680251
1.026141
0.635200
0.563285
0.477185
1.360184
1.022108
1.283220
1.696381
0.722045
0.924232
0.958859
1.061472
0.730786
0.410370
0.690982
0.761202
0.966007
1.526791
1.452209
0.466117
0.481566
1.087526
0.358283
1.218979
0.971545
1.309398
1.084726
0.769864
0.513751
1.217761
0.467215
0.479809
0.938341
0.313876
0.836124
0.784506
0.811593
1.120113
0.769718
0.254797
0.144350
1.382549
0.542902
0.836316
0.769003
1.336056
0.379653
1.094377
0.502353
0.496572
0.641824
1.605260
0.583430
0.574248
1.133094
1.114487
0.537227
0.732008
0.580993
0.431268
0.337460
0.364898
0.706847
1.269145
0.589267
0.555756
0.625118
0.876136
0.873062
0.359078
0.567623
0.429218
1.059868
0.957045
0.388247
1.002245
0.165264
1.214995
0.630859
0.922968
0.951616
0.971048
0.860542
0.673159
0.407975
0.335410
0.825550
0.487339
1.144793
0.533370
1.192649
0.877192
0.715995
1.265824
0.869990
1.425954
1.029996
0.846422
0.815766
0.320588
0.385629
1.106780
0.256324
1.256071
0.272575
1.370340
0.650954
0.524453
0.824356
0.419555
0.956249
0.790083
0.459892
0.369443
1.006032
0.990370
0.796557
1.201606
0.466606
0.564684
0.805037
0.895211
0.504864
0.944226
0.495450
0.966234
0.825740
0.477687
1.106540
0.727697
0.550273
1.161852
0.938147
1.417966
0.406269
0.730883
0.404094
0.785764
0.741206
0.647531
0.427095
0.551695
0.311158
0.846608
0.267569
0.473927
1.344445
0.697310
0.836031
0.748381
0.856382
0.781975
1.133780
1.050689
0.380468
0.288317
1.179080
0.908225
1.005524
0.638100
1.506483
0.921904
1.271934
0.840440
0.470955
0.601150
0.795505
0.821503
0.675081
0.667571
0.960125
1.109279
0.463534
0.529331
0.504319
0.943007
0.543191
0.787601
0.376069
0.758938
1.117712
0.697278
0.767281
0.800879
0.595683
0.454722
0.155804
0.681355
1.069408
1.252932
1.122284
0.287022
1.600005
0.875433
0.852851
0.196222
0.461770
0.483001
0.725437
0.888604
1.046580
0.365894
1.263843
0.944821
1.473488
0.547175
0.773945
0.795662
0.729640
0.729990
0.857812
1.182951
0.744104
0.875829
1.385410
1.075821
0.789477
0.884856
0.599806
1.585568
0.769329
1.079503
1.278686
0.791614
0.364404
0.715444
0.421645
0.987193
2.225232
0.387545
0.315911
0.488254
1.277977
1.084668
0.768451
0.579123
1.277990
1.121063
0.526769
0.687560
1.037564
1.126016
0.960420
0.501590
1.091723
0.322283
0.606665
1.009977
0.636603
0.820194
0.214740
1.226411
1.179526
0.745012
0.880158
0.654894
0.538816
0.841697
1.612788
0.423987
0.441401
0.947514
0.924065
0.601713
0.896463
1.294069
0.870734
0.400447
1.480045
1.456251
0.433552
0.494829
1.481318
0.841283
0.818059
0.798387
0.718999
0.696834
0.509390
0.471110
1.521765
1.337364
0.691447
0.446555
0.892199
1.264161
0.824156
1.356129
1.431104
1.474043
0.472791
1.186008
0.906918
0.253642
0.768847
1.588472
0.355228
0.583327
1.076496
1.222922
0.570164
0.726709
1.294660
0.937879
0.903855
0.800887
1.102581
1.646528
0.856202
1.075115
0.341114
1.415719
0.627030
0.465381
0.629597
0.286256
0.203090
1.086672
0.488462
0.825174
0.714371
0.594595
0.996457
1.438251
0.693006
0.628937
0.552447
0.992708
0.655472
0.696770
1.263296
2.089415
0.836169
0.226298
0.549638
0.521069
0.504613
1.009637
1.119162
0.849987
0.857198
0.815980
0.661441
0.976967
0.625107
0.396955
0.248541
0.586401
1.426263
0.822284
0.807827
0.761841
0.536440
0.817022
1.049493
0.926153
1.000353
0.733042
0.633645
1.623755
0.638109
1.328195
0.448853
0.806528
0.512871
0.822448
1.127366
1.373900
1.093278
0.430843
0.645628
0.818029
0.453047
0.691819
0.673872
0.936999
1.455845
1.068979
1.195906
1.291911
0.278622
0.657582
1.090668
1.133669
0.532772
0.564170
0.560152
0.370590
0.215337
0.617621
0.577198
1.160563
0.623267
0.763110
0.602963
1.125106
0.776759
1.790102
0.561335
0.784652
0.738363
1.014912
1.406920
0.807893
1.343825
0.402911
0.560340
0.761230
0.491558
1.056190
0.684091
0.923837
0.543220
0.662859
1.106804
0.629173
0.788720
0.431400
1.295277
0.201438
0.656241
0.445152
0.424232
0.982074
0.413338
1.417887
1.037923
1.050965
0.836577
0.981211
1.171275
0.689322
0.706430
1.005114
1.003764
0.286031
0.990332
1.210963
2.011919
1.380278
0.460319
0.791198
0.463564
1.715608
0.789192
0.918469
0.442536
0.552324
1.172350
0.396979
0.830224
0.596244
0.560221
0.691154
0.862373
0.343216
0.618730
0.442862
0.830543
0.493153
0.907699
1.249647
1.508525
0.751882
0.945571
0.789420
0.687303
0.603041
1.108842
1.073623
0.718928
0.541613
1.038506
1.371389
0.605457
0.680301
0.953321
0.809457
0.680873
1.355726
0.673002
0.918085
0.262165
1.195626
0.828634
0.689803
0.478691
1.780418
0.882010
1.238823
0.409161
0.354757
0.680386
0.691665
0.291552
0.902760
1.142179
0.166997
1.076812
1.181169
0.293204
1.105457
1.321389
0.891335
0.502600
1.028768
0.163213
0.695100
0.785006
0.384358
0.619876
0.995035
1.100092
1.005418
0.216434
0.684673
0.883596
0.976426
1.244114
0.663974
0.759428
1.617712
1.175785
1.056280
0.580638
0.372726
1.181407
0.687862
0.760659
0.140167
0.794177
0.686469
1.442742
1.611468
0.680376
0.768927
0.748922
0.693167
0.469115
0.487090
0.476654
0.339572
0.600700
0.828099
0.348861
0.692869
0.740887
0.816538
0.360099
0.691503
0.789413
0.869191
0.634209
0.567920
0.718484
0.766415
0.999183
0.589920
0.736174
1.163147
0.707374
1.048158
0.299722
0.974538
1.430639
1.363626
0.415346
0.301671
1.032344
0.278658
1.260720
0.621183
0.417500
1.086540
1.045210
0.548553
0.435007
0.168863
0.901223
1.401781
0.982560
1.105686
0.752359
0.715916
0.556646
0.237311
1.227399
0.742788
1.226607
1.195728
0.613417
0.924756
1.079859
0.876039
1.117499
0.663015
0.718804
0.025451
0.475491
0.701397
0.881215
0.627387
0.592593
0.738766
0.909963
0.553758
0.979693
0.913167
1.116977
0.279676
0.321222
0.996940
0.795699
0.654745
1.437987
0.790759
0.628915
1.356422
0.686231
0.411458
0.980766
1.275701
0.899282
0.216650
0.554016
0.961607
0.875778
1.255576
0.604301
0.384277
0.794573
1.057674
0.506598
0.325362
0.532870
0.269047
0.850297
1.365113
0.656597
0.769596
0.480778
0.194812
1.450747
1.398742
0.466720
1.325656
1.051783
0.966067
0.560835
0.877512
1.124548
0.694799
0.856809
0.844581
0.918758
0.679853
0.534633
0.733253
0.401479
0.497959
1.697012
0.642993
0.659439
1.583269
0.720255
1.349244
0.458329
0.967109
1.477342
1.164444
0.695192
1.309026
0.912946
0.714160
1.091600
1.349329
0.993012
0.240260
0.780650
0.794183
0.737359
0.944373
0.277216
0.222497
0.749674
0.625821
0.445135
1.308840
0.921379
0.668499
0.862588
0.747959
1.031293
0.745858
0.840476
0.681397
0.523383
1.463341
0.837351
0.827140
0.738666
0.679077
1.053659
0.746095
1.051672
0.680603
0.227643
1.843780
1.734570
0.475834
0.356005
2.146128
0.989830
1.395049
0.909683
0.776460
0.991166
0.786143
1.141178
1.012387
0.515506
0.976714
1.189887
0.744519
0.797607
0.817952
0.630394
0.268910
1.297510
0.641405
1.544749
1.022458
0.758012
1.107584
1.104705
0.574055
0.487568
0.702142
0.408030
0.530818
0.841924
1.934334
0.517536
0.539066
0.635240
0.389706
0.864293
1.300590
1.426577
1.224427
1.295310
0.944009
0.712714
0.934720
1.444728
1.384744
1.226687
0.726789
0.435219
0.744351
0.574660
0.894008
0.618654
0.596138
0.479395
1.118267
0.645246
0.900144
0.821061
0.253891
1.012163
0.960199
1.070216
0.126547
0.677522
1.251666
0.577746
0.671053
0.422933
1.025059
0.522803
0.982883
0.511119
0.688413
1.244056
0.155011
0.736704
1.074495
0.257865
0.429275
1.414064
0.985051
1.411467
0.446835
1.033649
0.787183
1.316388
0.399464
1.153610
0.607326
1.047174
0.596988
0.640230
0.550442
0.820577
0.743815
1.401781
0.494400
1.768520
0.442338
1.367370
0.548618
0.804285
0.815201
0.668644
1.180236
1.159127
0.395398
1.177364
0.249003
0.711778
0.945090
1.422016
1.401664
0.909424
0.824448
1.574743
0.625911
0.185737
1.548606
0.824274
1.339785
1.184172
1.274619
0.575506
1.184079
1.170563
0.621382
0.522944
1.315392
0.814175
1.193831
0.637218
0.613819
0.905835
0.592774
0.774031
0.794604
0.444459
0.399251
0.224933
0.340666
0.867242
1.801022
0.812327
1.350563
0.858480
0.681010
0.987012
0.832340
1.502203
0.580826
1.378005
0.724005
1.029144
1.417924
0.421100
1.091441
0.530795
0.434945
0.614401
0.484859
0.355928
1.006222
1.368686
0.718686
0.620899
0.953988
0.263125
1.014536
1.496928
0.735179
0.495907
1.180734
0.519285
0.718754
1.069610
0.547093
0.607523
0.964271
0.727026
0.688879
0.798904
0.581730
0.496183
0.618926
0.898924
0.527846
1.191035
0.651949
1.096845
0.813825
0.956795
0.456937
0.621331
1.016186
1.281570
1.064572
1.437172
0.284572
1.391430
1.240846
0.870701
0.660347
0.443289
0.220101
0.773637
1.691866
0.799112
1.360893
1.156893
0.559727
0.807199
0.873249
0.848372
0.231948
1.153766
0.945976
0.748913
0.749951
0.324956
1.448449
0.561725
0.997368
0.557262
0.987342
0.787762
0.543609
0.875730
0.602144
0.841680
0.693095
0.268066
0.801028
0.806689
0.705029
0.742077
0.502414
0.656074
1.335410
2.168289
0.886282
1.429749
0.544524
1.401580
0.649739
0.886156
1.164585
0.794194
1.065579
0.910131
0.836051
0.635701
1.134935
0.564078
0.718545
1.384495
1.134245
0.450701
0.303984
0.897988
1.186054
0.837293
0.984192
0.911534
1.070339
0.529508
1.020619
0.934829
0.840199
0.674481
0.863003
0.629704
1.067162
0.363129
1.329171
0.860760
0.787047
0.802399
0.597491
0.522153
0.252927
0.766517
0.781799
0.457816
1.140058
0.863960
0.980878
0.942262
1.752040
0.789233
1.432239
0.687328
0.862285
0.522162
0.726613
1.043398
1.701013
0.273581
1.118226
1.451402
0.609122
1.410970
1.014818
0.560366
0.656318
0.634755
1.225045
0.761103
1.140809
0.843523
1.330842
0.734946
1.101356
0.866909
0.472266
0.634689
0.463707
0.629017
0.238378
0.608603
0.504309
1.456050
0.798318
0.868926
1.957502
1.280954
0.784791
1.188520
0.844704
0.373401
1.303238
0.791228
0.688836
0.488643
0.752051
1.560905
0.854817
0.384211
0.567695
0.324530
0.441877
1.426604
0.644241
0.927650
1.251868
0.918587
0.908310
2.064426
0.233267
1.346992
1.235575
0.692205
0.479818
0.517470
1.066576
0.178999
1.061978
0.939689
0.657750
0.169475
0.568068
1.294033
0.763379
0.553411
0.938991
1.051018
1.158928
0.591720
1.161332
0.556731
1.240507
0.859750
0.903393
0.892487
0.520585
0.745100
0.782844
0.437109
0.589137
0.629482
0.833248
0.699936
0.766176
0.590058
0.676213
0.633843
1.230697
0.819097
0.368257
0.447549
0.583700
1.136761
1.521522
1.169664
0.585980
1.730051
1.006910
0.649413
0.711648
0.946500
0.924720
0.547912
0.796267
0.811638
0.556078
0.477888
0.741387
0.412763
0.811451
1.388187
0.884497
0.905509
0.131084
1.308263
2.367155
1.638265
0.450295
0.465435
0.830150
0.408795
0.807028
1.308715
0.672273
0.781156
0.432287
0.974184
0.499409
0.929096
1.216278
1.025885
1.968213
1.112247
1.309938
1.104005
1.601628
0.390480
1.143327
0.772334
0.547635
0.261325
0.894187
0.909568
0.206254
0.411465
0.606159
0.901221
1.688042
0.601881
0.961131
0.660324
0.695863
0.491883
0.502674
0.578419
0.732773
0.619629
0.636644
0.302402
0.490648
0.858361
1.170063
0.600639
0.725231
0.819698
0.278054
0.737131
0.685536
0.636735
0.384559
0.389756
0.508631
0.460183
1.252273
0.345636
0.671783
0.791457
0.634548
1.372700
0.998520
1.515027
0.316251
0.679001
0.583712
1.038395
0.983980
0.902370
0.735268
0.522155
1.523881
0.466046
0.749861
1.105519
1.034297
0.990903
0.195206
0.831707
1.056939
1.219004
1.111484
0.940443
1.001878
0.920975
1.056111
0.570398
1.137884
0.634544
0.397526
0.589041
0.690149
0.133688
0.469194
1.114197
0.703866
1.055981
1.037726
0.482487
1.481086
0.910906
0.854791
1.170639
0.586587
0.908769
0.359458
0.861383
0.902533
0.779990
1.042465
1.208371
0.613335
1.252916
0.158360
0.456969
0.817482
0.951095
1.404210
0.920091
1.229354
0.928448
0.637992
0.465149
0.919115
0.881083
1.595956
0.677839
0.890723
0.398359
1.294459
0.753564
0.790649
0.968446
0.691547
0.583620
0.874621
0.326895
0.776153
1.203936
0.565710
1.295626
0.953170
0.772315
1.046977
0.672682
1.543708
1.007024
0.929866
1.428878
0.933734
0.937299
0.900131
0.868163
0.768391
1.296342
1.257631
1.488188
0.608139
1.115661
0.959442
0.493683
0.784242
0.683753
0.694698
0.097878
0.837951
1.141689
0.687651
1.191734
0.733844
0.632312
0.557172
0.634198
1.185382
0.306180
1.296154
0.868647
0.818535
0.667287
1.409087
1.232657
1.082146
0.980382
1.161769
0.521193
0.632181
0.675989
0.726758
0.517257
1.204325
0.665453
1.000670
0.748843
1.185789
0.485673
0.674022
0.712523
2.136320
0.876793
1.180288
0.770802
0.824721
0.433764
1.126875
0.588445
0.657329
0.513507
0.777091
0.974578
0.579402
0.780400
0.442230
0.727898
1.368965
1.516107
1.129048
0.476635
1.403734
0.743880
0.821772
0.817391
0.920065
0.245934
0.556127
0.711192
0.981902
0.060167
1.326196
0.830520
0.206607
0.912873
0.859104
0.933999
0.296899
1.489005
1.218198
1.227967
0.794576
0.639562
0.667559
0.457579
0.725305
0.402752
0.915749
0.464691
0.722250
0.453801
0.734674
0.557611
1.233453
1.306368
0.175345
0.708781
1.268372
1.427049
0.781263
0.998720
0.734196
0.452336
0.419827
0.599707
1.242152
0.556287
0.458318
1.053060
1.686076
0.612203
1.480980
1.271533
0.808430
1.045411
1.732009
0.404050
0.750080
0.628241
0.612153
1.078775
0.707119
0.793192
0.793918
1.220904
0.491039
1.093575
0.863585
0.407948
0.630039
1.012789
1.422247
0.688453
0.553981
0.666532
1.301100
0.990943
1.778770
1.106628
0.556775
0.985111
0.556501
1.007046
0.676334
1.418037
0.671908
0.465619
0.300210
0.988802
1.660424
1.383342
1.170594
0.212822
0.870365
1.314509
0.368506
0.652065
0.677842
1.091258
0.529111
0.801996
1.452683
0.444509
1.218709
1.090736
1.058042
0.785669
0.448218
1.758266
1.043834
1.298121
0.713959
0.974654
0.511865
0.527195
0.620645
0.570963
0.490535
1.005031
1.003900
1.298277
0.782139
0.447725
1.536786
1.207586
0.470190
0.548129
0.603738
1.092403
0.513690
0.661257
1.018658
0.394767
0.696938
1.561475
0.449580
0.595097
0.647752
0.871422
0.606351
0.525291
0.925664
1.171340
0.554815
0.238822
1.120646
1.415188
1.178118
0.970801
0.629445
0.311862
1.186858
0.812687
1.122783
0.252149
0.990953
0.195479
1.071744
1.028213
0.321905
0.807804
0.833583
1.066592
0.895051
0.948175
0.980748
0.831138
0.356513
0.681638
1.365156
1.885753
0.409507
0.634837
1.033493
0.962476
0.162120
0.509372
0.941122
1.563447
1.143420
1.026998
0.784004
0.735533
1.154391
0.401588
0.687293
1.541584
1.389723
2.148190
0.654442
0.943259
0.954518
0.427708
0.573517
0.519460
1.151728
1.261338
0.778233
0.973058
0.725423
1.171836
0.595444
0.941164
1.082604
1.180961
0.359495
0.979751
1.335896
0.748028
0.553054
0.584041
0.389753
0.835648
0.989180
0.765255
0.851080
1.191436
0.255406
0.693937
1.262682
0.718829
1.196323
0.954375
0.374410
0.471525
0.651491
0.249465
1.071567
1.051650
0.753648
0.897303
1.337496
0.517318
0.804409
0.881119
1.534810
1.129372
0.578420
0.668499
0.144271
0.694184
0.684790
0.650764
0.511606
0.970442
0.977596
0.530950
0.719045
0.668697
0.649705
0.977804
0.838187
0.904729
0.217834
1.518531
1.226052
0.745854
0.827490
0.511907
0.547241
1.372606
0.517209
0.754897
1.019292
0.637716
1.411875
0.822073
0.677441
0.901293
0.883811
0.766562
0.734281
0.931992
0.820061
1.047372
1.594419
0.732161
0.505843
0.926594
0.899989
0.219022
1.029825
1.368728
0.548281
0.702847
0.940838
0.789956
0.529932
0.519223
0.642712
0.712780
1.258302
0.349837
0.824761
1.266020
1.576657
0.547882
1.163049
0.982870
1.164515
0.941357
0.757328
0.701809
0.425749
0.617316
0.447395
0.565962
0.282890
1.300885
1.462951
1.556611
0.799929
0.744626
0.303632
0.341876
0.682789
0.714056
0.789315
0.640726
1.348006
1.069148
1.065121
0.462880
0.476719
0.411453
0.924110
1.450560
1.194088
1.089435
0.743734
0.583985
0.895350
1.603786
0.455521
0.446557
1.186927
0.882165
0.329814
1.915013
0.714496
0.524296
0.912445
1.196394
0.346672
0.339562
0.785868
0.959629
1.314644
0.926419
0.740915
0.732252
0.675516
1.123759
0.666750
1.536475
1.113085
0.833954
1.291425
0.615962
0.571243
0.605506
1.141597
1.247597
0.997825
0.622770
0.447146
0.343021
0.706449
1.019454
0.276869
0.836293
0.326634
0.863948
0.436272
1.136608
0.734128
0.565022
0.386995
1.141219
0.846055
0.639403
0.154439
0.721583
0.293845
0.735425
0.919794
0.527960
0.529723
0.518951
1.030498
0.546681
0.717932
0.828831
0.696439
0.727004
0.943114
0.615485
0.532548
1.489039
0.813282
0.856088
1.058850
1.068160
0.490017
0.456541
0.981332
0.686122
0.204544
0.973924
0.942084
0.949574
0.301110
0.610984
0.880036
0.565056
1.441366
1.158612
1.062803
0.677462
0.778344
0.606830
1.558968
1.097958
2.039884
1.397795
0.902830
0.549229
0.339123
0.680080
0.895009
1.055522
0.370897
1.260356
1.198941
0.571985
0.856440
0.695897
0.511013
0.826582
1.094276
0.657434
0.967974
0.606555
0.787506
0.926620
0.317374
0.760123
0.927955
0.415837
0.646793
0.572779
0.915762
0.574048
0.406340
0.973721
0.271095
0.576174
1.339503
0.809611
0.870520
0.770231
1.067137
0.791243
1.105295
0.260952
1.106579
1.340331
1.399766
0.544628
0.884912
0.574066
0.862509
0.741709
1.182253
0.528082
0.479405
0.603535
1.047454
0.999553
0.698558
0.207560
1.064661
0.782863
1.099043
0.623539
0.517598
0.687977
0.723019
0.826337
1.218377
1.033395
1.471425
0.510038
1.201582
0.927746
0.432518
1.245606
0.815689
0.300258
0.768113
1.081779
1.057043
0.366814
0.496131
0.709117
0.625567
0.334377
0.999863
0.964716
1.473793
1.021078
0.882266
0.628046
0.924557
0.421455
0.454718
0.639992
0.243933
0.646075
0.364085
1.433402
1.115076
1.056874
0.661549
0.791346
0.742050
0.466963
1.027809
0.629350
0.789983
0.484012
0.448801
1.856405
0.567462
1.160138
0.316508
0.592385
0.607538
1.157125
1.180252
1.153023
0.691762
0.892640
1.051305
0.557188
0.712052
1.192818
0.219955
0.697676
0.909131
1.582422
0.307345
0.897185
0.202836
0.163981
0.234526
1.012676
1.042980
0.416615
0.958784
0.440555
0.394239
1.564588
1.146126
0.456072
0.534049
1.200390
1.217934
0.419038
0.891190
0.308305
0.331461
1.133339
0.996890
0.602926
1.483600
0.826949
1.218145
0.301351
0.936745
0.893474
0.901414
1.245499
0.752266
0.878873
0.635625
0.717931
0.794030
0.740763
0.841598
0.132930
0.743370
0.380590
0.448998
0.473349
0.286133
0.519522
0.750471
0.662803
0.276973
0.756287
0.890746
1.158291
0.872857
1.060103
0.709462
0.205667
1.724507
0.638327
0.850919
1.040387
1.091930
1.248015
0.571553
0.659494
0.938706
0.591925
1.089915
0.410552
0.951105
0.891004
0.861930
0.396058
0.905305
1.282794
1.010549
1.182356
1.014863
1.135571
0.794699
0.678354
1.011991
1.063548
0.325631
0.977989
0.801266
0.334223
1.310592
0.822576
0.455857
0.434274
0.441587
1.068456
0.511497
0.710777
0.427566
0.661414
1.022762
0.732811
0.323313
0.438707
1.205823
0.634456
0.333338
0.233933
0.611242
0.536149
0.896608
0.898901
0.519860
0.954390
0.301165
1.118103
0.979543
0.647251
1.233018
0.602991
0.136070
0.774110
0.560372
0.756650
1.346689
1.004861
1.013585
0.764241
1.665467
1.317177
0.766845
1.052271
0.930551
0.691376
1.430113
0.541439
0.993790
0.571933
0.883619
0.607161
0.857663
0.480833
0.768734
0.954883
0.307135
0.916643
1.238449
0.588243
0.466038
0.677029
0.636155
1.136663
0.894648
0.643687
1.344856
0.941367
1.573530
0.268034
0.323469
0.958260
1.135629
0.705923
0.914277
0.884977
1.336435
0.665166
0.715499
1.078975
0.425999
0.535575
0.617403
0.680971
0.586568
0.728784
0.807497
0.743875
0.948751
0.177645
1.406992
0.330879
0.560395
1.115396
0.387272
0.541776
1.551348
1.251650
1.217859
1.211302
0.852217
0.939667
1.109040
0.622617
1.260118
0.937993
0.323900
0.811209
1.286129
1.290966
0.446124
0.374048
0.533543
0.783694
0.117055
0.833193
0.871158
0.699267
0.752790
0.683023
0.622194
0.508738
1.599656
0.969217
0.594438
0.760697
0.689863
0.540308
0.902620
1.373712
1.147549
0.812920
0.933713
0.984224
1.707162
0.618040
0.574781
0.886832
0.834245
0.720587
0.663738
0.286471
0.819305
1.235792
0.897864
0.702202
1.092604
1.022776
1.033045
0.399245
0.306225
0.597712
1.224830
0.200083
1.122221
1.153983
1.564736
0.916236
0.624411
0.269990
0.734811
0.795978
0.356922
1.010327
0.295795
0.756408
0.712147
1.023190
0.272128
0.630361
0.689938
0.331638
0.687847
0.373745
0.554656
1.177659
0.806557
1.476319
0.615221
0.341182
0.459814
1.216374
0.764356
0.497061
0.715335
1.101033
1.099836
0.725770
0.795348
0.774924
1.095610
0.586929
0.644139
1.016623
0.498239
0.339224
1.303372
0.306155
0.715264
0.289646
0.662131
0.825147
1.287496
0.906066
0.906452
0.659946
0.955597
1.107136
0.677973
1.158041
0.865322
0.830212
1.582092
0.658747
1.374748
0.904924
1.248837
1.258692
0.905928
1.275089
0.907721
0.508223
1.125765
0.596880
1.304455
0.128450
0.839622
0.376489
1.151265
0.587423
1.019359
1.360202
1.345536
0.779731
1.247247
0.353908
0.828382
0.662987
0.289819
1.186643
0.305948
0.361393
0.742372
0.438040
0.763877
0.588880
0.718567
0.748141
0.724265
0.523769
0.861894
0.888599
0.554776
0.727729
0.447981
0.867595
0.993058
1.212476
0.705416
1.708845
0.802635
0.980576
0.655370
0.523148
1.091858
1.137295
0.754974
0.662536
0.521478
0.397598
0.672807
0.677507
0.488323
1.481225
1.000363
1.501321
0.670292
1.245257
0.482812
0.454065
0.442199
1.086098
1.843965
0.701416
1.143263
0.569176
0.328307
0.535864
0.759611
1.012307
0.903121
0.222713
0.541785
0.744661
0.746458
0.503188
0.570465
0.520659
1.137656
0.425890
0.707851
0.990292
0.743490
0.373479
0.204908
1.988903
0.552778
0.577319
0.738922
0.269638
0.663578
1.255443
0.703933
0.824848
0.283259
1.480908
0.499893
1.069653
0.977663
0.654933
1.030044
0.645090
1.296566
0.463981
1.374012
1.195906
0.540251
1.109854
0.957331
0.573715
1.095355
0.414242
1.031259
0.452898
0.979988
0.615244
0.601599
0.846055
0.392227
0.724235
0.946702
1.821855
0.529066
0.722544
0.897015
0.726272
0.367845
0.508372
0.920802
0.792301
0.705239
0.742121
1.473934
1.140936
0.505392
0.840415
1.157717
0.850599
0.892895
0.993177
1.387342
1.103205
1.132675
1.471438
0.994076
0.374333
0.979545
1.073688
1.483944
0.147038
0.754937
0.606008
0.500736
0.861777
0.733297
0.480720
0.820305
0.610747
0.722564
0.964028
0.880204
1.538692
0.962626
0.681715
0.525787
0.908711
0.838391
0.504569
0.808166
0.813870
0.880538
0.778858
1.290168
0.833067
1.190648
1.067898
0.637883
0.454526
0.261370
0.475873
0.388797
0.743159
0.431925
0.984686
0.544075
0.797206
0.490971
0.974335
0.069268
1.210108
0.432793
0.283006
0.676354
1.233597
1.048418
1.150126
0.551055
1.136372
1.214235
0.622727
1.152175
0.607255
0.320906
0.454517
0.509243
1.199361
1.353278
1.577522
1.565433
0.987476
0.736264
1.285690
0.917272
1.277633
1.346727
0.681334
1.102661
0.685742
0.652529
0.394802
0.985381
1.235753
0.258460
0.326840
0.661610
0.727726
0.929044
0.759465
0.668965
0.577487
0.432457
0.821255
0.416934
0.857093
0.657102
0.847071
0.689470
0.964632
0.740550
0.868047
0.550071
0.822702
0.775826
0.936053
1.102730
0.864318
0.699271
0.310345
0.313347
1.153753
0.891963
0.890917
1.148570
0.588800
0.662043
0.708168
0.722925
1.189299
0.489076
0.605634
0.806536
1.028680
1.530065
0.932850
0.729494
1.104514
1.245829
0.364229
1.438180
0.451662
1.196908
0.848974
1.167261
1.090592
1.121702
0.566896
1.027109
0.793436
1.115313
1.233238
1.455787
0.725603
1.227032
0.952082
0.380126
0.443862
0.806179
0.741642
0.326116
0.772974
0.721375
0.906005
0.430298
0.867546
0.158740
0.352912
1.029529
1.214369
0.554053
0.845897
1.373998
0.410840
0.894149
1.426636
0.721484
0.579900
0.377316
0.493347
0.981479
1.132999
0.735918
1.021327
0.576492
0.641042
0.481008
1.347248
0.673539
0.466967
0.491694
0.722344
0.484318
0.865525
0.648731
0.729881
0.749812
0.712258
1.075532
0.842527
0.645789
0.859322
1.358245
1.049437
0.572789
1.159515
1.455197
0.524074
0.805547
0.784832
0.965351
0.949294
0.845510
0.560304
0.797359
0.769271
0.477346
1.755148
0.205265
0.692980
0.786014
1.041885
1.347806
1.291593
0.600586
0.584020
0.785063
0.550843
0.590738
0.424916
0.689610
1.378349
1.329805
0.584803
0.395243
0.625772
0.427678
0.613165
1.425654
0.679826
0.387350
1.177453
0.798631
0.774998
1.140000
1.096894
1.010296
0.985542
0.800578
0.749206
1.134595
0.707529
0.592998
0.969333
0.230497
1.232170
0.449540
0.808416
0.498750
1.192388
1.292034
1.183494
1.066034
1.140774
0.646933
1.105696
1.456813
0.452021
0.818455
1.554314
0.696296
0.778165
0.715390
0.542079
1.467550
0.541406
1.749068
0.312680
0.494687
0.921966
1.376256
1.052341
1.222900
1.090567
1.342641
1.186704
0.732080
1.010122
0.958060
1.019641
0.573593
0.581578
1.554819
1.269959
0.861437
0.669848
0.689052
0.716428
0.784933
0.485306
0.252064
0.255308
0.592533
1.146532
0.391709
0.607964
0.454722
0.407085
0.696728
1.302506
0.461660
1.041185
0.919889
0.554368
1.064191
1.000538
0.726635
1.095567
1.266696
0.916707
0.732105
0.573702
0.752830
0.947023
0.802468
0.902914
0.506033
0.492777
0.326623
0.748897
0.741529
0.597696
0.822350
0.573513
0.997640
0.775205
0.186836
1.253622
0.789859
1.149193
0.876001
0.413598
0.842900
1.080628
0.990274
1.305175
0.271939
0.797386
1.007298
0.491949
0.848520
0.573357
0.751089
0.570346
0.863811
0.822197
0.720256
0.485662
1.266725
1.828154
0.722699
0.969774
0.452797
1.349899
0.958014
0.786721
0.482692
0.759953
1.102845
0.969092
1.488047
0.708739
0.396561
0.752790
1.074949
1.118803
0.230835
0.609763
1.090531
1.790908
0.640172
0.660395
0.953953
1.229124
0.917724
0.476970
0.807151
0.758061
0.319908
1.533975
0.363439
1.105301
0.797672
0.627881
0.315261
0.711110
2.136275
0.420357
0.729140
1.088352
1.023553
1.116928
0.416203
0.706952
0.779970
0.901699
1.243485
0.892070
0.416302
0.935221
1.238953
0.741527
0.751639
0.399884
0.547840
0.919399
0.415541
1.012704
0.892196
0.610245
0.844741
1.387840
0.958953
1.364430
1.091213
0.438943
1.399070
0.233378
0.574921
0.316915
0.236175
1.029355
1.396720
1.023103
0.416822
0.217448
1.094726
0.995248
0.483291
0.472380
0.543829
0.582656
1.183213
0.861061
0.843537
1.328644
1.423838
0.969085
0.819606
1.351470
0.598838
1.305176
0.314294
1.174145
0.499252
0.763823
1.009704
0.543382
0.660390
0.719386
0.721018
0.855151
0.494965
1.649293
0.581752
0.220113
0.456611
0.682277
0.756028
0.726898
0.777439
0.681105
1.633343
0.585344
1.255732
0.764775
0.752978
0.302149
1.086049
0.824396
1.265507
1.763679
0.654900
0.655593
0.826380
0.964020
0.579375
0.578212
0.970525
0.333099
1.262337
0.345069
0.712883
0.580486
0.359712
0.439869
1.214752
0.967726
0.808685
1.166041
1.162249
0.617799
1.106271
0.990658
0.084168
0.220431
0.642516
0.558692
0.780360
0.411476
0.815933
1.033674
0.838423
0.476035
1.197796
0.875506
1.424850
0.708212
0.847419
1.607331
0.882876
0.547641
0.550637
0.603088
0.576422
0.713389
0.417732
0.685454
0.910046
1.479931
0.609484
0.830406
0.727435
0.945498
0.542891
0.323239
0.567649
0.624837
0.710851
0.875550
1.083227
0.494565
0.832410
0.468287
0.631653
1.235571
1.054916
0.373002
0.624299
0.776673
0.833969
1.352525
0.683721
1.457756
0.945874
0.618886
0.793073
0.959918
0.788668
0.533315
0.711637
1.322357
0.837442
0.424208
0.899788
1.101895
0.407486
0.741149
0.582228
1.591168
0.898870
0.093585
0.837881
0.583612
1.457504
0.536809
1.311734
1.802711
1.151582
0.811684
0.475816
0.905948
1.349031
0.315432
1.342106
1.211754
1.738191
0.543019
0.565569
0.980253
1.192592
1.146364
0.997054
1.041068
1.411168
0.285878
0.566779
0.969820
0.642075
0.513473
0.995856
0.566000
0.199194
0.773316
1.071762
0.923960
0.478176
0.419386
0.638594
0.881821
0.854449
0.449629
0.226715
0.652593
0.287930
0.938773
0.418834
0.792593
0.480624
1.002133
0.773119
0.662382
0.684683
0.740623
1.123455
0.576240
1.296932
0.932449
1.204269
0.629571
0.663878
0.427637
1.393990
0.805939
1.085120
0.650718
0.947260
0.243357
0.672700
1.164250
0.472411
0.967734
0.374740
0.742612
1.607925
0.670485
0.415058
0.336993
0.501952
0.537413
0.513768
0.353268
0.761619
0.673914
0.904642
0.939428
1.073228
0.548380
1.458311
0.698313
1.335046
0.912363
0.506745
0.172215
1.060879
1.239934
0.282336
1.054042
0.622832
0.568369
0.381987
0.550623
0.633396
1.296783
1.090537
1.264260
1.005128
1.248016
0.731324
0.788654
0.845316
1.418497
1.470318
1.151385
0.138628
0.382398
0.894977
0.584297
0.672897
0.490491
1.063391
0.957051
1.204585
0.706307
0.991720
0.650005
1.259325
0.930055
0.480419
1.384478
0.360382
1.096477
1.525291
0.767904
0.678045
1.105495
0.544647
0.938429
0.299404
1.053753
0.766667
0.604806
1.007730
0.885585
0.983786
1.084041
1.334404
0.610821
0.750605
1.305688
0.493327
0.751579
1.240098
0.526607
0.718736
0.453109
0.535965
0.965817
0.422548
0.297081
0.358748
0.874472
0.846039
1.003279
1.678305
0.735542
0.864186
1.237483
0.657724
0.317645
0.584710
0.984094
0.780083
0.743552
0.375158
1.455781
0.181461
0.373364
0.862044
0.869587
0.763891
0.774207
0.752303
0.530884
0.658990
0.715558
1.432054
1.116265
0.831688
0.884376
0.338799
0.933861
0.582765
0.786880
1.058231
1.355154
0.753168
1.437293
0.594579
0.866071
0.547630
1.260276
0.873701
0.529248
0.176454
0.785821
1.094475
0.883317
1.105106
0.913152
0.480993
0.996504
0.984211
1.083624
1.037160
1.196419
0.627477
0.370566
0.556624
1.345475
0.566027
0.313317
0.809985
0.864218
1.058360
0.971241
1.181195
0.577485
0.587307
0.706752
0.742163
0.176572
0.689625
1.336839
1.025816
0.935366
0.468551
0.513308
1.149325
0.820666
1.205365
1.166712
0.544331
0.134741
0.685714
0.689365
2.035984
1.430491
1.132330
0.261195
0.259360
0.141188
0.850965
0.294650
0.388484
0.349635
0.391508
0.686774
1.119490
1.318342
0.148240
0.949662
0.607864
1.540100
0.996787
1.335699
0.170727
1.069521
0.557459
0.886091
1.332438
0.478395
1.335882
1.239899
0.692707
0.468465
1.251563
0.412046
0.486572
0.811119
0.787978
0.394313
0.672017
0.885683
0.727273
0.819397
0.611547
1.681987
1.715254
0.753177
0.665957
1.088442
0.771891
1.375814
0.443746
0.328782
0.836282
0.917443
0.409081
0.677581
0.987886
0.924945
1.105542
0.626183
1.069736
0.804248
0.598725
0.911023
0.488915
0.909723
1.218380
0.890651
0.814653
0.552250
0.747677
0.732682
0.642444
0.865529
0.096083
1.165206
1.316720
0.687148
0.910671
1.542925
0.210038
0.734288
0.693535
0.657647
0.858911
0.878701
0.387193
1.057920
0.771102
0.508031
0.518224
0.696262
1.135170
0.900319
1.017566
0.968120
0.848733
0.708994
0.379900
1.408698
0.749740
1.554204
1.342070
0.894470
1.157600
1.040070
1.213488
1.721028
1.019160
0.938623
0.739943
0.532903
1.120878
1.121219
0.328987
0.730428
0.957717
1.933601
1.320321
0.910160
0.674170
0.703239
0.479067
0.722218
0.652373
0.469149
0.635046
1.054603
1.411714
0.740563
1.071638
0.869935
1.117848
0.935123
0.788653
0.974851
0.422165
0.321790
0.582220
1.288116
0.993619
0.895571
0.619671
1.395243
0.603923
1.299283
1.284005
0.869073
1.151450
0.553715
0.906320
0.570868
0.427466
1.034864
0.233454
0.689409
0.921393
1.423914
1.151718
1.098401
0.551212
0.631612
0.995888
0.413620
1.459274
1.012319
1.598271
0.644941
0.688215
1.284074
0.326047
0.676004
1.241332
2.155099
0.562551
0.494242
0.360970
0.911079
0.898555
0.319272
0.475491
0.305909
0.208260
0.454818
0.663114
0.408055
0.540224
0.221806
0.566568
1.159626
0.736406
0.342034
0.630649
0.750947
0.594346
0.570225
0.890205
0.961112
0.631358
1.090399
0.416288
0.254034
0.760118
0.588646
0.749993
0.564390
0.736337
0.229357
0.564231
1.190512
0.295700
0.757945
0.913086
0.830541
0.977444
0.405122
1.052462
0.694308
0.481631
1.008776
0.770964
0.185151
1.142579
1.928776
1.186741
1.459930
0.481183
0.766804
1.156955
1.030931
0.694877
0.942627
0.449919
0.413452
0.621194
0.605013
0.632688
1.050050
1.360272
1.082047
0.519967
0.926938
0.532980
0.333726
0.679782
0.177386
1.110468
0.490702
1.450979
1.029028
1.018395
0.504731
0.309050
0.428626
0.567930
1.139650
0.807174
1.091352
0.584318
0.379408
0.961122
0.530439
0.686983
1.189241
1.199107
0.676029
1.671663
1.209667
0.592400
0.402540
0.851728
0.794449
0.432501
0.802977
1.193822
1.696609
0.970232
0.781235
0.114772
1.042494
0.789009
0.519759
1.806856
0.455260
1.013680
0.755415
0.620751
0.495527
0.958474
0.649837
0.403126
0.958882
0.657838
0.631363
0.484307
1.335055
0.816896
0.569510
1.203863
1.115855
0.439660
0.419728
0.339062
1.005724
1.132163
0.133911
1.235798
0.569645
0.365938
0.671659
0.301169
1.047436
1.060576
0.658118
1.322256
1.006520
1.030047
0.717765
0.532071
0.642682
1.006555
0.775444
0.953808
0.357278
0.342497
0.352106
1.043693
0.749526
0.651977
0.877715
0.494674
0.160437
0.784980
1.284680
0.720222
0.867097
0.987215
0.890998
0.918878
0.305688
0.453404
0.666953
1.017521
0.802552
0.233672
1.033516
1.240776
0.646126
1.318454
1.410483
0.661590
0.328473
0.863598
0.658560
1.080123
1.597931
0.538104
0.537183
1.211715
0.316073
1.191833
0.703855
1.349515
0.901847
1.015235
1.157633
0.641453
1.235074
0.484543
0.977282
0.877595
0.391374
1.512048
0.561648
0.555350
0.913224
0.228035
0.982671
0.511133
0.761781
0.589217
0.906927
0.703024
0.940612
1.764212
0.347171
0.977017
0.303429
0.680172
1.107068
0.703432
1.445581
0.750006
0.740215
0.685753
1.675175
0.931490
0.958955
1.379667
0.301320
0.987456
1.246330
1.179387
0.311133
0.882540
0.801209
0.990107
1.626438
0.808855
0.891226
0.433777
0.882567
0.400117
0.996120
0.738477
0.527149
0.826334
1.317239
1.521585
0.927045
1.085247
1.140913
0.650662
0.481750
0.443250
1.021884
0.802027
1.029377
0.388786
1.069896
0.957073
0.928430
1.113181
0.759989
0.392314
0.882324
0.691491
0.849210
1.497403
0.819667
1.199492
0.656783
1.538583
1.404839
0.680881
0.697980
1.635249
1.107022
1.679001
1.237152
0.698611
1.553094
1.048990
0.916157
0.933269
0.342577
0.286966
1.313062
0.867199
0.855356
0.686926
0.824466
1.059230
0.354025
1.178249
0.579371
0.525416
1.146277
0.700216
0.829084
0.259494
1.276870
0.198742
0.498857
0.732678
0.813604
1.185431
0.279420
0.491894
0.184097
1.542798
0.931454
0.619741
0.580774
1.346473
0.893285
1.319652
0.706661
0.829320
0.892932
0.716752
0.495528
0.303287
1.516848
0.856148
0.672797
1.160311
1.413734
0.337434
0.509469
1.455942
0.765887
0.490785
0.703048
1.299093
0.991683
1.132597
1.446643
0.800302
0.922529
1.360563
0.872665
0.808434
1.093268
0.775116
0.220269
0.966298
0.883206
0.363595
0.786795
0.618905
0.996958
0.902487
0.792330
0.561362
0.316862
0.629251
0.546260
1.266345
0.421899
0.771078
0.410430
1.103246
1.115747
0.867032
0.830299
0.788519
0.879423
1.417909
0.630996
0.440261
0.548446
0.718254
0.476176
0.297362
0.977313
0.399561
0.566338
0.611839
0.516853
0.780758
0.859040
1.093481
0.274680
0.690678
0.434616
0.877704
0.687620
0.972663
1.200318
0.868147
0.822708
0.274498
0.453924
0.819773
1.184467
1.606698
0.506270
0.625866
0.865437
0.711442
1.349773
0.840617
0.331543
0.621613
1.063616
0.300241
0.518701
0.807932
0.291892
0.938511
1.403559
0.826999
0.732480
0.643296
1.303126
0.744346
0.948417
0.617251
0.191534
0.484579
0.473301
0.751999
0.648446
0.444385
1.573264
1.548406
0.952144
0.564096
1.041456
0.631673
0.696353
0.977876
0.570621
1.022275
0.779579
0.313633
1.764390
0.536286
0.985008
1.345356
0.731809
1.527996
0.808672
0.790521
1.480864
0.365215
1.128775
0.685116
1.283392
0.685346
0.531808
0.289358
0.925583
0.657247
1.019509
0.405505
0.964002
1.240528
0.458324
0.528666
1.390354
0.889384
0.847182
0.660719
0.541085
1.018981
0.639958
0.884888
1.811428
1.017124
1.182458
1.160482
1.234123
0.747867
1.188048
0.429804
0.550989
0.708820
0.915625
0.393559
1.015858
0.445841
0.726192
0.287568
0.871073
0.589814
0.741456
0.564966
0.693613
0.922094
1.214854
0.326353
0.992316
1.278473
1.063595
0.571466
0.381571
0.645968
0.545607
0.639381
1.252703
0.781896
0.357681
1.270240
0.248172
0.186527
1.040959
0.680710
0.998279
1.317345
0.634887
0.843111
1.343519
1.425943
0.818734
0.536195
0.733462
0.855266
1.361921
1.404698
1.343961
1.476326
0.757544
0.842646
0.754215
0.507452
0.404769
0.679139
0.162937
0.594646
1.067378
1.381961
1.156660
1.088958
1.817350
0.477767
0.278718
1.397279
0.535213
0.941404
0.980157
0.686539
0.985706
0.351395
0.750639
1.043159
0.521638
0.329036
1.111220
0.506503
0.678588
0.493529
1.035564
0.518961
1.306069
1.152977
0.554927
0.688526
1.366306
0.656833
1.113077
1.225649
0.441784
1.271982
0.927402
0.616366
1.773918
0.539487
1.082302
0.949401
0.630219
0.879167
0.541208
0.286297
0.490340
0.609185
1.173831
0.797206
0.728758
1.067689
0.711386
0.688391
0.578278
0.697426
0.852162
1.459996
0.999269
0.946183
1.249770
1.161606
1.392958
0.983527
1.000063
0.884886
0.387504
0.381304
1.020979
0.492534
1.024312
1.439136
0.514429
1.254821
0.430916
0.495864
0.516137
0.684893
0.564046
0.555392
0.224353
1.198438
1.121103
1.004053
0.500895
0.407738
1.219149
0.799832
1.290936
0.513182
1.332622
0.554578
0.299509
1.273571
0.244888
0.451209
0.807863
1.401873
0.598695
0.981634
0.875916
1.605774
0.514373
1.312660
0.511046
0.993247
1.136713
0.861408
0.941266
0.965388
0.280549
0.140933
0.908079
0.500359
1.204800
0.597224
0.411174
1.319639
1.659561
1.084642
0.909833
0.817147
1.236368
1.220849
0.703486
0.562133
0.518473
0.425030
0.767098
0.794699
0.939928
0.502605
1.001908
0.564430
0.525386
0.477065
0.284325
0.268581
0.562694
0.577762
1.072005
0.694603
0.422469
1.036119
0.457034
1.074132
0.342544
0.449273
1.369237
0.871713
0.621156
0.716553
0.436468
1.177613
1.061687
1.225306
1.435852
1.112182
0.895368
0.633597
0.846824
0.756527
0.620313
1.184948
0.756338
1.136574
0.227540
1.432404
0.591295
1.165295
0.325537
0.840121
0.429072
1.120415
0.696820
0.928131
1.148789
1.053331
0.534232
1.189748
0.660135
0.703311
0.922397
0.939605
0.683108
0.240163
0.693999
0.496958
0.790076
0.615521
0.631201
0.467745
0.611505
1.082284
1.306597
1.077324
0.583276
1.214771
1.097417
1.261522
0.947138
0.714461
0.709499
0.731890
0.811648
0.689658
0.916845
1.225319
0.515772
0.897283
1.167289
1.586267
0.512960
0.830022
0.824204
1.089817
0.699914
1.039438
1.104249
0.378018
1.127346
0.907791
0.634735
0.454739
0.432415
1.412786
0.694536
0.478633
0.832362
0.741163
0.725334
0.869239
1.493801
0.495622
0.782198
0.439286
0.844342
0.544971
0.767417
1.140242
0.521591
1.043403
0.578247
1.331891
0.788739
0.782653
0.716806
0.356080
0.497315
2.049718
1.114252
0.610492
0.891075
1.082925
0.874444
0.556580
1.569303
0.393111
0.710123
0.703309
0.500949
1.912819
0.470241
0.809793
0.305099
1.296607
0.715348
0.789241
1.210699
0.552112
0.582452
0.750477
1.067974
0.642217
0.868175
0.343613
0.528270
0.716988
0.448210
0.808293
0.660725
1.576079
0.793619
0.769611
1.596697
0.850228
1.372113
0.351049
0.348113
0.795996
1.123731
0.705370
0.263358
0.719264
0.726041
0.548659
0.721241
0.447481
0.851593
0.216689
1.012621
0.846358
0.777701
0.902598
0.835775
0.689603
0.527975
1.159404
0.785285
1.175199
1.217413
0.933701
0.963417
0.599346
1.365505
0.739248
1.113781
0.600522
0.600383
0.776060
0.682069
0.462094
0.653934
0.839104
0.451704
0.677514
0.322960
0.322389
0.602096
0.276375
1.286267
1.085175
1.368488
0.479685
0.735055
0.439755
1.191943
0.479799
1.226155
0.048116
0.995145
0.365864
0.458886
0.960357
1.148858
1.317134
0.445155
0.587730
0.620559
0.777156
0.962987
0.785586
0.495348
0.992657
0.758387
1.327986
0.226968
0.389917
0.880524
0.587562
0.609950
0.462163
0.561793
0.632021
0.318496
0.982174
1.228371
0.265346
0.535398
0.286882
0.819399
0.770053
0.594046
0.907673
0.780410
1.330596
1.482140
1.113738
0.966568
0.268039
1.117948
1.542870
0.466168
0.224565
0.716579
0.741083
0.925757
0.864949
0.729707
0.598613
1.372248
1.193851
0.571242
1.524324
1.026199
0.421576
0.451384
0.915932
1.096400
1.120648
0.898457
0.598045
1.203450
0.435472
1.066267
1.117771
0.706334
0.790669
1.052881
0.755340
1.287983
0.801252
0.938847
0.901857
1.067414
1.267021
1.236526
0.988271
0.415431
0.281935
1.303964
0.444143
0.682039
1.402855
0.435160
0.691223
0.508191
0.990420
0.519005
1.168515
0.483124
1.110972
0.942216
0.280550
1.148145
0.549722
1.268769
0.824279
0.656913
0.574083
0.626914
1.117705
0.866240
0.863090
0.886625
0.951967
1.545674
0.468761
0.614474
0.589689
0.663960
0.852595
0.747617
1.142534
0.501235
0.629388
0.597730
0.459363
1.807017
0.643653
1.033164
0.667834
1.594487
1.712707
0.655412
0.660316
0.337448
1.321699
0.987023
0.111034
0.229309
1.055506
0.554766
0.508873
0.901697
1.902615
1.017268
1.859622
0.876598
0.787221
0.163168
1.186615
1.697564
0.765161
0.493395
0.612666
0.905833
0.962870
0.595985
0.627797
0.259903
0.305474
0.798197
0.834012
0.157094
0.791084
1.774934
0.932492
0.824934
0.870356
0.788218
1.101295
1.208445
0.647751
0.929587
1.329828
1.478945
0.596102
1.725212
1.008543
0.637888
1.330704
1.297578
0.854447
0.583272
0.997813
0.643813
0.445364
0.845490
1.290019
0.704975
0.511566
0.530078
0.592740
1.183624
1.821110
0.622007
0.583775
1.156648
0.388102
0.793958
0.699798
0.724485
0.277094
1.204320
1.336171
1.154119
0.794105
1.240312
0.252483
1.077370
1.424932
1.787893
1.134989
1.124904
0.641209
0.778964
0.838184
0.497957
0.524591
0.567657
0.471139
0.488852
0.681260
0.890113
0.456486
1.155142
1.083173
1.205544
1.463271
1.084200
0.902606
0.640083
1.095563
0.194912
0.934016
0.626806
1.039347
0.996465
1.109090
0.685122
0.426780
0.498802
0.616638
0.971156
0.649385
0.237615
1.024112
0.855146
0.552434
0.671090
0.833168
1.005816
0.591834
0.353549
0.856400
1.009728
1.446938
0.617923
0.812725
0.793875
0.931855
0.669898
1.113190
0.501612
0.796688
1.139509
0.418097
0.841185
1.314336
0.759234
0.469906
0.848561
1.108830
1.001816
0.699278
0.663328
1.015291
0.400028
0.691888
0.488121
0.411254
0.968827
0.871471
0.639390
0.229655
0.417720
0.517728
1.393980
1.213761
1.807606
0.906875
0.905497
0.428343
0.573565
0.624650
0.547489
0.513222
0.314473
0.695525
0.540087
1.620076
0.767624
0.992861
0.988184
0.613963
0.714707
1.043371
0.963403
0.578578
0.722719
0.734914
0.598894
0.667886
0.592870
0.929121
1.045413
1.278853
0.949439
0.836371
1.297403
1.012992
1.050719
1.329443
1.074080
0.389453
1.824516
0.291655
0.745353
0.685578
0.891431
1.224892
0.382813
0.863026
0.823402
1.248583
0.760324
0.462586
0.531834
0.951984
0.688813
0.740199
0.746100
0.267656
0.717022
1.020279
0.403349
0.456588
0.542798
1.219392
1.564135
0.725119
0.580365
0.350049
0.701596
1.197597
0.885406
1.413878
0.746000
0.732308
1.574058
0.499954
0.958711
0.706373
0.750409
0.537725
0.974596
0.279590
0.763672
0.713164
0.309340
0.697614
0.750611
0.754849
0.610743
1.125148
0.943812
0.660714
1.651097
0.793944
1.017952
1.237119
0.473841
0.693381
0.633978
1.535385
1.387634
0.338571
1.141926
1.369314
0.372012
0.845018
0.327716
1.130980
0.559454
0.649348
0.393532
1.168622
1.105361
0.660770
0.858703
0.879234
0.930469
0.806944
0.806584
0.977170
0.435239
0.725869
0.491548
0.762076
1.196244
0.534562
0.944471
0.814386
1.413635
1.354327
0.832954
0.711455
1.774903
1.326441
0.839053
1.119312
0.842108
1.084832
0.983254
0.593896
0.197244
0.590000
0.756968
0.859639
0.917123
1.420640
1.030608
0.713342
1.427442
0.123432
0.803361
0.955159
1.391475
1.216890
0.481789
0.982858
0.439515
0.744083
0.625488
0.469636
0.533454
1.052909
0.872061
0.517897
1.458939
1.704692
1.098906
0.622014
0.365257
0.693458
0.506273
0.468234
0.805308
0.543268
0.936697
0.640472
0.624306
0.680977
0.960770
0.646924
0.782832
0.505329
0.404084
0.770238
0.936821
0.544150
1.234396
0.607067
0.911728
0.524943
0.981803
0.568196
0.565515
0.546344
0.645347
0.735800
1.250764
0.617609
1.336497
0.794218
0.563687
0.511191
1.609024
0.477961
0.657874
1.111924
1.282361
0.822529
1.421245
0.568661
0.733073
1.091674
1.691189
0.799385
0.911720
1.007407
0.685269
0.860519
1.274569
1.145229
1.059351
0.797521
0.526893
0.757404
0.949037
0.428404
0.670355
0.973237
1.043984
0.472288
0.865692
0.496731
0.840016
0.526610
0.889743
1.454924
0.698941
0.303409
1.370537
0.547210
1.071517
0.415319
0.590107
0.528584
1.351537
1.148583
0.416996
1.029775
0.835005
0.318212
0.618337
0.458520
0.949908
0.219004
0.368338
1.581927
0.657227
0.337691
0.290211
0.742236
1.108589
0.510340
0.838152
0.512868
1.249369
1.289465
1.032079
1.094157
0.701812
1.501794
1.002281
0.366451
0.376154
1.015748
0.285155
0.527943
1.560308
0.846676
0.788809
0.400906
0.973339
1.085315
0.411397
0.316898
0.568777
1.083261
0.933311
0.171496
0.445163
0.578335
0.874491
0.501884
1.026867
0.660471
0.991089
0.520202
1.069406
0.553553
1.015710
0.788802
1.074413
1.550162
1.090062
0.695952
0.911041
0.179600
1.268964
0.878095
0.621967
1.044355
1.416534
0.761910
0.640349
0.655924
0.482528
0.347599
0.987154
0.506987
0.474744
1.037718
0.832604
0.649906
0.628648
0.875875
0.933943
0.743650
0.809764
0.407298
0.813440
0.795131
0.229850
0.983903
0.637333
1.031716
0.980959
0.989209
0.929738
1.058562
1.142947
1.367958
1.169711
0.443234
1.140545
1.135511
1.911599
0.557926
0.635214
0.949954
1.384024
0.546348
0.599800
0.284989
1.269359
0.667983
0.614707
0.279620
0.019011
1.109462
1.835963
0.694790
0.566910
1.167338
1.114057
0.345843
1.226609
1.141950
0.717054
0.705359
0.537335
0.507794
0.841842
1.268759
1.044117
0.526122
0.632758
1.044662
0.974581
0.780064
0.955387
0.326957
1.368417
0.630257
0.856579
0.974293
0.870078
0.838147
1.216529
1.222022
0.714431
0.782906
0.773368
0.416339
1.024720
0.689988
1.557558
0.933616
0.795962
0.543745
1.024346
0.358859
1.367877
0.696774
0.645906
1.133468
0.458447
0.615107
0.624215
0.441876
0.503366
1.724357
1.095927
1.068608
1.366349
0.295087
0.755283
0.506808
1.289240
0.933790
0.399172
0.606592
0.687715
0.376331
0.793011
0.819282
0.428103
1.102651
0.503913
1.053506
0.847693
0.780802
0.800006
0.708794
0.403323
1.372837
1.053952
0.996090
0.594978
0.984056
0.907230
1.445760
0.369082
1.540995
0.361902
1.057326
1.149368
0.587980
0.576398
0.641351
0.853143
0.886158
1.105654
0.870471
0.340321
1.244468
0.318799
1.296252
0.516383
0.555123
0.527956
0.927667
1.331651
1.069178
0.986032
0.763066
0.955346
1.181159
0.799350
1.262988
0.996781
0.687788
0.602865
0.706701
0.921017
0.884428
0.299390
0.420089
0.883859
0.490807
0.563517
1.016405
0.947130
0.418668
1.194754
0.437001
0.226619
0.749532
0.604745
0.612853
0.577129
0.396482
0.475208
1.177825
0.264835
0.491283
0.497335
1.870592
0.557599
0.913476
1.449711
0.464790
0.956114
0.559238
0.822260
0.792062
0.637162
1.116938
0.877098
0.383848
0.508658
0.797933
0.377793
1.693229
0.747983
0.734317
0.956561
1.677343
0.349631
0.801647
0.965965
1.274825
0.944049
0.933892
1.010579
1.089086
1.385131
0.578543
0.724871
1.063293
0.855771
0.677553
1.052966
0.884251
0.966432
0.791827
1.004280
0.640268
0.774725
1.014419
0.756022
0.679525
0.890173
1.084394
0.569561
1.033987
0.755798
0.781273
0.575246
1.206911
1.652984
0.843181
0.617067
0.676406
1.475521
0.816685
0.440578
0.283747
0.506816
0.868144
0.164339
0.905509
1.288306
1.077312
0.349224
0.525571
1.217465
1.034884
0.964390
1.233427
1.449957
0.733632
0.436749
1.064405
1.549926
1.029266
0.960727
0.323327
0.395333
0.774439
0.901376
1.203627
0.860109
0.347305
0.956898
1.271023
0.526244
1.468280
0.512911
0.986163
0.539274
0.219069
0.751690
0.809903
0.452572
0.638708
0.259690
0.602014
0.106271
0.425839
0.208599
0.605698
0.473716
0.675466
0.924316
0.993733
0.467243
0.701185
0.383242
0.458583
0.909306
1.460700
0.477873
0.965855
0.665572
1.075484
1.652181
0.597418
0.996411
0.469904
0.318853
1.102886
0.205760
0.895147
0.242217
0.883880
0.372633
1.040203
0.487595
0.187765
0.713569
0.991203
0.972429
1.154894
0.481262
0.856092
1.706509
0.993901
0.435807
1.171495
0.442098
1.058922
0.490173
0.396843
0.151886
0.172170
0.360707
1.345573
0.568481
0.463380
0.487593
0.416758
0.770955
0.304656
0.493676
1.424973
0.634854
0.819983
0.495811
0.971239
0.641583
0.751671
0.353602
0.755225
0.581390
1.483946
0.822206
0.157173
0.809116
1.023330
0.711385
0.836984
0.712749
1.086292
0.416122
0.760629
0.795763
0.564226
1.375096
1.169382
0.670354
0.514737
0.456698
0.959200
1.112635
0.768435
0.838136
0.911882
1.028049
1.247321
0.985513
1.621838
1.369758
0.327590
0.365257
0.981215
1.362118
0.158733
0.751042
0.417094
1.113390
0.921573
0.558187
0.418192
1.168177
1.536378
0.935248
0.766157
0.786885
1.239475
0.974827
0.839145
1.478380
0.745412
0.530784
0.881982
0.352533
0.411862
0.784864
0.591003
0.664056
0.882780
1.331995
0.492995
0.171027
0.668062
0.346693
0.379076
0.572063
0.745884
0.612074
1.340701
0.607679
1.105996
1.098271
0.592943
0.781715
0.820780
1.356721
0.849809
0.597165
0.657531
1.167635
0.650154
1.091876
0.744505
0.746463
1.491644
0.957543
1.136992
0.710379
0.843372
0.625598
0.944049
0.476072
1.164352
1.083432
0.906311
0.985861
0.454530
0.937842
1.266383
0.808033
0.899498
0.444223
0.387890
0.869679
0.711609
0.153249
1.263275
0.681389
0.815486
0.733785
1.142999
0.494418
0.891469
1.334556
0.984124
0.383406
1.003850
0.960696
0.711538
0.581068
1.030510
1.289844
1.144550
0.965000
0.630340
0.832798
0.554478
0.793295
0.554859
0.732491
0.785555
0.638483
0.693209
0.622140
0.636549
0.740613
0.558587
0.751394
0.554565
0.627423
0.979431
1.250883
0.788919
0.467637
0.891223
0.590173
0.853501
1.074460
0.729485
0.813026
0.652498
1.319761
1.130903
0.875862
0.529627
0.729520
0.493103
0.783129
0.481801
0.511772
0.648946
0.942221
0.413035
0.887665
0.777976
0.444732
0.582267
0.622002
1.364697
0.148171
1.146267
0.249680
0.939654
0.864420
0.786854
0.367262
0.907783
1.360946
0.889237
1.491667
0.981048
0.660197
1.714768
0.886989
0.443828
1.316314
0.903510
1.250923
0.472454
1.213544
1.274752
0.628039
0.716151
0.461741
0.981787
0.442626
2.235653
1.315812
1.171874
0.672079
0.495576
1.101077
0.741289
0.903247
1.281678
1.141975
0.538295
1.629761
0.798852
0.887944
0.834513
1.711716
1.076881
0.911785
0.912042
0.847983
0.283735
0.938301
0.339072
0.691787
1.311944
0.173373
0.687463
0.492943
0.553077
1.898135
0.717222
1.391049
0.943929
1.243909
0.942096
0.927097
0.530141
1.090723
0.688338
1.227699
1.392467
0.767450
0.795709
0.685649
0.716846
0.144670
0.689713
1.130960
0.908791
1.126321
0.422619
0.930489
0.845002
1.125286
0.341306
0.727345
0.755962
0.848607
0.576386
0.631339
0.824385
1.145973
0.186837
0.275501
0.805570
0.673446
1.211513
0.715947
1.118339
0.998810
1.256304
0.669006
0.845478
0.731907
0.816700
0.115473
0.296685
0.718315
1.531821
0.586118
0.738360
0.851853
1.041112
1.007738
0.605275
1.191187
0.665532
1.235717
1.015960
1.124134
1.187019
0.927073
0.489759
1.282586
1.096843
1.026136
0.706117
1.019020
0.510894
0.650477
0.328346
0.462131
0.391002
1.309612
0.815651
0.536739
1.147321
0.569511
0.604583
1.152232
0.602518
1.002741
0.837683
0.475219
0.355217
0.877182
0.589835
0.644318
0.954376
0.710112
0.899585
0.565478
1.890580
1.461734
1.589535
0.639119
0.692293
0.827267
1.702155
0.482288
1.187849
0.280553
0.678633
0.623573
2.129837
1.209948
0.197427
0.673192
0.913990
0.474084
0.528921
0.523439
0.621920
0.698032
0.177667
0.727775
0.721342
0.857377
0.498055
0.492660
1.294145
1.021517
0.783558
0.896802
1.273839
0.662907
1.387882
0.672987
0.957001
0.306611
0.411145
0.333684
0.660961
0.643958
0.912385
0.569049
1.104963
0.827477
1.956359
0.987462
0.838938
0.654542
0.505460
1.104887
1.129983
0.379963
0.589131
1.134765
0.511648
0.764379
0.675228
1.352300
1.226553
0.982823
0.320745
0.755186
0.553086
1.001149
0.412284
1.285834
0.805733
0.434242
1.085762
0.833833
0.934860
1.284619
0.449266
1.043527
0.695141
0.934425
0.597860
0.773589
0.777586
0.636752
0.806091
0.424169
0.690257
1.140928
0.544197
0.381103
0.999598
1.521709
1.575111
0.512747
0.679393
0.966175
0.877852
1.101731
0.853687
0.978005
0.445496
0.874604
1.018464
1.008578
1.290044
1.052339
0.370471
0.447994
0.486236
0.343240
0.413362
1.305783
0.535772
0.555730
0.699252
0.500643
0.799417
0.814902
0.794591
0.458934
0.408465
0.731304
0.363940
0.615230
0.942853
0.385552
1.296081
0.696323
0.898497
0.562526
0.519363
0.706287
1.262276
0.255771
0.402401
0.158824
0.475528
0.859791
0.344128
0.754792
0.400206
0.392083
0.993682
1.005965
1.020674
0.451900
1.485653
0.714802
0.875446
0.803057
1.134248
0.967351
0.480647
0.849778
0.807323
0.551491
0.845209
0.846826
0.775593
1.785909
1.330790
0.634905
1.074538
0.651166
1.429511
0.869986
0.901250
0.469862
0.831571
0.601311
1.014697
1.618487
0.207994
0.894648
1.114964
1.359647
0.924263
1.503377
0.951558
0.689986
1.189524
0.478128
0.992819
0.704397
0.904904
0.900358
0.854750
0.984194
1.803392
0.829959
0.863448
0.290949
0.387620
1.398959
1.378864
0.771753
0.730723
0.383688
1.422501
1.106058
0.415545
0.998365
0.767285
0.848218
0.867337
1.575067
0.763170
0.742049
0.667158
0.312036
0.602881
0.265876
0.848983
1.434697
0.803170
0.505364
0.634053
1.679423
1.185884
1.080110
0.669607
0.714393
0.878448
0.584810
1.334194
0.406168
1.321165
0.650700
1.138724
0.999501
0.501645
0.928549
0.628977
0.469226
0.254328
0.775310
1.436096
0.678715
0.708670
0.994741
0.846643
0.502229
1.089370
1.103255
1.110785
0.801725
0.712884
1.296182
1.484176
0.864395
0.431766
1.033310
0.097106
0.969116
1.187091
0.299975
0.747951
0.814436
1.268715
0.725667
0.351987
0.259678
0.529509
0.921602
0.284019
0.958134
1.238027
1.309053
1.190461
1.016665
0.593268
0.048714
1.205015
0.701225
0.752678
1.159572
0.282100
1.318733
0.673755
0.553657
0.538051
0.386051
0.450867
1.023028
0.994734
0.570062
0.404773
0.683304
1.247435
0.224675
1.017750
0.370958
1.474651
0.814125
0.746415
0.811053
0.492713
1.070570
0.322824
1.158375
0.834594
0.658309
0.683199
0.635885
1.060574
1.503061
0.809458
0.615732
0.512696
0.710947
0.469946
0.570639
0.964455
0.350840
1.056242
0.809830
1.004573
0.682102
0.247824
1.223917
0.801573
1.047589
1.275611
0.610603
0.331165
0.678053
0.829607
0.351907
0.614477
1.206078
0.244693
0.494592
0.464588
1.862033
0.699426
1.080614
0.960812
1.571667
0.739510
0.519296
0.695118
1.252843
0.990609
0.260418
0.750337
1.214335
1.335245
1.062226
0.924616
1.198761
0.492927
0.607412
0.515419
0.272458
0.475977
0.995186
1.095423
0.923999
0.962682
0.928227
0.432510
0.719683
0.645378
0.709416
1.492938
0.486662
0.569604
0.550776
1.149257
1.297751
0.465025
0.563652
0.414114
0.521857
0.470849
0.315864
0.510178
0.398650
0.914778
0.840995
1.100058
0.568982
0.818660
1.043980
0.888323
0.409486
0.995405
0.606158
0.657982
1.118988
1.166160
1.374640
0.676054
0.702508
2.147112
0.063795
0.667778
0.603188
0.755786
0.405068
0.857200
1.131639
1.035947
0.611589
0.441220
1.158194
0.388783
0.335042
0.360361
1.249920
0.967345
0.645379
0.601901
0.832179
1.289102
0.999223
0.596579
1.005039
0.385557
0.447454
0.788916
1.700807
0.621968
1.150655
0.922888
1.701840
0.791963
0.674483
0.733190
1.108953
0.499239
0.857189
1.394392
1.453700
0.786770
1.205970
1.495110
0.568859
0.755027
0.952588
0.448081
0.261844
0.421703
0.876377
0.923504
0.573814
1.201483
0.538017
0.857290
1.178126
1.175160
0.896410
0.195314
0.715390
0.537074
1.006019
1.141302
1.089714
0.573206
1.203735
0.941166
1.262129
0.638073
0.457072
0.138292
0.828902
0.575936
0.688845
0.479531
0.726880
0.247116
0.914689
0.827700
0.760363
0.574958
0.889386
0.961336
0.929184
1.286995
0.854158
0.345920
0.960027
0.679130
1.332118
0.927164
0.417852
0.710538
1.126779
1.489415
1.212372
0.821060
0.743152
0.744584
0.308712
0.997264
0.802153
1.361712
0.449759
0.814995
0.948526
0.910239
0.493208
2.002341
0.425780
0.752892
1.214678
0.935225
1.471791
0.221999
1.009662
0.095611
1.188221
0.900138
0.898235
0.478967
1.219941
1.033992
0.920721
0.804191
0.688190
1.245664
0.568803
0.578764
0.858911
0.925805
0.806254
1.290934
0.780476
1.384807
1.228888
0.725561
0.255568
1.381910
0.800355
1.285980
0.361960
0.326539
1.229662
0.358883
0.198511
1.009861
0.503445
1.735567
0.959051
0.783188
0.578084
0.678620
1.253935
1.051979
0.560548
1.451062
0.799872
1.111925
0.714544
0.944015
0.880356
0.642333
0.264171
0.655226
0.622726
0.642699
0.336553
1.055994
0.564898
0.347874
0.910307
0.375002
0.449853
0.860172
0.881668
0.276137
0.638693
0.266917
1.334062
1.603838
0.485491
0.692274
1.367484
0.549184
0.616921
0.465911
0.881650
0.799232
0.582185
0.331294
0.802061
0.943229
0.391481
0.709544
0.871422
0.849910
0.545585
0.671736
0.816504
0.748986
0.438027
0.541035
1.359562
1.016438
1.251519
0.395073
1.146008
1.047763
0.906619
1.380825
1.383717
0.879705
0.658184
0.243403
0.608849
0.641454
0.822755
0.655155
0.558160
0.981225
0.543953
1.061475
1.277162
0.591029
1.172167
1.605786
0.946490
0.491678
0.306445
0.275504
0.685830
0.372417
0.815209
0.384903
0.307117
1.185329
0.735597
0.966117
0.913281
1.259578
0.410710
1.220381
1.235128
0.553905
1.096254
0.638363
0.476755
1.297785
0.854735
0.644068
0.800838
0.780950
1.253050
1.143128
0.675429
0.518196
1.085222
1.042956
1.466235
0.774307
1.341200
0.832627
0.580822
1.058939
0.834204
0.912298
1.250978
0.933248
1.048905
0.539161
0.790551
0.724418
1.023290
0.344027
0.483923
0.764269
0.584082
0.351118
0.559033
0.621159
0.836755
0.604505
0.715799
0.964721
0.993129
0.633293
0.453319
0.495542
0.676238
1.332706
0.344735
0.808828
0.462597
1.006003
1.595968
0.300102
1.107219
0.311044
0.860416
1.185482
1.164736
0.748648
0.383333
0.835550
0.842774
0.998655
1.390316
1.132695
0.954049
0.438285
1.166177
1.112965
0.560431
0.906692
0.898030
1.622983
0.572618
1.277212
0.932648
0.320216
0.275507
0.547820
1.066769
0.700617
1.395476
0.693639
0.769634
0.206863
0.314315
0.784110
2.019490
1.390901
0.165173
0.416507
1.311021
0.711804
0.665308
1.099777
0.824960
0.633469
0.580831
0.633622
1.108234
1.033964
0.648622
1.208019
0.769318
0.842811
1.123005
0.139721
1.005352
1.115025
1.340291
1.084201
1.099710
0.658993
0.873527
1.010311
1.167946
0.887452
0.828147
0.911212
0.427363
0.626286
0.742134
1.058248
0.574132
0.257896
1.308438
0.499316
0.414243
0.841779
1.278909
0.978977
0.545513
0.894754
1.117712
0.399662
0.410893
0.313301
1.749267
0.596154
0.803285
1.072536
0.765768
0.645257
0.283566
0.819543
0.641386
0.696339
1.279415
0.677105
0.174601
0.576460
1.121560
0.455543
0.417442
1.409356
0.536702
0.470353
0.601823
0.864268
0.618839
0.260986
0.392493
0.934778
1.306691
1.011503
1.026786
0.643358
0.255793
0.750462
0.921400
0.190691
0.938496
0.626944
0.143162
0.499735
0.940200
0.676885
0.752004
0.688890
1.264843
1.160421
1.470305
0.642155
0.915373
0.890870
0.879281
0.173965
1.160275
0.907271
0.723350
0.394119
0.674683
0.486246
0.745860
1.261238
0.291948
0.725183
0.555348
0.834761
0.480705
0.395142
0.454885
1.680953
0.932377
1.004993
0.310814
0.499036
1.775842
0.930098
0.922123
0.868136
0.833427
0.808681
0.425880
0.757768
0.850429
0.812535
0.727835
0.295359
0.302583
0.965193
0.274998
0.348546
0.863944
0.963293
1.230970
0.674023
0.697945
1.111568
0.757713
0.617912
0.191872
0.927402
1.059320
0.588395
1.020934
0.727560
0.978581
0.287537
0.985772
0.577578
0.895318
0.617059
0.527000
0.379837
0.727184
0.863907
0.325866
0.569162
0.411722
1.240465
0.344795
0.844168
0.466387
0.295611
0.757612
1.101368
1.682507
0.683637
1.169893
0.286549
0.326778
0.736822
0.316855
0.746090
0.873352
0.617598
1.243859
1.211830
0.770358
0.330583
0.433415
0.532521
0.765211
1.089084
1.165071
0.717048
0.302869
1.372946
0.335022
1.215260
0.716609
0.667231
0.440095
0.881379
0.628686
0.816895
1.380308
1.401801
0.956708
0.199036
0.832751
1.378498
0.890149
0.414049
1.576714
0.668906
1.132721
0.653920
0.573657
1.520992
1.491294
0.574948
0.548521
0.705919
1.135786
1.210191
1.052811
0.903449
0.517322
0.473945
0.651772
1.144279
1.038062
0.611891
1.374237
0.543484
0.925495
0.934327
0.523857
0.410252
0.360302
0.453982
1.141024
1.876037
0.766348
0.619648
0.833922
1.085999
0.700584
0.147579
0.608208
1.045727
1.561160
0.499248
1.079347
0.822197
1.166301
1.157255
0.572808
0.843866
1.336310
0.644669
0.886448
0.589312
0.678611
0.201393
0.553345
0.771194
1.321026
0.545669
0.576071
1.014659
0.831758
0.959026
1.584879
0.368877
0.549464
0.872249
0.532216
1.605610
0.683076
0.293746
1.173562
1.329293
1.088955
0.660131
1.245731
0.922128
0.554800
0.541950
1.036269
0.666923
1.084213
0.735256
0.411092
0.486930
0.937720
1.384691
0.551624
0.609869
0.851786
0.513549
0.482895
0.933796
0.717050
1.348932
0.366166
0.920191
1.479182
0.310302
0.543852
0.941426
1.026922
0.907983
0.978877
1.118222
0.844160
0.905106
0.420077
1.398944
0.795851
0.612893
0.642192
0.932543
0.523822
0.562536
0.664947
0.605872
0.473956
0.548211
0.837119
1.018670
1.294455
0.329088
1.039468
0.852390
0.390421
1.094123
0.536374
0.724388
0.375410
0.832598
0.752147
0.559267
0.629507
1.144798
1.052170
0.953859
0.826569
0.414104
0.504011
0.650248
0.349377
1.227076
1.144752
1.469221
0.601584
0.596218
1.458705
0.424346
0.296965
0.959440
0.349784
0.938384
0.904336
1.138760
0.942412
0.228414
0.629364
0.296431
0.387876
0.831557
0.599449
0.600073
1.283487
1.093202
1.076750
0.953820
1.127606
0.297479
0.610994
0.960317
1.245490
1.154014
0.322637
0.829560
0.758616
1.139867
0.662510
0.749388
0.537685
1.156025
0.924239
0.584002
1.230390
0.465999
1.109346
0.819092
0.570896
1.552023
1.485991
0.539904
1.138191
0.555938
1.035743
0.367817
0.443387
0.586827
0.982438
0.430420
0.756782
0.692379
0.516246
1.207690
0.456341
0.642517
1.138533
0.783573
0.591200
0.600919
0.725727
1.142246
1.087102
0.964001
0.160031
0.683538
1.135703
0.633323
1.135467
0.143923
1.250157
0.348148
1.093856
0.658904
0.586825
0.975478
0.335262
0.771870
0.714798
0.728124
0.957245
0.662593
0.925350
0.455728
0.149361
0.730272
0.230421
0.379215
0.940899
0.648535
1.551608
0.342892
1.718490
0.403840
0.911139
0.852171
0.955754
1.348611
0.444980
0.986222
1.723939
0.774188
1.165999
1.431584
1.654780
0.974096
0.998069
0.510050
0.565728
0.639646
0.990884
0.922958
0.482568
1.383054
0.967007
0.498450
1.193314
0.526966
1.024587
0.408638
1.115972
0.725743
0.909536
0.968626
0.366448
0.372698
0.610235
0.790798
0.502395
0.932397
0.386998
0.342162
0.951024
1.232188
0.508264
1.422150
1.372213
0.485040
0.753263
1.271056
0.728282
0.565732
0.929992
0.588285
0.479678
0.533716
0.939055
2.305950
0.555259
1.424858
0.757277
0.658633
0.346564
0.435891
0.513157
0.857090
0.425327
0.671376
1.654149
0.967938
0.429924
0.451575
1.657385
0.210137
0.282177
0.801531
0.715737
0.414638
1.445219
0.149357
0.904888
0.780790
1.097285
0.964964
1.167046
1.041447
1.015714
0.394092
0.626457
0.690063
0.877438
1.152124
1.184633
0.704520
0.999998
0.299817
0.688739
0.754311
0.843009
0.409219
1.368434
0.867376
1.011288
0.220101
0.747501
0.865109
0.441492
0.866149
0.585224
0.462989
1.176952
1.150774
0.919108
0.862428
0.509587
1.272897
0.657595
1.005996
0.421351
0.853236
0.665797
0.434966
1.369943
0.895153
0.780470
1.348904
1.190776
0.709692
1.148578
0.331818
1.612232
1.503191
0.660689
0.446905
1.309117
0.874933
1.322348
0.623415
0.568458
0.910007
0.758903
0.517556
1.049481
0.721339
0.805571
0.930662
1.007856
0.589097
0.936297
0.908304
1.165471
1.111708
0.194522
1.327483
0.532230
0.458362
0.659357
1.386676
0.887026
1.071582
0.790968
0.958547
0.294053
0.677267
0.413584
1.007343
0.315836
1.190440
0.948384
1.443790
1.642251
1.169516
0.989705
0.729386
0.972470
0.789987
0.936371
1.194658
0.737677
0.504771
2.045609
0.770379
0.716242
1.221501
0.734172
0.702705
0.658287
1.137328
1.047465
1.016173
1.124406
0.813861
0.674625
1.045330
0.548748
1.232435
0.360831
0.749385
0.909744
1.842157
0.689176
0.590886
1.040090
1.095676
0.555226
0.604827
0.643085
0.351900
0.566228
1.376277
1.621626
0.750428
0.281335
0.603317
0.727953
1.711229
0.413713
0.714085
0.708912
1.227673
1.351537
0.953719
1.057227
1.174892
1.040638
0.758545
0.914265
0.383149
0.517119
0.341238
1.504636
0.664166
1.069437
0.734216
0.958974
0.996471
1.088230
0.357004
0.667072
1.278829
0.796574
0.613413
0.529828
1.151224
0.914549
0.858266
0.763822
0.666323
0.623817
1.029659
0.664364
0.656562
0.803170
1.546834
1.015375
0.607547
1.062021
0.894794
0.426716
0.402867
1.147669
0.933280
0.287854
0.113765
0.526419
0.369284
0.776857
0.681439
1.124619
1.161762
1.597328
0.581576
0.568123
1.594152
0.531293
1.377586
0.654897
1.018514
1.271060
0.677357
0.734165
0.664135
0.243202
0.321031
0.496639
0.847730
0.959445
1.286558
0.605864
1.609027
0.333487
0.948928
0.136123
0.906330
1.266128
1.097540
1.151745
1.094430
0.708380
0.928653
0.208710
0.554172
0.946532
0.688840
1.453165
0.421426
0.684529
0.608220
1.049501
1.451339
0.925225
0.918460
0.711277
1.018266
0.451106
0.302964
1.451708
0.231231
0.265939
1.050565
0.984363
1.839534
0.867798
1.593103
0.710507
0.633791
0.371978
1.318277
0.531555
0.341067
0.377821
1.363274
0.843664
0.951598
0.444919
0.614844
0.692279
0.999290
0.457048
0.496019
1.876050
1.181634
0.525546
0.912074
0.631348
0.537530
0.986341
0.612927
1.364851
1.468909
0.884617
0.576482
0.729107
0.461650
0.885266
1.025776
0.651790
0.656251
0.732404
1.017763
0.672293
0.994132
0.532100
0.748777
0.621106
0.934146
1.061784
0.437640
1.274184
0.709724
0.670479
0.445402
1.113423
1.329435
0.556247
1.188359
0.703172
0.546565
0.819128
0.515445
1.707557
1.295518
0.727291
0.535415
1.163231
0.651974
0.767447
0.690131
0.909555
1.136398
1.026858
0.767904
1.091490
1.235991
0.628498
0.865717
0.568840
1.060603
1.183629
1.074272
0.843749
0.799430
1.300986
0.778648
0.635015
0.924513
0.860123
0.282418
0.985785
0.583364
0.383324
0.313906
0.449235
0.560201
0.979703
0.872335
1.207793
0.957532
0.763842
1.377308
0.744027
0.417823
1.083175
0.854132
0.641370
0.785109
1.278109
1.376207
0.385812
0.501767
1.497875
0.476142
0.250740
0.456207
1.012918
1.081940
1.404130
0.973958
0.783873
0.585660
0.641155
0.685052
0.855761
0.439485
0.247549
0.251482
0.867539
0.486336
0.564959
0.728528
0.676316
0.625121
0.784877
1.118224
0.982493
0.676880
0.722694
0.968912
0.439592
0.140088
0.230994
0.513050
0.123476
0.906920
1.211804
0.667356
0.740011
1.115206
0.975735
1.272183
1.008648
0.467332
0.552072
0.539637
1.445149
0.477683
1.452971
0.387643
0.843010
0.708814
1.071645
0.470381
0.389443
0.729059
0.200015
0.833516
0.397588
0.827061
0.737785
0.381915
0.754881
1.193549
0.469733
1.199783
1.292861
0.220128
0.331005
0.870178
0.905363
0.733125
0.758273
1.260079
0.789255
0.780271
0.404279
0.928215
1.037017
0.580513
0.529363
0.869744
0.999166
0.743148
1.653239
0.952253
0.952439
0.988797
0.619596
0.700389
0.334341
0.568674
0.526009
0.593205
0.491380
0.994368
0.435780
0.340366
0.736145
1.407727
0.520728
1.078894
1.830864
0.577366
0.792920
0.806222
0.936459
1.040179
0.200777
0.608492
0.828493
0.317021
1.230115
1.428313
1.206900
0.800821
1.446478
0.688184
0.446195
1.587404
1.131908
0.461265
0.417645
0.559609
0.743415
0.827781
1.358944
0.889253
0.285917
0.275112
1.467129
1.650325
0.987833
0.383735
0.463858
0.716034
0.988704
0.919980
1.063535
0.784530
0.722882
1.063987
1.045318
1.393692
1.093253
0.337949
2.236072
1.099400
0.350823
0.330785
1.105473
0.424896
0.433323
0.524065
0.977945
0.344512
1.236183
0.920415
0.270237
0.863758
0.486579
0.510331
0.586010
0.624702
0.763582
1.063197
0.216984
1.169569
0.987870
0.418898
0.314278
1.305019
0.679678
0.924080
0.238661
1.350798
1.323397
0.621790
1.132832
0.975513
1.148354
0.726188
0.811814
0.672280
0.886535
0.968753
0.328151
1.309955
0.564317
1.044020
1.481575
0.871406
0.268936
0.471667
0.966842
1.097169
0.414027
0.539109
1.086810
0.911424
0.625802
1.455381
0.618487
1.069161
1.214637
0.855055
0.636185
0.823624
0.795282
0.536974
0.737226
0.788177
1.320161
0.929512
1.281457
1.142443
0.473834
0.996953
0.800955
1.433556
0.372599
1.132968
0.718450
0.724900
0.686437
0.593364
0.558540
0.564101
1.326317
1.068673
1.542471
0.667916
0.816342
0.907914
0.681801
0.664697
0.700436
0.874765
0.790851
0.655932
0.518854
0.706543
0.203103
1.034945
1.466853
0.352495
1.210750
0.872689
0.495018
0.931463
0.264934
0.440136
0.590545
0.886102
0.752948
1.413748
0.401639
1.259283
0.955799
1.086978
1.690226
1.212811
0.701120
0.627333
1.838410
0.885841
1.454686
0.790422
0.945312
0.582983
0.932852
0.332146
0.670953
1.120485
0.458781
0.186471
0.926728
0.772124
0.500957
0.941190
0.732806
0.344329
0.795228
0.981201
0.951903
0.919317
0.747132
1.492759
0.821254
0.885509
0.134374
0.764093
1.489472
0.856563
1.646091
0.693399
0.414588
0.939589
0.408397
0.510910
1.813266
0.989847
0.539383
1.123502
0.653199
0.713664
1.254502
0.482978
0.503022
1.341358
0.478766
0.754568
1.088325
1.426989
0.335923
1.094500
1.187615
0.474620
1.127826
0.667390
1.135812
0.575626
1.341034
0.679425
0.986894
0.722981
1.023031
0.582565
0.981266
1.892512
0.578082
1.084071
0.614724
1.427533
0.732441
1.056764
1.101328
0.268166
0.279650
0.337101
1.136007
0.410576
1.051464
1.843239
0.381383
1.000873
0.605478
0.097027
1.453526
0.544902
1.424831
0.857331
0.540396
1.545675
0.747608
0.960479
0.930458
1.434617
0.439865
0.953959
0.761753
0.515067
1.303963
0.708765
1.122718
0.993314
0.573848
0.570677
0.829169
0.903483
0.756538
0.721340
0.488390
1.288567
0.722194
1.132868
0.905744
0.520614
0.431504
0.379860
0.648080
1.364605
1.202545
0.825513
0.773458
0.258388
0.789638
0.532473
1.759433
1.205212
0.290288
0.963066
0.763201
0.536392
1.111865
0.983664
0.557355
0.941009
0.505292
0.664202
0.781406
0.765366
0.162923
0.862655
0.942815
0.398899
0.624837
0.697441
0.636386
1.036342
0.613264
1.324664
0.500878
0.913840
0.641097
1.366207
0.524062
0.654210
0.554465
0.199006
1.044163
1.109414
1.015417
0.143146
1.082434
1.301068
0.497987
0.901259
0.919183
0.820723
0.552211
0.972646
0.140230
0.134232
0.599862
0.414943
0.596484
1.015444
0.767037
1.225537
1.166098
0.762046
0.778562
0.600030
1.401298
0.704794
1.936870
1.042979
0.526472
1.067703
0.678269
0.514016
1.274238
0.574186
1.464633
1.634852
0.744764
0.518292
0.524427
1.209417
0.339737
0.766905
0.531010
0.765975
1.103388
0.731239
0.955127
0.579885
0.628195
1.192502
0.854627
0.885765
0.294128
0.794443
0.276574
0.513475
0.484477
1.002594
0.685761
0.926551
0.849070
1.087723
0.226078
0.737241
0.542985
1.163086
1.022138
0.984424
0.301023
1.258100
1.273184
0.994122
0.950644
0.752661
1.213721
1.415730
0.730009
0.764669
1.360119
0.379431
0.242108
0.707969
0.538298
1.232843
1.064581
0.924246
1.051107
0.541738
0.409822
0.816527
0.535153
0.902964
0.508304
2.270620
0.664608
0.632475
0.907620
0.281592
0.629273
0.724468
0.809397
1.142897
1.107113
0.658578
0.346933
0.928245
0.578472
1.201986
1.167428
0.760543
0.590458
0.729813
0.999652
1.354131
1.024066
0.826266
0.891499
0.615163
0.808982
1.534729
0.893571
0.873461
0.915378
1.721470
0.556315
0.985789
0.436919
1.051703
1.179000
1.286450
0.491126
0.757864
0.605272
0.766991
0.562046
0.905345
0.341016
0.971875
1.101881
0.579011
0.401154
0.268750
0.331622
0.988296
0.925405
1.246401
0.985248
1.216766
1.046672
0.391253
0.181380
0.871609
0.737589
0.884451
1.317981
0.557979
1.058890
1.715901
1.477601
1.350139
0.605756
0.809914
0.709736
0.737635
0.538662
1.189244
1.493760
0.544043
1.617140
1.451425
1.222041
0.584063
0.579657
0.977861
0.682638
0.887166
1.404857
0.594866
0.649885
0.242097
1.017363
0.868849
1.249806
1.206442
1.098216
0.562828
0.552093
0.167672
1.163416
0.411195
1.211874
1.470480
0.827024
1.220763
1.655548
1.178965
1.033584
0.972164
0.740079
0.997040
0.643939
0.293519
0.649881
0.617072
0.469472
0.970295
1.333787
0.359401
0.429076
1.644699
0.521985
0.281639
0.716527
1.097836
0.481384
0.619985
1.292455
1.639427
0.942855
0.831076
1.066372
0.333373
0.402663
0.735790
0.449410
1.496603
0.584382
0.851323
1.017529
0.929045
0.828478
0.890266
0.592955
0.753770
1.397368
0.915324
0.164220
1.012028
0.542837
0.226447
1.230598
0.734065
0.484766
0.916892
1.004910
0.780536
1.398090
0.248510
1.572284
0.659015
1.339466
2.007867
1.538585
1.102985
0.402538
1.175654
0.822310
0.996072
1.055766
0.516311
0.399852
1.192676
1.147925
0.906126
1.122378
0.667149
0.627535
0.672224
0.490749
1.725810
1.117811
0.803497
1.068243
0.612993
1.840461
0.637589
1.660152
1.433466
0.831151
0.509112
1.142516
1.072025
0.717649
0.691647
0.523865
0.264613
0.910676
0.818610
1.582596
0.909963
0.835228
0.919425
0.710876
0.320923
0.892455
0.902884
0.486880
0.248957
0.584844
0.409390
0.973920
0.978697
0.799940
0.412091
1.118325
0.249925
1.483526
0.232527
0.611907
1.563741
0.803488
0.433490
0.461895
0.727422
1.074693
1.176667
0.265957
1.282736
1.336497
0.531320
0.318542
0.739002
1.489852
0.842037
0.911879
1.020948
1.142804
0.977855
0.582496
0.983438
0.530370
0.542314
0.394176
1.021244
1.188515
0.333737
1.352011
0.681130
0.828057
0.594586
0.787747
1.104582
0.338113
0.654440
0.354713
1.218158
1.445024
0.334298
0.731954
1.525261
0.663650
0.993712
0.539911
0.773477
0.790253
0.783642
0.972647
1.575035
1.459736
0.800161
0.625442
0.495709
0.352723
0.549797
0.418759
0.830953
1.233385
1.085434
1.467097
1.630785
1.726604
0.940394
0.863979
0.600453
1.054564
0.172509
0.885664
0.888551
0.758199
1.030730
0.614767
0.746219
0.788517
0.237858
1.016788
0.668355
1.097640
0.594044
0.746097
0.776940
0.948129
1.424101
0.490862
0.945323
0.875253
1.219476
1.560618
0.683098
1.140484
0.392999
1.342064
0.249626
0.216476
1.157970
1.066810
0.769511
1.502735
0.413831
0.759936
0.069615
0.237801
0.883063
0.821460
0.668833
0.946674
0.842882
0.651087
0.330512
1.053178
0.555111
0.700139
0.950248
0.680911
0.625470
1.641244
0.689336
0.521038
0.808764
0.204734
0.351116
0.472603
0.573324
1.209778
1.436925
1.587769
0.394647
0.810257
0.418691
0.812586
1.383243
0.688644
0.449074
0.217137
1.555774
0.408616
0.922219
0.423018
1.040687
0.467500
1.552578
1.499254
0.903890
0.665843
0.782404
0.603052
1.447306
0.612539
1.210173
1.154157
0.842471
1.266233
0.474362
0.986162
0.450322
0.807144
0.269685
0.850426
0.951426
0.868833
1.391058
0.723399
0.821632
1.192580
0.384186
0.792246
1.155017
1.143008
1.001085
1.259958
1.252992
0.551565
0.365932
1.219808
0.407005
0.801619
0.932856
0.710168
0.928393
0.461064
0.237832
0.586133
0.484815
0.932500
0.926219
0.227521
0.877475
0.932988
0.286021
0.544438
0.687890
1.135888
1.077465
0.354997
0.655443
0.843235
0.575742
1.121447
1.267774
0.686740
0.872361
0.756708
0.941982
0.737215
0.760518
0.878661
0.611697
0.431722
0.779365
1.223280
0.626701
0.791218
0.712123
0.440437
1.043452
1.421997
0.681158
0.429049
1.568067
0.791029
0.450518
0.321075
0.470354
1.037447
0.485209
0.656109
0.701665
0.302418
1.107142
0.778425
0.419495
0.480309
1.285226
1.800129
1.004982
1.214523
0.581420
0.635045
0.692364
0.504144
0.447043
0.548907
0.393422
1.028098
0.667999
0.961509
0.687161
1.146278
1.212755
1.016188
0.920676
0.448545
0.604704
0.491309
0.411251
0.697653
1.127517
1.106806
0.629169
1.032417
0.950699
0.390729
0.829724
0.589102
0.663656
1.286103
0.451431
0.669363
1.104569
0.787806
0.440647
1.059131
1.178541
0.850916
0.822499
1.175254
0.168578
0.822580
0.825776
0.831479
0.429777
0.430968
0.543532
0.776514
1.083941
1.006797
1.292763
0.508061
0.714846
0.380699
0.393362
0.034073
1.599861
1.365634
1.354293
0.546157
0.443238
0.346140
0.432369
0.511541
1.263892
0.669107
0.436911
1.140374
1.268987
0.857445
0.236688
1.160272
0.582811
0.412481
1.073444
0.475545
0.247898
1.468274
1.193676
0.752167
0.603932
1.473394
0.720929
0.792979
0.368403
0.717982
1.232446
0.932241
0.747084
0.905084
0.521147
0.769296
0.854492
1.202201
1.033650
0.487134
1.986048
0.926093
0.566429
0.340751
0.392358
0.700831
1.219972
0.526241
1.069745
0.749142
0.096695
0.863157
0.311166
0.865979
2.016242
1.037194
0.590594
0.474112
0.718986
1.636997
0.972681
0.936886
1.266420
0.899634
0.266948
0.483358
1.123558
0.743295
0.537810
0.977697
0.906202
0.695623
0.464222
0.969348
0.440888
0.607113
2.310149
0.575468
1.283472
0.381168
0.810016
1.481120
1.018420
1.114805
0.610878
0.577114
0.905488
0.679835
0.520800
1.397454
0.429322
0.987806
0.709029
0.610198
1.435219
0.212724
0.985171
0.582616
0.677331
0.624561
0.538335
0.391551
1.271002
0.460922
0.474215
0.710725
0.623556
0.591527
1.366626
0.948427
0.491757
0.682573
0.453763
1.132251
0.205280
0.690276
1.173079
0.661865
0.411563
0.912440
0.783465
1.040326
0.668583
0.651824
0.908170
0.657365
0.339897
0.655596
0.440333
1.015339
0.314629
1.306798
1.540737
1.009211
0.350912
0.300376
0.248629
0.660928
0.497256
0.388212
1.402435
0.707660
1.201643
0.566862
0.750628
0.278321
0.956669
0.842139
0.658457
1.016672
0.522836
0.670954
1.148670
0.644056
1.591901
0.850146
0.696817
0.826127
0.581381
0.769721
1.185496
0.644855
1.146105
0.746917
0.689180
0.891108
0.923735
1.632880
1.304734
1.088662
0.629055
0.512328
0.598376
1.595436
0.828094
0.590359
0.830509
1.597624
0.831523
0.898944
1.346212
0.897426
0.874963
0.762042
1.520925
0.720461
0.521827
0.225300
1.266993
1.376582
0.358878
0.931964
0.787192
0.365225
0.892480
0.585177
1.336709
1.191352
0.563959
0.272714
0.602552
0.718424
0.902726
0.703747
0.855258
0.816472
0.313905
1.258541
1.873536
0.453619
0.201401
0.783354
1.024885
0.994654
1.235498
0.991116
0.898993
0.590463
0.676500
0.706562
1.731133
1.047194
1.609049
1.006773
0.196682
0.712199
0.732175
1.164798
0.281031
0.544028
0.322108
0.566044
0.761598
0.779823
0.751942
0.644934
0.677949
0.649684
1.695489
0.776357
1.909147
0.786162
0.657366
0.537964
0.365147
1.169093
0.605965
0.903894
0.439095
1.016232
1.146901
0.991557
1.402111
1.107152
0.363500
0.765555
0.847930
1.070583
0.812441
0.575967
1.100751
0.732422
1.107475
1.247704
1.021262
1.011244
1.328587
1.128529
0.707073
0.854189
0.195650
1.152374
1.127777
0.714490
0.843529
1.860213
1.035100
0.702123
0.301297
0.641539
1.397380
1.289264
0.845699
0.898978
1.036628
0.480880
0.931217
0.997108
0.730210
1.012255
0.537879
1.477001
0.766252
0.432216
0.887307
0.230164
0.773078
1.678896
0.969190
1.200079
0.634438
0.941295
1.146318
1.208920
0.600077
0.576537
0.725570
0.449738
0.514133
0.323073
1.110871
0.370582
1.411064
1.101524
1.403184
0.546054
0.592134
0.838132
0.743514
0.823470
0.343167
0.436010
0.634484
0.480627
1.283343
0.477756
1.674958
0.559412
0.871493
0.567756
0.319211
0.569910
0.949799
0.438615
1.534011
1.036666
0.442714
1.141994
2.053152
1.130284
1.171298
0.304707
0.404023
1.662904
1.795040
1.159469
0.894724
0.988277
0.469709
1.244182
1.263806
0.823739
0.313771
1.106517
0.266476
0.597155
1.563958
1.286212
0.398087
0.690161
0.420278
0.733512
0.866210
1.300781
0.529532
0.340123
0.116248
1.034740
0.375739
0.233766
0.937747
0.480419
0.869853
0.856507
1.587300
0.859232
0.497749
1.172354
0.626049
0.279892
0.529055
0.790670
1.017772
1.010401
1.032125
1.058263
0.733028
1.253530
0.756770
1.243316
0.515378
0.730641
1.238360
0.799529
0.250571
0.563241
0.815945
0.832675
1.022447
1.053972
0.371217
1.246543
0.902667
1.087460
1.564192
1.046432
0.719985
1.567380
0.696862
0.896832
0.406662
0.847131
1.178758
1.643434
0.340071
0.569852
1.785590
1.226307
0.867004
0.707733
0.863280
0.858616
1.423068
0.440392
0.546623
0.567408
0.453737
1.304049
0.745128
0.355086
0.889764
0.987181
0.648249
0.752876
1.240057
0.836553
1.427586
1.115412
0.764822
0.891781
1.205924
1.317106
0.816217
0.448263
0.680894
0.477323
1.600097
0.451562
0.226322
0.477544
0.120053
1.281831
0.527052
0.785649
1.210726
0.821995
0.671806
0.663012
0.800132
0.572084
1.160903
1.047498
0.601835
1.416436
1.204118
0.376206
1.449284
0.360342
0.570616
0.271653
0.923370
0.590207
1.420315
0.551011
0.843394
0.455743
0.431653
0.760567
0.439156
0.763870
1.198028
1.384762
0.881769
0.278994
0.500450
0.632946
0.362237
1.034145
0.480068
0.406806
0.687934
0.919624
0.771443
0.261570
0.690071
1.364367
0.676663
1.041645
0.831932
0.494585
0.789654
1.200147
0.243548
1.300492
0.517123
0.814442
0.705806
1.045928
0.849933
1.129318
0.432765
1.158812
0.387249
1.024624
0.885332
0.714398
0.754752
0.110252
0.235704
0.365228
1.109226
0.737701
0.719077
1.667740
1.168429
0.777247
0.573740
0.624701
1.068206
0.571115
1.109670
1.563362
0.519651
1.484409
0.474532
0.377845
0.358073
0.934136
1.160676
0.873658
0.486935
0.782381
1.162780
1.585677
1.708077
0.634309
0.656920
1.445773
1.131676
1.068213
0.454361
0.959126
0.698764
0.764517
1.199545
0.747928
0.789120
0.848469
0.731721
0.331660
1.150120
0.112950
0.530639
1.005871
0.846514
0.972192
0.384109
0.674290
0.907342
0.722633
0.674704
0.275052
0.341643
0.572816
0.637029
0.547296
0.965072
0.577149
1.108330
0.759723
0.624009
0.432247
0.144097
0.911658
0.844385
0.656972
1.040617
1.003828
0.848886
0.424325
0.848782
1.247994
1.226979
0.800259
0.598376
0.745978
1.191979
0.700943
0.291280
0.883324
0.819578
1.219752
0.556637
0.627262
0.891367
0.536677
0.960027
0.491351
0.245237
0.202226
0.522648
0.219725
0.626133
0.402326
0.558284
0.217974
0.720217
0.432619
0.875703
0.696886
0.969988
1.386777
1.087789
0.638244
0.892449
0.620186
0.675783
1.598377
0.484848
0.937998
0.861117
0.694245
0.988134
0.512616
0.840266
0.900349
0.969237
0.244269
0.787280
0.880591
1.763504
0.837477
0.440941
0.642443
0.280124
0.644611
0.593795
0.513503
1.723474
0.902776
0.945874
0.545921
0.800104
0.465964
1.066167
0.941294
0.366076
1.415834
0.890696
0.702176
0.486322
1.080402
0.631174
0.556616
0.760383
0.713557
0.986052
0.947887
0.703639
0.707062
1.130868
1.551965
0.796292
0.502798
0.994298
0.612733
0.830945
0.485943
1.460404
0.396755
1.474288
0.508819
1.282852
0.972955
0.562857
0.545268
0.716777
0.799498
1.018377
0.432766
0.845887
0.531083
0.793571
0.451156
0.311876
0.687039
0.506084
1.176771
0.428107
0.897894
0.539939
0.725403
0.732930
1.150236
1.265920
1.089369
1.571617
0.716123
1.152073
0.721400
0.870109
0.998600
0.340072
0.871032
0.694853
1.166045
0.514706
1.573523
0.608688
1.138772
1.198688
1.229431
0.952661
0.834753
0.483308
0.931001
0.237425
0.591061
0.964692
0.673850
0.501154
0.326509
0.623972
1.491204
0.909471
0.490829
0.633266
0.601681
0.638909
1.029461
0.703397
0.361846
0.413200
0.862513
0.750340
0.818502
1.315611
0.970958
0.703696
0.454600
0.664260
1.455966
0.521625
1.064728
0.970330
0.631233
1.131911
0.955965
1.393667
1.393164
0.987232
0.506448
0.655097
0.180178
0.691990
1.455226
0.873993
2.204488
0.809216
0.308949
1.465028
1.133896
0.482072
1.187140
1.063312
0.226670
0.594477
0.426326
0.719111
1.578359
1.022445
0.919965
0.901610
0.640152
0.679565
0.589965
0.543915
0.534060
0.778179
0.567509
0.837456
1.557230
0.797499
0.839654
0.731042
1.468067
1.220702
0.843500
0.344577
0.972864
0.552244
1.281512
0.485135
0.364860
0.450434
0.023358
0.528348
0.908606
1.043053
1.143894
0.691687
0.187301
0.391844
1.149534
0.853450
0.556172
0.655607
1.007516
0.614132
0.585064
1.257938
1.289061
1.263270
0.844560
0.798586
0.542285
0.233202
0.461797
1.183920
0.473248
1.015062
0.779698
1.291784
0.787765
0.418774
0.977193
0.918230
0.639985
0.767153
1.142215
1.030116
0.833394
0.656560
1.070493
0.273320
0.791237
0.503493
0.650457
0.871732
0.656116
0.691967
1.191303
0.444057
0.781095
0.993583
0.619824
0.385847
0.773716
0.702797
0.858032
1.147661
0.634087
0.852240
1.319929
0.960879
1.084641
0.662048
1.561496
1.669735
0.729969
0.849559
0.914900
0.634577
0.779650
1.035901
0.503540
0.163145
0.974479
0.454543
1.104763
1.062233
1.064362
1.164754
0.454277
0.431495
0.545878
0.622766
0.715018
0.705377
0.259960
1.971602
1.122902
0.292327
0.389803
0.393637
0.447589
0.950205
0.318734
0.622427
0.392603
0.721707
0.304994
1.190115
1.042500
0.855160
0.581077
0.532941
0.133652
0.477846
1.124886
1.025403
1.039294
0.807621
0.627466
0.571049
0.528215
0.914865
1.294819
0.728305
0.229838
0.698692
1.080838
1.805587
0.346810
1.183419
1.056585
0.966079
0.945427
1.053254
0.804732
0.717931
1.061200
0.759376
0.840371
0.678219
1.205051
1.136710
0.240455
0.383130
0.445263
0.669331
1.547756
1.042618
0.458054
0.806065
0.843924
0.233043
1.192501
0.891259
0.953552
1.163997
1.097924
1.279013
0.479372
0.797888
0.992993
0.778152
0.893559
0.123218
0.512339
0.952462
0.777590
1.284980
1.468996
0.726351
1.382353
1.202102
0.645173
1.164490
0.474599
0.641494
0.601451
0.758997
1.201065
0.581366
0.887675
1.379071
0.825207
0.579672
0.397370
1.010280
0.876530
0.455465
1.114213
0.777660
0.710590
0.410033
0.823980
0.911189
1.685627
0.777334
0.642143
0.790200
0.564922
0.947817
1.291238
1.586683
0.822974
0.471036
0.553593
0.596904
0.880432
0.742691
0.725970
0.597292
1.738911
0.782845
1.142137
1.476990
1.120656
1.079257
0.534068
1.100028
0.858526
0.634907
0.976271
0.970698
0.581231
0.847968
0.800203
1.326740
1.363223
0.409941
1.156052
0.558038
0.657929
0.607136
0.953690
0.534524
0.930823
1.340261
0.952729
0.634702
1.235764
1.067492
0.696654
0.435518
0.642667
0.628385
0.623917
0.088781
1.104634
0.588612
0.747632
0.396493
0.874539
0.722730
0.372483
1.488222
1.174845
0.743478
0.732896
1.264799
0.796029
1.136382
0.872284
0.629141
1.434803
0.563702
0.583662
0.867106
0.970170
0.780402
0.642032
0.787290
0.528323
0.626893
0.928702
1.264335
1.282653
0.723136
1.420495
0.970746
0.772990
1.063016
0.473488
0.907586
0.267073
1.367967
1.276575
0.449824
0.699502
0.822354
0.680114
0.295410
0.902794
1.243085
0.503555
0.419630
1.181387
0.654396
0.354643
1.761319
0.762342
1.612073
0.381475
0.408780
0.502139
0.898941
0.409876
0.590344
0.844201
0.777474
1.537192
1.185541
0.668386
0.696473
0.881881
1.279156
0.887537
0.679686
1.898954
1.505069
1.011601
1.341370
0.990195
0.189527
0.773352
0.482004
0.657836
0.945972
0.292982
0.390915
1.175363
1.073804
0.227332
0.815399
0.382344
0.956967
0.641320
1.210723
0.547034
0.478960
1.772491
0.452992
0.211257
0.725593
1.534907
0.705592
0.263597
0.827248
0.628403
1.186016
0.646315
0.371477
0.644922
1.016789
0.827214
1.292418
0.796379
1.682431
0.989726
1.042335
0.520686
1.068747
0.714543
0.445608
0.900154
0.901594
0.832815
0.511741
0.771656
0.168049
0.772140
1.538922
0.439931
0.452701
0.637018
0.424687
1.276143
0.927019
0.407641
0.980824
0.448967
0.516245
0.956566
0.910691
1.539029
0.551309
0.644919
0.913490
0.806567
0.354584
0.968741
0.941943
0.958112
0.690582
1.192579
0.911673
0.284368
1.034285
0.811035
0.474896
0.457640
0.741864
0.079741
1.022042
0.308002
0.906027
0.930369
1.552404
0.463712
0.533156
0.366593
0.814683
0.250385
0.600862
0.152590
0.604965
1.162552
0.739464
1.018391
0.829590
0.515446
0.857692
0.771177
0.392512
0.431069
1.794531
1.190859
1.387053
0.986701
1.032053
1.266250
1.192745
0.822890
1.288333
1.105216
0.360625
0.880196
0.753301
0.389446
0.222912
0.815674
0.456959
0.599118
0.496187
1.189667
0.418251
0.584096
0.792533
1.029227
0.901953
1.227147
0.800234
0.377255
0.603501
0.610483
0.648957
0.727687
0.765263
0.923244
0.518679
0.450455
0.799847
0.870190
1.223098
1.647516
0.989642
0.481123
0.829821
1.131076
0.345080
0.281373
0.644254
1.027170
1.113682
0.870212
1.322923
1.013127
0.888727
1.306484
0.519519
0.641141
0.791825
0.347177
0.542652
1.473406
0.819714
0.534261
0.736957
0.223507
1.046646
0.659203
0.388053
1.005436
0.949154
0.802603
0.944684
0.549197
0.813587
1.142509
1.001940
0.967467
0.607769
0.510935
0.205894
0.771116
1.008716
0.821782
0.745309
1.179377
0.573079
1.269166
0.216651
1.657734
1.147057
0.461664
0.596468
0.119592
1.502903
0.539439
0.425010
0.894836
1.027989
0.601191
1.257788
0.995098
1.583789
1.043843
1.467905
0.239768
0.493516
1.095429
0.875896
0.636481
0.866427
0.607100
0.589458
0.782592
0.695084
0.414729
0.894974
1.013557
1.006644
1.667496
1.797742
1.047183
1.177646
1.204190
0.943274
0.367112
0.520349
0.485423
0.526980
0.116746
0.687058
0.572575
1.425778
0.740514
0.938099
0.086857
0.799251
0.517526
1.248625
0.751069
1.943385
0.237029
0.573000
0.297755
0.430331
0.838857
1.623256
0.638652
1.279394
0.650780
0.635631
1.120133
0.961610
1.094996
0.623090
1.112442
0.498407
0.923179
1.735252
1.546200
0.588380
0.332785
0.728358
1.000243
1.083100
1.363735
0.719350
1.100092
0.747954
0.774518
0.360931
0.611622
0.948331
0.585390
0.755212
0.910160
0.505844
0.529992
0.845807
0.716398
0.690511
0.924897
0.524001
0.751294
0.310265
0.365745
1.426142
0.770813
1.276350
0.810569
1.221061
1.125943
0.632347
1.168129
0.709949
1.215420
0.646789
1.189862
0.739695
0.475182
1.624153
0.901497
1.090867
0.666722
0.780744
1.219554
1.043561
0.356819
1.250011
0.481867
1.068532
0.150410
1.118543
0.536255
0.961296
0.949604
1.112184
0.949989
1.236807
0.875656
0.683930
0.674971
0.930880
0.637938
0.917643
0.166662
1.296264
0.334147
0.488241
1.306463
1.221523
0.406532
1.202463
1.542863
0.973254
1.044382
1.178657
0.396597
1.309278
0.846355
0.895643
0.905522
0.974179
1.071216
0.880336
1.063326
0.636887
1.220519
0.652031
0.925749
1.193006
1.045233
0.488386
0.802849
0.328628
1.328120
0.472872
0.711964
0.620680
0.504945
0.446660
0.422701
1.405808
0.661209
0.528921
0.776276
0.980810
0.807036
0.938203
0.667718
0.611902
0.595795
0.296173
0.913733
0.428927
1.395405
0.893931
0.663802
1.157706
0.609354
0.605444
0.226354
0.894433
0.238708
0.793224
0.967804
1.053736
1.062698
1.416644
1.255854
0.598016
0.333919
0.307441
0.603971
0.488825
0.950299
0.534416
1.303985
1.009834
0.951493
0.814153
1.018203
0.620922
0.923961
1.070938
1.012007
1.104717
0.357710
0.475050
0.862426
0.460361
0.582524
1.144494
0.586502
0.552636
1.121407
1.193171
0.449008
1.326783
0.611469
0.866680
0.972425
0.695202
0.791864
1.134762
0.429114
1.300122
0.431060
0.910633
1.070937
1.114078
0.832911
1.176261
0.496542
0.622446
1.080003
0.880813
0.951360
0.437146
1.069461
0.920395
0.841810
1.577448
1.366288
0.542552
0.962397
0.476187
0.766894
0.728284
0.236299
1.258114
1.368974
1.010892
1.081069
1.328505
1.213979
1.012980
1.144103
1.027937
0.450759
0.753562
0.775320
0.974506
0.601244
0.887882
1.446098
0.721085
1.126785
0.894565
1.294879
0.642056
0.329552
1.329645
0.745086
0.492541
0.744890
1.324697
0.180747
0.521738
0.910729
0.930305
0.741055
0.664595
0.438589
0.263208
1.032095
0.951497
0.951258
0.519352
0.495061
0.692586
0.757272
1.316187
1.374000
0.367427
0.847224
1.233204
1.118034
0.912822
1.153977
1.159066
0.587190
1.286382
1.249715
1.362279
0.497375
0.914618
0.517928
1.119660
0.594663
0.858062
0.835852
0.606328
0.876501
0.770443
0.953104
1.361794
0.401573
1.027775
0.910777
0.402811
0.640041
0.504653
0.578425
1.091306
0.950162
0.649051
0.857374
2.084817
1.361181
0.126921
0.561818
0.572711
0.691278
0.917692
0.593205
0.331161
0.371605
0.661459
0.926043
0.947381
1.131656
0.770524
0.527597
0.820413
0.833095
1.030614
1.082514
0.282686
0.366751
0.876732
0.167141
0.960584
0.668105
0.582309
0.432419
0.811387
1.089483
0.776609
0.441399
1.079371
0.693658
0.787221
0.604376
1.067860
0.463602
0.967773
1.231464
0.451210
0.455327
1.108429
0.744229
0.480720
1.040688
1.227162
1.213984
0.743175
0.671116
0.690873
0.632507
1.087134
0.552813
0.738884
0.535692
0.423090
0.662565
0.413272
1.312145
1.047374
0.880826
0.580184
0.752161
0.592690
0.723449
1.268270
0.303691
1.332138
0.506462
0.767186
0.618017
0.847677
0.848720
0.511637
0.674425
0.673820
0.451549
1.170250
0.911759
0.674893
0.315788
1.727492
1.134036
1.739948
1.074375
0.735521
0.165592
1.424015
0.349902
0.631041
0.842492
1.253975
0.334530
0.712478
0.957675
0.507235
1.140274
0.924589
0.583084
0.232935
1.357230
0.974813
0.947667
1.135551
0.921251
0.800173
1.029991
0.953148
0.923769
1.236426
1.473730
1.184217
1.089428
0.600662
0.827350
0.909367
0.879353
0.979878
1.034329
0.918649
1.032540
2.022519
0.500682
0.491699
0.766775
1.117968
0.702509
0.370092
0.910953
0.810730
0.835718
0.290829
0.826024
0.323176
0.263391
0.736433
1.267006
1.746072
0.977159
0.787612
0.375676
0.480364
0.500977
0.671352
0.651583
0.827769
0.475608
1.521346
0.451546
0.993495
1.275546
0.832820
0.684356
0.762692
0.703067
1.190200
0.830094
1.147272
0.774834
0.173379
0.457373
0.631646
0.773662
1.335990
0.652999
0.833285
0.750479
1.011937
1.785895
1.008251
1.655900
0.554172
0.434953
1.062028
0.585875
1.055340
0.644426
1.559383
0.990602
0.335810
0.833742
0.463595
0.919156
0.216888
0.305454
0.895986
0.426717
0.444987
0.642877
0.479803
1.621105
0.502565
0.859282
0.594904
0.683276
1.149740
0.975196
1.544258
0.657458
0.693737
0.663882
0.751336
1.049021
0.615722
0.361432
0.687217
1.604773
0.623333
0.419269
1.454952
1.024268
1.877665
0.453230
0.471893
0.760136
1.310652
0.790078
0.941786
0.682463
0.830609
0.661967
0.789268
1.170120
0.727053
0.496144
1.095700
0.979657
0.633228
0.883578
0.825482
0.862166
0.727259
0.432879
0.739223
0.752075
1.111996
0.589805
1.329392
0.826215
0.815379
0.795109
0.216600
0.390743
0.874186
0.980938
0.719695
0.789818
0.443728
0.637860
0.321016
0.535448
1.427073
0.094411
0.441314
1.294982
1.326181
1.079053
0.947989
0.445107
0.398678
1.003308
1.226974
1.051564
0.974914
0.468682
1.344399
1.213629
0.166668
1.317390
0.796061
0.569375
0.604496
0.843971
0.534653
0.455596
0.565160
0.657705
0.910715
0.731892
0.747987
0.664952
0.917758
0.401297
1.201160
0.769413
1.048994
0.750145
0.645006
0.579121
0.154376
1.163225
0.603545
1.429916
1.024724
0.274486
0.730980
0.736272
1.218594
1.302032
0.884533
0.387469
0.397650
0.959489
1.055232
0.489025
0.517618
1.243940
0.703663
0.814764
0.928826
0.901154
0.807012
0.595261
1.123999
1.170547
0.665254
0.830724
1.143369
0.724440
1.118004
0.845767
0.202356
1.007383
0.983080
0.601699
0.205021
0.923204
0.464814
1.318448
0.922406
0.669688
0.392116
0.919086
0.628329
0.499318
0.888853
0.449492
1.188631
0.948358
0.456322
1.183564
0.939360
1.001800
0.796187
0.434871
0.414974
0.472894
0.804185
1.045455
0.573567
1.137708
0.325227
1.431119
0.498920
0.679367
0.490096
1.062875
0.884711
0.965556
1.117543
0.391224
0.848596
1.208193
0.689862
0.271814
1.069945
1.584052
1.539843
0.312004
0.219536
1.567598
1.391149
0.588321
1.096977
0.419865
0.565407
0.290674
0.899667
1.099203
0.340162
0.952140
1.201520
0.740931
0.893884
0.911164
0.581723
0.866644
1.201648
1.268298
0.620338
0.685761
1.159096
0.765001
0.986971
0.231405
1.227709
0.763478
0.549610
0.452798
0.576538
0.860537
1.230909
1.412593
1.105035
0.502168
0.569284
0.764093
0.290057
2.321959
0.546191
0.880178
1.029513
1.273769
1.073516
0.873498
1.235149
0.556483
0.643722
0.710634
0.866678
0.428138
0.482192
0.841403
0.739830
1.012713
0.686537
0.896286
1.305158
0.651855
0.967117
0.345308
1.396264
0.802747
0.644682
0.323920
0.128985
1.302388
0.648947
0.883628
0.582763
0.766374
0.765855
0.480715
1.065455
1.067948
0.687503
0.415423
0.571538
1.010677
1.312642
1.170584
1.395480
0.424817
0.400787
0.782258
1.347763
1.445528
0.740660
1.006537
0.534052
1.083586
0.651881
0.681707
1.109895
0.816628
0.756588
1.902674
0.808845
0.694244
1.237845
0.827462
0.820280
0.664165
0.037139
0.241549
0.600094
0.978122
0.313457
1.533871
1.252515
0.372627
0.550628
0.819786
1.024003
1.222740
0.581868
0.836331
0.959784
1.153419
0.468040
0.995496
0.567806
0.642711
1.046668
1.210593
1.226980
1.142945
1.091063
1.398995
0.228524
0.732440
0.812789
0.531948
0.750519
0.152402
1.053350
1.385930
0.632202
0.729489
0.744184
1.478158
0.486192
0.763407
0.838666
0.867527
0.541054
0.265043
0.525103
0.825685
0.699135
1.041108
0.745977
0.931631
0.932882
1.005599
1.070212
1.453790
1.455782
0.239731
0.916394
0.682318
0.704612
0.810308
1.327848
0.669473
0.470440
0.744599
1.240491
0.615478
0.424669
1.040648
1.294612
0.378476
1.251136
0.484658
0.922826
0.904419
1.519760
0.870438
0.992560
1.389338
1.015743
1.020354
0.501695
0.629297
0.669058
0.870802
1.012104
1.111101
0.334338
0.628543
0.609560
0.838643
0.062085
1.165842
1.425807
1.109085
0.997474
0.790915
1.425891
0.841686
1.016737
0.369344
0.919193
1.036503
0.985263
0.934205
0.401574
0.896166
1.223703
0.544201
0.690178
0.801226
0.155528
0.782844
0.553529
0.985388
0.958106
0.900482
1.000340
1.075842
0.593681
0.745032
0.782064
1.289931
1.550306
0.620933
0.720126
0.240226
0.915583
1.594336
0.905759
0.532021
1.494900
0.494185
0.724720
0.913307
0.829017
0.976701
0.657364
0.502223
0.412816
1.091154
1.068850
1.272474
0.541645
0.606390
0.186875
1.073934
1.324028
1.072610
0.859340
0.696416
1.711676
0.676534
1.444517
1.187398
1.260363
0.950232
1.404541
0.799135
0.890875
0.813098
1.572025
1.232784
1.137084
0.832548
0.791859
1.056805
0.638773
0.671200
0.857431
0.462915
0.868329
0.215886
0.510472
0.434268
0.625929
0.743452
1.035267
0.883713
1.055488
0.743734
0.971507
1.321169
1.168284
1.111871
1.623086
0.167145
0.665833
1.095705
0.372622
1.310267
0.635180
0.702862
0.731216
0.979532
0.796015
0.034338
0.462479
0.783193
0.999129
0.291910
0.423278
0.852985
0.261757
0.659874
0.937497
1.295182
0.481381
0.864152
0.503382
0.754366
0.851207
0.637248
0.880895
1.055198
0.317473
1.351685
0.191643
0.691524
0.774063
0.389612
0.137322
1.313166
0.753826
0.596514
1.077761
0.537867
0.834647
0.233802
1.110912
0.560378
1.033539
1.071582
0.425451
0.478534
0.991431
0.455498
0.343631
0.921702
0.714179
1.076163
1.063919
1.315861
1.589887
1.275352
0.673687
0.635551
0.492199
0.586719
0.473002
0.750744
0.352670
0.366083
0.452058
0.586731
0.355112
1.655472
0.676372
0.475795
1.434006
0.461578
0.958220
0.289483
1.090896
0.661121
0.772229
1.143447
0.444905
0.473448
0.929021
0.551862
1.072804
0.690660
0.977955
1.077069
0.886832
0.714794
1.371384
1.326376
0.617551
1.411063
0.635384
0.426416
0.992589
0.247573
0.730317
0.755295
1.265518
0.787361
0.886891
0.669353
0.571556
1.642207
0.701632
0.709815
1.271684
0.551768
0.701261
0.401965
0.759441
0.452316
1.091355
0.330313
1.629731
0.528697
0.309166
0.487095
1.619995
1.652282
0.499726
1.470625
0.807810
1.313485
1.159078
0.913009
0.275106
1.593468
0.328526
1.178978
0.820701
0.781318
0.315111
1.102119
0.688072
0.930610
0.820070
1.018008
1.263249
1.112625
0.879722
0.678016
0.722176
1.014725
0.845416
1.029785
1.154711
0.719341
0.682878
0.915772
0.829995
0.708105
1.034499
0.680460
1.173733
0.320322
1.215693
0.158323
0.685991
0.638405
0.786189
1.382917
0.873103
0.667762
0.496744
1.068137
0.873554
0.372595
0.485589
0.774611
0.594909
0.414952
0.795107
0.493863
1.252055
0.992591
0.350475
0.985229
1.431984
0.960385
1.146310
0.742159
1.497002
0.349125
1.192918
1.069789
1.070768
0.572818
0.822617
0.502679
1.208909
0.663413
0.867736
1.090144
1.254588
0.200246
1.654033
1.393350
0.776377
1.018089
1.571084
0.832424
1.160234
0.479404
0.640973
0.761988
0.729394
0.671009
0.631212
0.888761
0.483387
1.287744
1.517517
1.526799
0.390403
0.778357
0.506965
1.099428
0.313798
0.742760
1.318290
0.541937
0.945374
1.074033
0.455150
0.984337
0.581949
1.207792
1.150707
1.105004
0.993897
0.747332
1.410141
1.579759
0.835660
0.608395
1.110069
1.174177
1.125855
0.784776
0.154103
0.752403
1.107313
0.554877
0.672422
1.069853
1.140680
0.483854
0.825008
0.575831
0.703451
0.864339
1.137793
0.327885
0.490602
1.229685
0.296159
0.793110
1.084579
1.054030
1.208136
0.502385
0.587874
1.104103
1.288224
0.249769
0.999101
0.688233
0.604588
0.985539
0.868595
0.782185
1.039946
1.019395
0.345704
1.537068
0.709296
0.392473
1.555746
0.705209
0.738013
0.339375
0.312487
1.331784
0.866424
0.950282
1.162145
0.605108
0.869735
0.717453
0.615190
1.056766
0.567440
0.565068
0.619032
0.936283
1.054758
1.217396
1.298096
0.629333
0.393251
0.433013
1.302869
0.921155
1.630146
1.727001
0.705367
1.094492
0.404433
0.802165
0.844828
0.649138
0.492543
1.091965
0.766087
1.228687
1.494770
1.073702
0.886369
0.944938
0.942640
0.228853
0.221290
0.873527
0.589071
1.503629
0.521380
0.900265
1.670993
0.820282
0.554576
0.456367
0.608044
1.215483
0.890112
0.839839
0.869233
0.308173
1.140743
0.318437
0.925305
1.294235
0.991734
0.959837
0.952593
1.072603
0.658643
0.772804
0.798202
1.823139
0.470743
0.387981
1.506415
0.667605
0.867455
0.835434
0.939678
0.662575
0.670846
0.997017
0.769923
0.955869
0.710526
0.304085
1.016307
1.238753
0.666336
1.038149
0.817997
1.370954
0.892234
0.238626
0.422722
0.877411
0.500856
1.114859
0.635613
0.974681
1.104613
0.765141
0.985938
0.512030
0.920988
1.424897
1.268933
0.376100
1.237250
0.775507
0.772558
0.712930
0.804555
1.081106
0.667759
0.976608
0.401873
0.690769
0.393498
1.142703
0.434924
0.512038
0.486184
0.636972
0.872809
1.005674
0.581235
1.590568
0.811331
1.570873
1.236774
0.946408
0.352932
0.829112
1.021677
1.007568
1.299204
1.260689
0.603677
0.457891
0.927004
1.029005
0.936737
1.853771
0.940675
1.324096
1.103846
0.577843
1.127618
0.723526
1.159781
0.618805
0.768844
1.448527
1.275033
0.692196
0.709811
0.940093
0.196522
0.881901
0.323913
0.127821
1.071461
0.951441
0.214149
1.398529
0.819380
1.064918
0.508588
1.096696
1.330594
1.429075
1.783277
0.630744
0.882187
1.056965
0.270619
1.230200
0.361636
1.116962
0.877043
1.318194
1.169354
0.579034
0.646470
1.351296
0.381448
0.709210
0.469282
1.044988
0.446492
1.194446
1.291387
0.826869
0.597056
0.423139
1.055536
0.499452
1.276678
0.391131
0.503371
0.591265
1.804651
1.089852
1.378024
0.549356
0.638992
0.940500
0.355204
1.147360
1.262388
0.779730
0.743177
1.258162
0.984190
0.642551
0.448670
0.806578
0.353234
0.365487
0.762612
1.790612
0.506156
1.021510
0.429894
1.068804
0.995961
1.663766
0.584296
0.705703
0.379538
0.718605
0.705438
1.911179
1.436861
0.255274
0.400874
0.422796
0.288147
1.494960
0.115222
0.290414
0.480874
0.525833
0.701782
0.950634
0.933803
1.305130
0.588560
1.769538
0.864447
1.242898
0.662092
0.361352
0.842013
0.686835
0.838258
0.836978
1.184991
0.578968
0.539342
0.824346
1.050830
1.269585
0.590913
0.899456
0.877974
1.271879
0.363870
0.935136
0.644954
0.489209
0.743246
0.233656
1.047849
0.436980
0.771586
1.384801
0.848248
1.073961
1.360249
0.792117
