0.625578
0.852433
0.638050
0.483460
1.117563
0.430080
1.190339
1.139809
0.221949
0.293071
0.374866
0.473790
0.612400
0.899088
1.591309
0.429616
0.440652
1.383491
0.585102
0.779860
0.731426
0.798497
0.495474
0.525310
0.871007
0.416405
0.820673
0.530510
0.675736
0.863424
0.791749
0.931276
1.115932
0.423271
0.785721
0.789462
0.764093
0.611866
0.596197
0.938701
0.366542
1.195594
0.876541
0.725449
1.418677
0.750837
0.398549
0.976669
0.632803
0.441807
0.586507
1.256761
0.918238
0.456724
0.713145
0.525485
1.493464
0.489447
0.433304
0.575936
1.074960
0.883535
0.573566
0.857605
0.146387
0.790704
0.507116
0.192824
0.675919
0.909067
0.737343
1.116182
0.313758
0.756708
1.342492
0.834932
1.142496
0.991939
1.303613
1.020725
0.586525
0.761739
0.889850
1.327039
0.893516
0.922836
0.928260
1.024123
0.560498
1.104229
1.217398
0.399412
0.578049
0.396976
0.785156
0.320518
0.946712
0.561953
1.136595
0.896538
0.844720
0.798655
0.562708
0.511249
0.710983
0.388677
1.005506
0.938469
1.468266
0.547426
0.476964
0.456694
0.563991
1.211079
0.986286
0.623713
0.902625
0.901855
0.712890
0.215999
0.412738
0.889411
0.218936
0.347086
0.879772
1.069213
0.520924
0.271010
0.391097
0.704091
0.628829
0.991217
0.735669
0.644959
0.565549
0.976275
0.860991
0.716474
0.992079
0.635198
0.825379
0.678828
0.744874
1.126575
1.474280
0.429569
0.553737
1.126357
0.442424
1.022212
1.352415
1.226891
0.508889
1.902220
1.202480
0.721101
0.331724
0.918530
0.610986
0.617189
0.519710
0.828868
0.958105
0.803897
0.814250
0.424925
0.713321
0.897433
0.953109
0.310415
0.962530
0.838199
0.466479
0.574444
0.367082
0.961623
0.765454
0.817175
0.707063
0.692609
0.733316
0.561227
0.412881
0.383222
1.573433
0.727030
1.291415
0.550564
1.277346
0.575369
0.828057
0.550521
0.293487
0.591842
0.649646
0.787503
1.019767
0.459358
0.970143
0.593739
0.567879
0.622539
0.884906
0.235421
0.739572
0.683236
0.686302
1.009713
0.478454
1.148588
0.677251
2.224934
0.563543
0.662707
0.341016
0.433029
0.580499
0.488921
0.733993
0.401967
1.021045
1.293577
0.586311
1.098251
0.663875
0.689316
0.825146
0.501314
0.759231
0.743416
0.726140
0.523890
0.534048
0.791065
0.417141
0.950537
0.673543
0.675582
1.085444
0.617129
0.395566
0.515433
0.476987
0.842613
0.727420
0.549378
0.172314
0.523921
1.145277
0.819443
0.744234
0.362816
1.142699
0.871444
1.430883
1.077090
0.694423
0.835089
0.540169
0.302998
0.584717
0.667384
0.918409
0.360249
0.691544
0.628747
1.154749
0.424362
1.193170
0.679266
0.142947
0.506252
0.150930
0.864888
0.547363
0.258076
1.645674
0.794940
0.311819
1.209989
0.401384
0.312104
0.424175
1.149837
0.531585
0.695428
0.407227
1.056588
1.518035
0.354728
0.842678
1.178833
1.914452
0.651694
0.669109
0.137189
0.996870
0.629170
0.427961
0.506590
0.406597
0.147465
0.522062
0.642669
1.108775
0.661692
0.424787
0.294864
0.412171
0.647339
0.744177
0.668642
0.981348
0.539813
0.584603
0.650646
0.832380
0.359874
0.792883
0.552468
0.608525
1.680399
0.718617
0.233084
0.596514
0.544293
0.146592
1.068922
0.464468
1.118177
1.115349
1.317515
1.116349
0.417742
1.046181
0.842099
0.657478
0.590095
0.490077
1.413141
0.183651
1.292617
0.244978
1.056505
0.932836
0.305647
1.057799
0.821072
0.152579
0.582967
0.390357
0.724483
0.349460
0.656302
0.630104
0.617586
1.286141
0.554571
0.461927
1.057662
1.213175
1.121660
1.355547
0.818003
1.094441
0.481511
1.029119
0.529924
1.111230
0.709218
0.881406
1.018896
1.272670
0.685225
0.739143
0.467903
0.740883
0.344508
1.044321
0.446026
0.531819
0.930821
0.864431
1.056819
0.559568
1.709156
1.102662
0.609887
0.646271
0.326758
1.111956
0.900198
0.830510
1.168025
0.507394
0.356357
0.687788
0.866565
0.746994
0.793005
0.476733
0.247886
0.872129
0.948613
0.347512
1.206467
1.527164
0.335833
0.534320
0.895506
0.409731
0.958779
0.294231
0.519294
0.932044
0.097282
0.563653
0.527606
0.883068
0.256351
0.829599
1.217742
0.397608
0.640536
0.653415
0.935727
0.597666
0.839885
0.410896
0.413580
0.610602
0.398709
1.078870
0.303381
1.273159
0.547539
0.796080
0.953138
0.955436
0.802303
0.703759
0.910231
1.176876
0.941109
0.674515
0.526365
0.573863
0.525297
0.691896
0.451974
0.756413
0.505016
0.921007
0.676935
0.379525
0.652431
0.582869
0.810166
0.388933
0.286138
0.462374
1.248100
0.787094
0.415915
1.727586
1.188809
0.564603
0.324941
0.515211
0.235751
0.541818
1.312309
0.977434
0.241276
1.333772
0.513916
0.593348
0.154535
0.381936
0.321692
0.588208
0.938662
0.445275
1.214058
0.543666
0.351535
1.097361
0.644991
0.598359
0.893462
0.357198
0.611072
0.306843
1.360828
1.512464
0.836802
1.092601
0.916506
0.852353
0.575619
1.247486
1.345700
1.174910
0.968556
1.112268
0.651716
0.293466
0.511772
1.284552
0.844403
0.624387
0.712256
1.324325
0.965836
0.528869
0.305261
0.996562
0.985122
0.575380
0.720561
0.497340
0.677147
0.720846
1.010153
0.847523
0.364574
0.410687
0.344861
0.592838
0.710984
0.834074
0.780145
0.743047
1.267527
0.737648
0.847359
0.181073
0.717563
0.911412
0.823515
0.604822
1.016999
0.981837
1.122611
0.410248
0.667301
0.790180
0.739921
0.809933
0.719399
0.301300
0.114268
0.445842
0.996860
0.263192
1.159156
0.197983
0.578208
0.690037
0.099749
0.537964
0.538995
0.579274
0.715793
0.812097
0.605541
0.885458
0.640865
0.694672
0.208452
0.106247
0.612980
1.653515
1.104942
1.041687
1.192835
0.389389
0.738042
0.699030
0.570890
0.542380
0.308464
0.596674
0.636658
0.734137
0.236448
0.961168
0.528048
0.440185
0.501330
0.675594
0.600741
0.713628
0.408263
0.375393
0.608388
0.333260
0.511667
0.780943
0.382386
1.145593
0.633158
0.318261
0.895841
0.850243
0.402014
0.605371
1.056054
0.710110
0.665284
0.571825
0.435653
0.876257
0.473693
0.258238
0.754807
1.127437
1.238242
0.732039
0.308580
1.208793
0.162738
0.779468
0.422132
0.546180
0.986871
0.593560
1.274428
0.949009
0.461576
0.389292
1.144432
0.829590
0.305135
0.763508
1.565669
1.239985
0.606954
0.519300
0.442763
0.954597
0.440186
0.869201
0.730254
1.098178
0.616508
1.249232
1.013726
0.805452
0.499524
0.507041
0.637261
0.481714
1.040018
1.011280
0.882630
0.408733
0.640801
0.351409
0.940217
0.870660
0.974371
0.438775
0.691427
0.404218
0.822189
0.560234
0.682792
0.857668
0.669358
0.303452
1.052953
0.839280
0.619461
0.257839
0.634055
1.045364
0.871959
0.550491
0.980217
0.237462
0.453048
1.320669
0.609573
0.745080
0.320491
0.788805
0.563668
0.302370
0.524486
0.750829
0.527564
0.828042
0.932197
0.967524
0.762319
0.876775
0.930178
1.149008
1.479830
0.474684
0.557384
1.016273
0.605881
0.934638
0.994225
0.823729
0.665028
1.188879
0.303894
0.543683
0.551172
1.095912
1.200249
0.749670
0.832988
0.745881
0.750797
0.563289
0.860122
0.927274
0.570229
0.741541
0.936813
0.398847
0.718197
0.616551
0.866466
0.668588
0.645056
0.831713
0.983327
0.937586
0.830207
1.066047
0.614532
1.043785
0.356798
1.399942
0.352452
1.146528
1.552530
1.291136
0.967237
0.839214
1.091677
0.715806
0.506753
0.829617
0.930145
0.988359
0.873929
0.308138
0.566958
0.646492
0.607533
0.987566
1.361460
0.799133
0.802201
0.869506
0.354205
0.573267
1.167084
0.704304
0.513776
0.622284
0.301232
0.595822
0.795351
1.578057
1.031842
0.792709
0.731277
0.660034
0.785992
0.515623
0.673031
0.701332
0.341564
0.292675
0.990433
1.067691
0.760354
0.982626
0.581911
0.452149
0.727064
0.801308
0.538781
0.556783
0.979139
0.341217
0.478255
0.381587
0.843268
0.810914
0.793086
0.963553
0.886156
0.500893
0.226967
0.635946
1.186683
0.535800
0.690553
0.716650
0.431551
0.968298
0.398288
0.142156
0.265841
0.408405
0.118416
0.597841
0.335688
0.221117
1.389068
0.519313
0.351356
0.455705
0.568693
1.052971
1.017776
0.881393
0.785888
0.408421
0.849387
0.484573
1.024547
0.375650
0.415007
0.433351
0.716561
0.700351
0.561558
0.452267
0.488007
0.967352
0.830062
0.567366
0.445540
0.286413
0.572104
0.793568
0.432060
0.542861
1.074974
1.102391
1.199441
0.353916
0.897739
0.990092
0.552277
0.849507
0.247593
0.441263
0.559109
0.797969
0.711740
0.754976
0.541388
0.236400
0.550965
0.533911
0.636408
0.864387
0.639286
1.022636
1.109011
0.848716
1.076166
0.545168
0.496746
0.712876
0.415181
0.869001
0.432075
0.911790
0.633408
0.742439
0.623094
0.410638
0.817037
0.458376
1.155546
0.323215
1.345636
0.686661
0.536575
0.465808
0.538427
0.509955
0.595478
0.738836
0.646258
0.469941
1.042265
0.511139
1.060251
1.040563
1.111996
1.469039
0.683074
0.438368
0.938616
0.419688
0.746715
0.990178
0.360098
1.904554
0.554646
0.724930
0.393922
0.698636
0.745026
1.369258
1.232261
0.989278
0.900871
0.945637
0.753152
0.761360
0.175286
0.315565
0.303212
0.300423
0.515568
0.550256
0.782118
1.216658
0.655025
0.831558
0.597025
0.684261
0.769665
1.027788
1.124677
0.509227
1.015097
1.359934
0.961791
0.486427
0.649862
0.633643
0.205769
0.192664
0.774897
1.048159
0.773312
0.418469
0.595843
0.421089
0.975336
0.647826
0.601999
1.157322
0.714477
1.036436
0.730431
0.535592
0.896692
0.391660
0.470563
0.358215
0.585881
0.232030
0.385732
0.208080
0.655461
0.586532
0.449789
0.361295
0.600790
0.823926
1.058549
0.600567
0.323341
0.182515
0.995301
0.304869
0.999213
0.651190
1.223517
0.488683
0.894271
0.528618
0.798974
0.873183
0.624424
0.576484
0.821298
0.360864
1.186129
0.514098
0.518620
0.480900
0.488922
0.422066
0.903521
0.550188
0.526658
0.411269
1.340126
0.993850
0.751301
1.189586
0.919180
0.804903
0.437097
0.543542
0.151106
0.962960
0.193254
0.646575
1.309344
0.824993
0.372046
0.530350
0.218910
0.674507
0.997161
0.346797
0.603105
0.678429
0.750352
0.899491
1.039408
0.494812
0.877885
0.411991
0.628881
0.422124
0.276561
0.521346
1.107572
1.097887
0.811636
0.859070
0.904246
0.830981
1.013646
0.522189
0.722184
0.433197
0.706998
0.532165
0.159224
1.071428
0.794253
0.354697
0.749057
1.198115
0.519681
0.706473
0.569783
1.470935
1.160105
0.439216
0.672474
1.190415
0.236049
0.165929
0.365462
0.951360
0.623511
0.700774
0.892894
1.057286
1.016037
0.243703
0.252863
0.424996
0.650495
0.387556
0.987393
0.462633
0.370439
0.605357
0.719702
1.397818
0.182373
0.683129
0.613579
0.815348
0.647017
0.306290
0.411417
0.916820
0.688447
0.869303
0.788309
1.003980
0.911877
0.700375
0.740314
0.891761
0.668899
0.618492
0.429844
0.335215
0.258839
0.626705
0.877999
0.451702
0.776016
0.414114
0.409113
0.993165
1.215874
0.734757
0.451781
0.807372
0.620924
1.221702
0.312938
0.852980
0.523948
0.875829
0.517105
0.512437
0.792558
0.523072
0.797840
0.516687
0.911097
0.482472
0.248689
0.600167
1.085932
1.084797
0.537345
0.464666
0.802022
0.396805
0.481156
0.316112
1.084139
1.337827
0.147348
0.949112
0.556549
0.336706
0.889224
0.970826
0.431650
0.381510
0.470516
0.792369
0.809329
0.158785
0.751993
0.746900
0.612651
1.049099
0.804765
1.247162
0.778190
0.550031
0.396342
0.969498
1.033720
0.830382
0.347663
0.726057
0.725058
0.430358
0.293045
0.956428
1.083139
0.921659
1.390100
0.268403
0.601574
0.474965
0.561159
0.575950
0.776053
0.322763
0.790571
0.922741
0.683158
0.391748
0.738222
0.945718
0.841691
0.245577
0.362768
0.997471
0.513222
0.640942
0.575137
0.416648
0.316166
0.826591
0.818968
1.138823
1.041730
0.047900
0.705024
1.045441
1.170799
1.249496
0.640597
0.946385
1.105430
1.050003
0.321840
0.673147
0.687011
0.688082
0.712487
1.098810
0.730404
0.829450
0.706026
0.466864
0.499604
0.866104
0.493682
1.439802
0.442896
0.499357
0.323899
0.728344
0.891687
0.301310
0.977516
0.654243
0.750918
0.733658
0.244949
0.395437
0.820630
0.439701
0.667562
0.446909
1.017294
0.511178
1.127787
0.946902
0.643528
0.312087
1.081222
0.583542
0.354159
0.641365
0.880498
0.301379
0.402443
0.508273
0.660079
0.698447
0.911857
0.998622
0.808881
0.823988
0.869046
0.599414
0.324173
0.625384
1.055004
0.883179
0.769564
0.409725
1.283979
0.221969
0.773709
0.741509
0.737831
0.912607
0.989001
0.170480
0.220904
0.977535
0.488712
0.486323
0.789371
1.154323
0.849359
0.617210
0.442094
0.495112
0.989310
0.722653
0.659484
1.257744
0.723391
1.136833
0.731563
1.021693
0.940116
1.231160
1.327274
1.299721
0.124808
1.164149
0.590696
0.845212
0.606918
0.468838
0.724407
0.508952
0.228226
1.404899
0.447492
0.802126
1.360398
0.881858
0.450090
0.320117
0.420766
1.057326
0.439766
0.522502
0.474969
0.719552
0.771090
1.346697
0.488042
0.402284
0.285333
1.127949
0.790006
0.747680
0.625070
0.623441
0.942527
0.572642
0.479076
0.250603
0.691790
0.501807
0.420141
0.989311
1.029391
0.628137
1.131881
0.649587
0.499963
0.448083
0.741685
0.590976
0.758671
0.105580
1.083080
1.311494
1.179301
0.501241
0.722873
0.833835
1.158573
1.232106
1.552996
0.553294
1.098445
0.802560
1.212969
1.064944
0.945746
0.998647
0.526006
0.375574
1.238172
0.551806
0.936170
1.230890
0.453350
1.058131
0.449709
0.959776
0.608616
0.504797
0.838676
1.084483
0.330192
0.414413
0.287055
0.690288
0.587816
0.476452
0.717417
0.875091
1.073255
0.683490
0.435522
0.510132
0.462669
1.019498
0.754779
0.468328
0.490965
0.342213
1.209331
1.108127
0.816586
1.303536
0.781541
0.297817
0.806225
0.554779
0.900154
1.137838
1.332649
0.568673
0.600814
0.495720
0.838620
0.765318
1.252219
0.651549
0.306202
0.623927
0.663583
0.363905
0.704496
1.007659
0.822699
1.014389
0.789375
0.561778
0.265042
0.469570
0.628734
1.044991
0.834976
0.474156
0.603981
1.185498
1.180944
0.469646
0.933972
0.477498
0.871966
0.615752
0.634020
0.379951
1.344871
0.863985
0.735332
0.623331
0.467363
1.161607
1.123759
0.401623
0.628335
1.242918
1.116173
0.584396
0.776002
1.036960
1.704739
0.317281
0.329109
0.775091
0.352158
0.529863
0.447414
0.928287
0.640762
0.976863
0.884759
0.978979
0.426458
0.931457
0.322316
0.100833
0.457198
0.505068
0.597242
0.812271
0.424830
0.800537
0.913201
1.259510
1.093089
0.778287
0.495177
0.384789
1.059606
1.214948
1.050102
0.461724
0.641918
0.840292
0.858544
0.731445
0.853647
0.550060
0.411727
1.167150
1.207013
0.609467
0.408652
0.800745
0.482490
1.110958
1.175502
0.669620
1.348633
0.815141
0.580990
1.114531
0.219711
0.396817
0.667787
0.634509
0.389218
0.696636
1.062516
0.354424
0.259293
0.682536
1.170496
0.360928
0.938841
0.448946
0.667523
1.350230
0.352574
0.549399
0.611075
0.851202
0.553985
0.391041
0.564502
0.561110
0.682162
0.653090
0.802243
0.834999
0.781054
0.355774
0.593019
1.046315
0.255462
0.938730
0.817426
1.250146
0.655473
0.121633
0.679945
0.467512
0.335747
0.542514
1.113714
0.456206
0.755433
0.618857
0.768526
0.642275
1.017054
1.570733
0.671602
0.555299
0.351788
0.687138
0.461494
0.569203
0.881685
0.516189
0.639406
0.767764
0.752048
0.583020
1.509572
0.699350
0.853494
0.380086
0.779822
0.705311
0.782427
0.714489
1.329464
1.108582
0.458080
0.545787
0.731425
0.816962
0.283725
0.950249
0.627849
0.808274
0.593551
0.974184
0.719884
0.662194
0.507136
0.387838
0.440995
0.807520
0.359582
0.912100
1.177041
0.580541
0.510793
1.188655
1.488336
0.438792
0.277205
1.244940
1.305860
0.306330
0.495875
0.227373
0.694624
0.529281
1.127271
0.633163
0.800736
1.322020
0.792141
1.370525
1.016410
0.598892
0.220416
0.947453
0.888545
0.549787
0.938869
1.280373
0.641759
0.606286
0.838164
0.906470
0.436665
0.359363
0.849956
0.587443
0.941924
0.597209
0.843334
0.680790
1.404006
0.969126
0.245883
0.509783
0.795344
1.052995
0.867382
0.400061
0.375599
0.749980
0.870454
0.700023
0.800886
0.358395
0.512178
0.803609
0.286293
0.839113
0.671498
0.897726
0.421773
0.606109
0.797300
1.354242
0.786727
1.131747
0.882111
0.780047
0.472016
0.303297
0.963559
0.629523
0.362921
0.589562
0.710898
0.422826
0.417043
0.849206
0.175737
0.376355
0.146352
0.699838
0.410643
1.105182
0.167402
0.514867
0.803459
0.618942
0.619125
0.381694
0.704178
0.566532
0.820671
0.875445
0.571785
0.688170
0.977248
0.810353
1.071540
0.505350
1.079084
0.256010
0.682504
1.245506
0.553108
0.710692
0.973998
0.704844
0.327200
0.610588
0.477079
0.707186
0.562926
0.824956
0.660656
0.764105
0.781528
0.649353
1.075134
0.717513
0.752269
0.660222
0.792848
0.370391
0.981578
0.417824
0.901526
0.762648
1.153930
0.196711
0.942361
0.741782
0.235290
0.858194
0.247525
1.180637
0.719910
1.304929
0.868903
0.660581
0.680977
0.502393
0.887155
0.633257
0.633249
1.273760
0.574884
0.691018
0.862033
1.070270
1.951287
1.269239
0.867891
0.679717
1.026647
0.437362
0.376805
0.745529
1.184482
0.423988
0.987378
1.171173
0.765841
0.821385
0.365589
0.548734
1.157055
0.988993
1.061595
0.467328
1.018831
0.866988
1.206461
0.943183
0.602039
1.030238
0.804282
0.919147
1.035246
0.434435
0.549406
0.541814
0.487424
0.599375
1.171382
1.306025
0.191968
0.809449
0.679313
0.403543
1.006817
0.771537
1.159538
0.594910
1.079262
0.920632
1.036813
1.245471
0.700710
0.917917
1.026040
0.487068
0.434179
0.427208
0.799692
0.687572
1.080158
0.649755
0.565916
1.075169
1.388655
0.510410
0.746527
0.949967
0.715079
0.221566
0.874361
0.527819
0.577911
0.819356
1.362198
1.326930
1.154613
1.170731
0.476055
1.286349
0.711665
0.470252
0.692885
0.165365
0.888917
0.748387
0.321579
0.467857
1.116546
0.651009
1.264335
0.646580
0.827025
0.785223
0.783879
0.443756
1.626369
0.503625
0.500730
0.980445
0.636975
1.176486
0.556530
0.554464
0.421578
0.880451
1.144447
0.937646
0.564050
0.541924
0.917916
1.406009
0.860427
0.192954
0.649993
0.538336
1.097199
1.129502
0.570534
0.994976
0.663148
1.169591
0.945618
0.623071
0.829201
0.548652
1.034219
0.760686
0.585507
0.679711
0.931257
0.412743
0.372163
1.321470
1.046040
0.300954
1.297358
0.835426
0.674284
0.552959
0.484946
0.718806
0.928597
1.581386
1.569061
0.612135
0.988024
0.336260
0.708629
0.922086
0.816831
0.608738
0.593253
1.437464
0.514782
0.855244
0.830456
0.945552
0.323368
0.695145
0.556219
0.645931
1.202206
0.883342
1.201509
1.003617
0.914656
0.493540
0.708636
0.951123
0.691757
0.487579
0.705035
0.678960
1.476840
0.545636
1.380942
0.958806
1.397565
1.338285
0.884700
0.503875
1.108131
0.642771
0.761037
1.079003
0.688367
1.133413
0.512716
0.944701
1.241368
0.500688
0.672534
0.817642
0.442346
0.502264
0.815033
0.279423
0.436263
0.553202
0.941428
0.851873
0.997343
1.059515
1.067013
0.915671
1.329777
0.369215
0.402607
0.977482
1.020983
0.593147
0.501522
0.887677
0.363749
0.209884
1.096358
0.541166
1.021750
0.767791
1.247571
1.060022
0.526485
1.256242
0.285316
1.450051
0.414811
0.919527
0.535783
0.272610
1.245342
0.528334
0.646888
1.074783
1.011436
0.454689
1.054817
0.813987
0.625799
0.881328
0.957479
0.257155
1.618063
0.823916
0.323946
0.516679
0.511767
1.051395
1.016588
0.576279
1.025229
0.530814
0.850199
0.439907
0.986405
0.514790
1.054777
1.086808
0.434197
0.749094
0.559886
0.539819
0.384081
0.618272
0.362047
0.722197
1.167133
0.998941
0.453468
0.402709
0.822729
1.039765
0.902904
1.009639
0.768716
1.215561
0.624021
0.434990
0.789056
0.532432
1.253460
1.125134
0.489877
0.695875
0.327862
0.877440
0.531087
0.496081
0.803230
0.979278
0.914896
0.511128
0.825642
0.257809
0.443202
0.980362
1.069709
0.568231
0.941870
0.391045
1.209489
0.740755
1.250010
0.432563
0.358968
0.236522
1.035576
0.846945
0.932643
0.541295
0.609581
0.395781
0.932587
1.132774
0.369255
1.010258
0.712807
1.040166
1.187572
1.485543
0.850194
0.470694
0.493193
1.249269
1.078239
0.704561
1.173910
0.810185
0.583641
0.688824
1.231948
1.126980
0.848587
0.461331
0.930752
0.467931
0.610840
0.606238
0.894724
0.992124
0.949504
0.333259
1.039850
1.064029
0.617580
0.863041
0.815081
0.500929
0.966164
1.080179
0.432987
0.733508
0.390580
0.269746
0.554500
1.134697
0.616223
0.601604
1.126657
0.355037
0.999770
0.778610
1.250517
0.665665
0.574178
0.769908
0.783783
0.914087
1.183993
0.163628
1.233081
0.621210
1.157541
0.569112
1.571097
0.854582
1.155890
0.946465
0.694481
0.770194
0.756884
0.877635
0.725545
0.524608
0.115554
0.672876
0.815150
0.352182
1.050893
0.829515
0.815561
1.091006
0.962829
1.401294
1.295893
0.680783
0.719240
0.421951
0.832517
0.812161
1.363556
1.114056
1.245168
0.991352
0.364524
0.373463
0.697161
0.747488
1.103582
1.108598
1.081323
0.458886
0.804067
0.865181
0.312795
0.602840
1.161352
0.717169
1.082108
0.743048
0.335803
0.524942
1.630637
0.778624
0.788198
0.721528
0.584546
1.117842
1.173001
0.324038
0.731042
0.531948
0.770270
0.707736
0.957855
0.604006
1.179435
0.214175
0.749091
0.805272
0.684840
1.306392
1.192289
0.749452
0.793886
1.109916
0.391399
0.222089
0.449721
1.062422
0.916322
1.096596
0.670572
0.263828
1.093307
1.094555
1.298835
0.372923
0.724094
0.681888
0.854445
0.453176
0.838890
0.588479
0.866379
1.029350
0.962169
1.126278
0.899600
0.837173
1.231387
0.765873
0.718967
0.298942
0.322147
0.743683
0.607641
1.051715
0.506880
0.869349
0.568521
0.213350
1.240261
0.861493
1.241866
0.568519
0.730125
0.643997
0.774495
0.712531
0.660691
0.682724
0.463038
0.598902
0.641924
0.370471
0.364956
0.492940
0.422710
0.282051
1.411462
0.809325
0.436072
0.378312
0.347420
0.737892
0.604654
0.454536
0.254920
0.651839
0.833123
0.461797
0.981744
0.541452
0.486227
0.602472
0.595678
0.819274
0.510112
1.148310
0.889629
1.458747
1.039463
0.925703
0.296646
0.422730
0.461011
0.439660
0.648727
0.899589
0.738351
1.598210
0.988206
0.818247
0.494159
0.373706
1.083254
0.489404
0.510142
0.745145
1.151040
0.967224
0.734346
0.378741
0.825442
0.857430
0.936301
0.826612
0.698311
1.130899
0.465402
0.844872
0.770187
0.567216
0.355304
1.093869
0.909155
0.983614
0.975350
0.897403
0.317027
0.667899
0.376299
0.579823
1.616229
0.646912
0.868540
0.707851
0.949778
0.534679
0.493049
0.174302
1.003539
0.795441
0.506861
1.057323
0.770946
0.708280
0.667625
0.646276
0.528120
1.044461
0.332672
0.976261
0.499026
0.346404
0.482637
0.949440
0.836571
1.270122
1.305024
0.814836
0.527331
1.020094
0.355972
0.475110
1.043299
0.963960
1.051858
1.071459
0.036706
0.833229
0.541215
0.644039
0.411706
0.668783
1.031522
0.725087
0.509851
0.767861
0.461432
0.278892
0.730872
0.754983
0.551263
0.376096
0.521299
0.214188
1.001718
0.363444
0.623478
0.449206
0.661006
0.906598
0.596473
0.363175
0.513515
0.668548
0.667973
1.046767
0.734636
1.075001
0.844559
0.425887
1.100175
0.471105
0.830543
1.590748
0.602200
0.325635
0.452664
0.778010
0.334948
0.302207
0.329902
0.600698
0.597866
0.753853
0.789036
0.748774
0.834351
0.879711
0.807859
0.751226
0.709523
1.607749
1.041429
0.991521
0.557365
0.340965
0.734904
0.980432
1.498468
0.596900
0.927144
0.309150
0.643318
1.264477
0.492141
0.448227
1.008402
0.913483
0.351281
0.393489
1.060619
0.544071
1.123798
0.539178
0.584865
0.540161
0.953326
0.964422
1.111835
1.068749
0.565296
0.760962
0.535574
0.254990
1.107505
0.991199
0.981198
0.679507
1.071097
0.489753
0.555252
0.270421
0.860377
0.910290
0.815727
0.238459
0.215456
1.018778
0.897668
0.567063
0.691765
0.607104
0.481578
0.902413
1.126930
0.522446
1.068311
0.997980
0.238926
0.768568
0.697151
1.048170
1.008714
1.363440
0.663157
0.589373
0.410507
0.463798
1.529911
0.920772
0.657863
0.626840
1.270111
0.857213
0.544747
1.513037
0.424614
0.959875
0.396918
0.608872
0.217732
1.241932
0.243026
0.736745
0.719899
1.535978
0.513686
0.540944
0.459249
0.773110
0.875003
0.307129
0.561825
0.953248
0.554044
0.586295
0.480572
0.687152
0.540611
1.466758
0.674732
1.126380
0.531462
0.526990
0.372661
0.445637
0.760033
0.546566
1.015597
0.424126
0.829806
0.651507
0.639745
1.049698
0.647227
0.827279
0.383431
1.278304
0.858063
0.667435
1.075441
1.021663
0.813094
0.954281
0.295856
0.473671
0.758809
0.463204
0.854758
0.379762
0.815466
1.368598
0.731445
0.578606
0.591392
1.615038
0.663426
1.202425
0.764302
0.549504
0.852172
0.783621
0.923861
0.790479
0.887085
0.473215
0.835082
0.362903
0.421490
1.382337
0.504149
0.590168
1.097239
0.413232
0.573647
0.890258
0.577404
0.982771
0.765418
0.904662
1.295951
0.776587
0.867870
0.281494
0.691249
0.424578
1.057522
0.867776
0.360976
0.530470
0.713247
0.591808
0.557405
0.214063
0.598548
0.380001
0.565918
0.787894
0.497763
1.115796
1.246887
0.833771
0.423830
0.676707
0.654019
0.565045
0.849809
0.540781
0.802011
1.157904
0.665706
1.122223
0.323140
0.896436
0.343776
1.032849
0.760190
0.844835
0.570835
0.968779
0.847804
0.883701
1.066704
0.604428
0.355449
0.325382
0.742621
0.548705
0.969724
0.263527
1.000249
0.474421
1.169938
0.400530
0.190542
0.494362
0.726417
0.843355
1.187311
0.447146
0.334830
1.218578
1.045246
0.972178
0.819151
1.188396
0.684046
0.956210
0.609213
1.068656
0.535158
0.625665
0.543090
0.351022
0.846912
0.372196
0.978167
1.156582
1.013165
0.568404
0.378062
0.311997
0.292281
0.640017
0.335439
0.654045
0.320384
0.641257
0.743656
0.303312
0.452549
0.339706
0.710742
1.096908
0.690965
0.496812
0.963056
0.880067
0.762044
0.831513
1.164339
1.104984
0.087523
0.316077
0.920711
0.401938
0.642268
0.353509
0.471752
0.516380
0.912473
1.166276
0.603748
1.134236
1.468136
0.791585
1.179261
1.013711
1.233023
0.658982
0.952711
1.076843
1.065714
1.234700
0.638652
0.973660
0.225574
0.155583
0.448934
0.945708
0.635360
0.826666
0.356600
0.262312
0.478907
1.031879
0.611289
0.788013
0.527868
0.528555
0.536914
0.193494
0.864573
0.930532
0.470835
1.540308
1.125578
0.780736
0.627341
1.000272
1.240008
0.813115
0.990107
0.661223
0.578367
0.846377
0.307964
0.497825
1.039356
1.279451
0.354373
0.876083
0.749248
0.673342
0.682687
0.674544
0.815258
0.903921
1.068223
0.632762
0.627172
0.450385
1.256464
1.016751
0.781613
0.305896
0.709356
0.490088
1.179152
1.170017
1.089644
0.673394
1.028004
0.741670
0.456114
0.295787
0.668992
0.754658
0.590783
1.183825
0.888263
0.857241
0.812933
1.370450
0.545026
0.454404
0.794472
0.441391
1.063359
0.429219
0.792071
0.714470
0.467101
1.152325
1.212389
0.683201
0.142362
0.343783
0.932171
1.076023
0.648788
0.935960
0.693111
0.713597
1.183911
0.806192
0.972526
0.564920
0.575395
1.450816
0.706735
0.481942
1.018461
1.021985
0.091470
0.545859
1.493705
0.857032
0.461901
0.806378
0.682897
0.628254
0.927477
0.251316
0.868635
1.130472
0.522840
0.390863
0.730774
1.217716
0.473579
0.591737
0.269777
0.555987
0.458738
0.743513
0.995759
0.503109
0.244758
0.630985
0.533867
0.258968
0.565213
0.633022
0.906688
0.482695
1.123608
0.423787
1.042014
0.821003
0.615536
0.493633
1.022520
0.562433
1.392994
0.942015
0.558679
0.941450
1.189783
1.374495
0.612222
0.481515
0.127481
1.185159
0.853977
0.833604
0.648982
0.765768
0.512123
1.252180
0.654632
0.572965
0.797754
0.924595
0.183258
0.215192
0.743165
0.836167
0.627945
0.482388
1.169178
0.523957
0.584946
0.979714
0.670841
0.756598
0.250121
0.653810
1.415615
0.954285
0.632274
0.915013
0.619811
0.773868
1.273721
1.174534
0.599647
0.940260
0.879560
0.424456
0.535098
0.868190
0.276588
1.005520
0.880520
0.623489
1.360782
1.096691
0.240938
0.746054
0.592835
1.407005
0.794628
0.994204
1.002523
0.615478
0.583317
0.991109
0.475239
0.544098
0.701854
0.884447
0.907101
0.696064
1.534061
0.581504
0.364849
0.643652
0.693960
0.874086
0.294730
0.464013
0.361890
1.648077
1.314162
0.417118
0.453526
0.468305
0.574170
1.404451
0.667428
1.632462
0.769250
0.932572
0.705488
0.385391
0.246561
0.373915
0.279083
0.716659
1.398086
0.560748
0.989695
1.164092
0.409466
1.117333
0.447753
0.380575
1.232126
1.297775
1.096038
0.584856
0.798114
0.817444
0.781387
0.709612
0.545357
1.090325
0.926674
1.052222
0.767005
0.678162
0.643135
0.272777
0.952734
0.744367
0.522600
0.972761
0.304394
0.650964
1.457703
0.121001
0.765521
0.778163
1.200807
0.650269
0.373884
0.394973
0.716906
1.377282
0.681822
0.853832
0.254256
0.764871
0.980283
0.939163
0.566544
1.033387
0.387788
1.189969
0.585894
1.321880
1.120009
0.829569
0.787186
1.046071
0.597168
0.691298
1.063973
0.729947
0.867417
0.878845
1.233092
0.556292
0.218303
0.545759
0.436722
0.313797
0.575252
0.703453
0.306558
1.271691
0.234455
0.915201
0.132887
0.841254
0.474267
0.546576
0.601593
0.504015
1.131181
0.203582
0.801833
1.676467
0.853306
0.581818
0.586424
0.588978
0.652113
0.682586
1.425630
0.465576
0.722452
0.682524
0.453621
0.984750
0.671966
0.746850
0.265897
0.307099
0.925310
0.146491
0.811864
0.923457
0.908302
1.417523
0.407731
1.002482
0.449385
0.481140
0.470780
0.768165
0.953154
0.552104
0.311919
0.776486
0.463101
0.809041
0.947518
0.689917
0.401190
1.142068
0.880767
0.541341
0.402596
1.094882
0.888160
0.306492
1.216328
1.142516
0.729987
0.595688
0.550783
1.044039
0.678830
0.901130
0.494593
1.164873
0.620237
0.895969
0.879402
0.927275
1.220035
1.123453
0.990958
1.496854
1.232620
0.696635
0.894031
0.976910
0.515272
1.170431
1.113318
0.707502
1.089123
0.714429
0.772411
0.133445
0.316555
0.517139
0.337460
0.397314
1.036378
0.845087
0.446547
0.660154
1.020338
0.720509
0.442299
0.608656
0.719504
1.039448
1.104470
0.513377
0.372635
1.281015
0.901916
1.300582
0.792747
0.439265
1.168188
1.043178
0.552908
0.989380
1.002632
0.635326
0.593142
0.428608
0.719186
0.723621
0.584864
0.657894
1.324103
0.230614
0.812940
0.175275
0.904858
0.714334
0.578509
0.987269
1.051770
0.771777
0.310958
0.540323
0.548905
0.570864
0.389818
0.737841
0.602269
0.926611
0.947656
1.005977
0.823934
0.937761
0.543984
0.932047
1.177847
0.654808
0.538641
0.443467
0.632498
0.885119
0.309970
0.150966
0.688527
0.157544
0.546024
0.822966
0.274614
1.500077
0.932323
0.891528
0.686572
0.696989
0.228144
0.941588
0.824602
0.624894
0.685750
0.413934
1.019106
1.476713
0.688408
0.721049
0.667424
0.445026
1.547812
0.786731
0.163677
0.350780
0.419291
0.835003
0.780978
1.031695
1.106587
0.164287
0.895122
0.612186
1.129761
0.639460
0.897721
0.573774
1.020667
0.695245
1.224077
0.422209
0.699389
0.515960
0.922130
0.621648
0.921854
0.451036
0.777814
0.767388
0.785808
0.967902
0.872586
0.464406
0.840978
0.453401
1.085714
0.475051
1.476537
0.934160
0.976928
0.247189
0.796772
1.143740
0.892226
0.651876
0.977052
1.157848
0.927503
0.435686
0.375299
0.527917
0.484129
0.470401
0.776144
0.395760
0.833592
0.942266
0.452971
1.308876
1.079776
0.796607
1.294563
0.777721
0.693325
0.718649
0.991910
1.236109
0.418060
1.325312
0.641385
0.712482
0.656796
0.810534
0.607841
1.226087
0.536967
0.405047
0.815339
0.879934
0.635810
0.793797
0.641632
1.086887
0.959620
0.662571
0.994467
0.968548
0.536482
0.787006
0.510201
0.668241
0.900457
0.624327
0.939673
0.491380
0.353162
0.769742
0.756759
0.917849
0.723895
0.702745
0.741163
0.404156
0.208484
0.395656
0.483096
1.235316
0.491474
0.555823
0.349737
1.212376
1.022600
0.572317
0.864435
0.767567
1.105350
0.632856
0.965384
0.634327
0.778866
0.650917
0.499963
0.868568
0.803636
0.672245
1.113055
1.596192
0.485396
0.669284
1.407108
0.474868
0.432478
0.621550
0.376423
0.807374
0.881370
1.270589
0.372872
0.563335
1.341469
0.547619
0.533807
0.477656
0.735860
0.387594
0.813617
0.618402
0.628732
1.199498
1.422834
0.602876
0.741114
0.574032
1.028055
0.613475
0.064085
0.938285
0.706150
0.883803
0.741200
0.453201
1.091007
0.828093
0.675430
0.281476
0.755574
0.186257
0.877663
0.992016
0.689207
2.102277
0.789766
0.722111
0.370027
0.969419
0.618685
0.554598
0.570861
0.915042
0.529699
0.947386
1.052870
0.839063
0.455613
0.951695
0.801832
0.401586
0.904199
0.660286
0.933798
0.830637
0.514994
0.951460
0.721835
0.768005
0.889631
1.033443
0.484080
0.812547
0.749675
0.797321
0.105705
0.874943
0.983148
0.692535
0.564995
0.677014
0.541938
0.390203
0.347375
0.857891
1.182763
0.783900
0.323431
0.512172
0.320610
0.297254
1.011954
1.015143
0.961232
1.295986
0.500450
0.424476
0.698522
0.932109
0.701047
1.210831
0.448723
0.643619
1.336188
0.353714
1.147860
1.100217
0.291082
0.483625
0.657649
1.102901
0.692035
1.085656
0.375499
0.771833
0.739054
1.090091
1.078168
0.402655
0.816450
0.586999
0.635294
0.252023
0.411395
0.760870
0.734830
0.399700
1.091485
0.442967
0.506170
1.084016
0.284142
0.499770
0.271517
0.207652
0.494223
0.321806
0.714124
0.567126
0.913862
0.428947
0.639818
0.322295
0.984636
0.274735
0.347281
0.763664
0.752093
0.427207
1.084222
0.885865
0.795470
0.400231
0.652708
0.689313
0.931106
0.806095
0.601440
0.515299
0.644328
0.626700
0.710666
0.724642
0.895470
0.644464
0.874078
0.485995
0.194508
1.822363
0.775531
0.659065
0.770913
1.094465
1.063601
0.387029
0.564023
1.036508
0.515380
1.589321
1.007915
0.553549
0.719718
1.096014
1.199950
1.219834
0.564197
0.404045
0.327503
0.460418
0.854096
1.050081
0.748405
0.410382
1.032881
1.033362
0.860400
0.700025
0.484074
1.106708
0.607495
1.490395
0.173512
0.698680
0.828433
0.257519
0.416504
1.013790
0.763807
0.614718
0.685242
0.895626
0.419420
0.874788
1.049264
0.644902
0.589541
1.338365
0.329365
1.395263
0.692540
0.643974
1.175591
0.959367
0.286814
0.536049
0.757535
0.546815
0.549747
0.745062
0.396741
0.807437
0.711283
0.673919
0.630091
1.095704
0.600250
0.379252
1.161045
0.964757
0.481138
0.720091
0.886653
0.778973
1.302615
0.578914
0.118898
0.269682
1.296626
1.603845
0.605722
0.902277
0.164163
0.483916
0.612590
1.060367
0.668914
0.964136
1.505619
0.688979
0.501674
0.930048
0.448798
0.759911
0.978589
0.629990
0.374994
0.957525
0.937627
0.167826
0.676338
0.863929
0.672519
0.900233
0.697098
0.367325
0.638555
0.230776
1.373177
1.062407
0.113163
0.849486
1.402203
0.344581
0.848251
0.607495
0.742400
1.398026
0.773610
0.436533
0.550039
0.483573
0.702737
0.308790
0.285877
0.329052
0.279683
0.493311
0.910627
0.948937
0.684019
0.452476
0.662681
0.627118
1.188312
0.543460
0.928245
1.037834
0.707866
0.731282
0.929422
1.111795
0.710164
0.458618
1.179293
0.361959
0.633677
0.676068
0.962807
0.534000
0.372784
0.777944
0.573467
1.329825
0.719544
0.295662
0.942386
0.626070
0.840316
0.843098
0.770054
0.189257
1.099881
0.415284
0.513781
0.480802
0.215465
0.388052
0.155792
0.651938
0.905110
0.658621
0.613866
0.274227
0.559516
0.881736
0.619744
0.664970
0.802239
0.456702
0.962718
1.204790
0.374680
0.712604
0.565301
0.555510
0.901351
0.351276
1.149274
0.525049
1.008044
0.729349
0.701843
0.585697
0.946785
0.829128
0.672620
0.757979
0.439933
1.012557
0.778512
0.654099
1.683913
1.087137
0.474205
1.431460
0.647420
0.546785
1.140283
0.496216
0.469781
0.842815
0.640516
0.354995
0.728708
0.957442
0.986352
0.973982
0.530481
0.723737
0.127098
0.822799
0.451383
1.227267
0.352498
2.195698
0.986221
1.007150
0.727708
1.128792
0.933429
0.983432
1.070002
1.241710
0.440627
1.057801
0.322901
1.149150
1.231499
1.252200
1.536487
0.368440
0.964714
0.372333
1.180275
0.727831
0.187220
0.774847
0.626785
0.971389
0.607986
0.533619
1.402895
0.283584
1.202515
0.254017
0.561291
0.802253
0.946917
0.666443
0.563937
0.656963
0.362598
0.480070
0.422833
0.406049
0.777483
0.938705
0.943689
0.300854
0.604428
0.852546
0.725047
0.790757
0.384323
0.443434
1.435761
0.980404
1.453448
0.779988
0.723784
0.555188
0.990611
0.627259
0.871013
0.794850
0.675460
0.496622
0.094510
0.812912
1.161857
0.947670
1.079683
0.816291
0.878383
1.303852
0.447474
1.092028
0.452101
0.928822
0.429773
0.958163
0.753005
0.492601
1.088909
1.320326
1.288880
0.745082
0.568647
0.286972
0.742923
0.705137
0.633039
0.728601
0.803130
0.757041
1.207817
0.709947
0.659341
1.296919
0.408910
0.511324
1.022128
0.932721
1.718450
0.548188
0.967529
0.580475
0.813929
0.438913
1.082875
0.516819
1.199801
0.480177
0.925249
0.449449
0.682068
0.684358
0.760960
0.203155
0.867469
0.415450
0.533503
0.707028
0.835672
0.370646
0.773742
0.662503
0.461050
0.938439
1.230351
0.530277
0.730128
0.512579
0.923231
0.232181
0.582156
1.195238
0.533028
0.353359
1.267233
0.635408
0.672165
0.560699
0.548884
0.816996
0.546082
0.585068
0.653425
1.093656
0.947166
0.627569
0.896363
0.680179
1.194242
0.462102
0.834167
1.202926
0.580453
0.897902
0.614657
1.125943
1.025773
0.465370
1.037627
0.731484
0.729806
0.795877
0.909396
1.372797
0.703984
0.969170
0.586690
0.699812
0.927061
0.603868
0.741041
0.393309
0.850200
1.007002
0.971419
0.638054
0.639394
0.788386
0.595303
0.668689
0.571548
0.561318
0.274864
0.897830
0.470346
0.368981
0.733264
0.819864
0.790237
0.932832
0.778661
0.528590
0.544289
0.338510
0.504367
0.481231
0.721779
0.686534
0.698867
0.317249
0.470828
0.703114
0.387842
0.593510
0.730706
0.894187
1.017071
0.494556
0.758943
1.043535
0.769701
1.330050
1.288707
1.384203
0.507407
0.464939
1.133485
0.830502
0.845403
0.542183
0.323979
0.422345
1.246876
0.753536
1.014266
1.182672
0.758934
0.836060
0.451996
0.806585
0.856019
0.849652
0.406259
0.224926
0.562158
0.351793
0.768210
1.166209
0.505385
0.269949
0.944294
0.297159
0.684261
0.735057
0.315604
1.428820
0.728659
1.250193
0.980023
1.219230
0.443507
0.376772
0.319922
1.349965
0.809037
0.535316
1.190420
1.344086
1.243376
0.870966
0.564884
0.576471
0.655965
0.714825
0.313386
1.054570
0.912609
0.580849
0.806038
0.525661
0.599633
0.866177
0.679279
1.017048
0.713943
0.540941
1.181545
0.481880
0.698976
0.542055
0.879469
0.997277
0.940279
0.388557
0.451272
0.578397
0.580261
0.686511
0.132902
0.698276
1.146708
0.710921
0.768570
1.094488
0.634280
0.748396
1.394034
0.907004
1.035550
0.772696
0.778109
0.277649
0.329569
0.554982
0.735461
1.180895
0.536749
0.688240
0.655230
0.580801
0.616236
0.719628
0.704194
1.096491
0.121705
0.600240
0.449339
0.392069
0.463358
0.264182
0.943870
0.337826
1.230561
0.100874
1.031594
1.369685
0.569752
0.457507
1.101720
0.366949
0.629609
0.774152
0.514541
1.422759
0.821739
0.529226
0.555731
0.541530
0.381815
0.579743
0.235558
0.792941
0.503819
0.438165
0.987397
0.794226
0.607614
0.746097
0.446838
0.652250
1.261748
0.647844
1.205222
1.175139
1.085575
0.638424
0.404609
1.169659
0.836029
1.294057
0.569438
0.856598
0.743174
0.550326
1.598401
0.593190
0.865834
0.511885
0.374963
0.204746
0.181626
0.491966
1.207811
0.595963
0.453854
1.120797
0.608688
0.610558
1.024427
0.699773
0.695430
0.326397
0.224281
0.459759
0.665460
0.561335
0.923952
1.012046
0.685382
0.415829
0.825044
0.964674
1.207609
0.958507
0.478230
0.676028
0.199358
0.853698
0.533774
0.847344
0.634585
0.694178
0.126612
0.769531
0.763111
1.172587
0.205462
0.576720
0.539501
0.927230
1.137064
0.167118
0.670671
0.812818
0.698983
1.304057
1.001602
0.388481
0.972833
0.473076
1.103128
1.365376
0.504717
0.853101
0.534661
0.452896
1.569360
0.789081
0.837178
1.057301
0.750071
0.656291
0.868168
1.020316
0.525090
0.457019
0.255935
0.522722
0.865650
0.340267
0.873255
1.166364
0.470956
0.594382
0.682476
0.743903
1.049906
2.055043
0.498223
0.334045
1.345632
1.674667
0.678815
0.623528
0.738879
0.614511
0.686593
0.861843
0.888380
1.031909
1.011954
0.978443
0.869120
1.051965
0.413108
0.443172
0.980504
1.028472
1.049826
1.469478
0.137751
0.651453
0.399749
1.457832
1.536158
0.439112
0.564930
1.489135
0.806285
0.631966
0.402287
1.318431
0.762985
0.248115
0.346713
0.284284
0.881323
1.080330
0.453046
1.264046
1.201817
0.611767
0.151633
1.137923
0.731208
1.225535
0.782425
0.543268
0.537577
0.574720
0.974815
0.672045
0.292370
0.764809
1.222804
0.618295
0.655257
0.992657
0.551218
0.346468
0.493337
1.258548
0.402941
0.972372
0.927163
1.110684
0.581355
0.314486
0.615194
1.364447
0.795944
0.963796
0.575608
0.592177
0.754300
0.552745
0.781827
1.016632
0.735501
0.490815
0.346566
0.766958
1.025367
1.028063
0.685304
1.105935
0.754595
0.974236
1.094039
0.544954
1.469556
0.551016
1.070601
1.119865
0.769658
0.284842
0.494571
0.887951
0.871596
0.839008
0.217470
0.862290
1.057410
1.018912
0.468415
0.790574
1.105861
0.647734
0.734966
0.765896
0.767889
0.119413
0.862484
0.839716
0.554933
0.778910
0.767746
0.513910
0.609178
0.439232
0.675694
0.689935
0.591426
0.521094
0.472488
0.379485
0.946799
0.701511
1.223619
0.804871
1.140717
0.336435
0.464249
0.251667
0.142137
0.529319
0.884605
0.512556
0.653207
0.635352
0.812193
0.290956
0.967005
0.103364
0.895748
0.887946
0.736456
1.029351
0.084430
0.712116
0.616288
1.181523
0.973573
0.566605
1.333011
0.258099
0.302639
0.307486
0.466430
0.950134
0.270705
0.570134
0.401698
0.856410
0.231993
0.951754
0.546215
0.240541
0.301768
0.957963
1.408462
0.345920
0.921986
0.842713
0.654566
0.530894
0.770751
1.151056
0.980823
0.800465
0.992956
0.682917
0.624373
0.039952
0.417609
0.862457
0.887785
1.098327
0.613430
0.564242
0.919808
0.382492
1.030771
0.873103
0.489659
0.212710
0.720958
0.696463
0.528112
0.531590
0.162924
0.187647
0.422097
0.359913
0.577197
0.446864
0.374870
0.792414
0.719743
1.390523
0.856904
0.064239
1.545202
0.668282
0.785598
0.559783
0.343147
1.502521
0.612816
1.143465
0.801477
0.724266
0.626597
0.843600
0.975357
0.496838
0.557401
0.948804
0.741174
0.591063
0.984298
0.547913
0.414111
0.332750
1.208822
1.084868
0.635638
0.707689
0.629475
0.598504
0.384380
0.701552
0.892322
0.746979
0.696998
0.810914
0.476180
1.318408
0.711687
1.289019
0.941015
0.816392
0.552719
0.898040
0.646013
0.356531
0.520295
0.758913
1.389334
1.208356
0.283912
0.585011
0.293212
0.648166
0.233379
1.088587
0.956405
0.679492
0.921802
0.482705
0.811354
0.874904
0.892158
0.586510
0.918915
0.884803
1.008320
0.956696
0.588219
0.968051
1.121653
0.517477
0.613947
0.392518
1.002431
1.247988
0.590638
0.378372
0.798454
1.825587
1.053899
0.527382
1.029339
0.991166
0.752305
1.060421
0.888447
0.409919
0.954605
0.769216
1.048589
1.106570
1.033160
0.691645
0.515391
0.613038
0.724778
0.410861
0.719451
0.571615
0.875141
0.669626
0.681740
0.819040
0.768144
0.477873
0.757409
1.200329
0.645169
0.714056
0.584068
0.231983
0.881727
0.427427
0.720056
0.501081
1.054390
0.794324
1.396384
1.147516
0.328345
0.705780
0.518516
0.787818
1.577090
1.066210
0.470818
0.586554
1.427018
1.160218
0.329626
1.346531
0.502729
1.231321
0.825251
0.769253
0.807086
1.320631
0.655569
1.011393
0.952135
1.000406
0.740570
0.250974
0.465056
0.846412
0.458917
1.070154
0.466364
1.079646
1.268592
0.305178
0.961329
0.930640
0.524256
1.362300
1.185566
0.780060
0.652897
0.681402
0.866663
0.849612
0.962100
0.790006
0.663404
0.294598
1.259594
0.765190
0.642837
1.374895
0.548958
0.541476
0.603504
0.329289
1.449543
0.507692
0.430343
0.450357
0.869441
0.531314
1.351379
0.699501
0.757262
0.311953
1.046598
0.883844
1.041431
1.021579
1.196788
0.683677
0.261721
1.000825
1.175604
0.195191
0.635682
0.302848
0.678359
1.148072
0.882753
0.769831
0.532034
0.648286
1.192616
0.910951
0.629731
0.977026
1.228024
0.530186
1.009288
0.236966
0.652289
0.753319
0.891185
0.277353
0.992063
0.856947
0.861324
0.868582
0.652461
0.490499
0.752300
1.214134
0.716460
1.181700
0.273219
0.881601
0.861284
0.681750
0.120891
0.410085
0.835003
1.586400
0.276319
1.285794
1.682894
0.860930
0.906516
0.619490
0.593556
1.064967
1.219908
0.780350
0.318967
0.488147
0.964827
0.473735
0.638633
0.716898
0.630062
0.846581
0.377816
1.194657
0.506646
0.663956
0.925781
1.139177
0.835408
1.394824
0.257767
0.454440
0.956538
0.639722
1.054263
1.034851
0.940339
1.222975
0.618283
0.719718
0.809817
1.333555
0.728181
0.424077
0.974541
0.787462
0.950558
0.464078
0.555433
0.493268
0.542265
1.004328
0.546172
0.786932
0.263685
0.882155
0.102926
0.463620
0.872729
0.502267
0.373327
1.012051
0.258538
0.577337
0.360189
0.662396
1.866961
0.732937
0.422486
0.743589
1.152764
1.227155
1.225976
0.273344
0.379645
0.568448
0.674299
0.461449
0.720722
0.597930
0.708307
0.247588
0.198685
0.169624
0.960872
0.739752
0.242076
0.352863
1.112497
0.534133
0.586057
0.898868
0.345913
0.295119
0.710759
0.781910
0.849110
0.918428
1.189362
1.420442
0.620503
0.223750
0.673975
1.010785
0.189505
1.216555
0.946126
0.451786
0.708604
0.820393
0.856038
0.905021
0.351546
0.516088
0.466920
0.965028
1.007723
0.611106
0.964480
0.065550
0.875010
0.607593
0.517490
0.989270
1.275204
0.659110
0.885356
0.834670
0.559401
0.364943
1.366896
0.804524
0.602698
0.482320
0.936004
0.385711
0.617632
1.479384
0.722984
0.682482
0.523838
0.243248
0.626409
0.950139
1.130408
1.202890
0.806356
0.877222
1.473183
0.918973
0.307692
0.665781
0.895043
0.602365
0.947236
1.199672
0.736378
0.447618
0.462403
0.715420
1.172678
0.459830
1.558221
0.647778
0.751819
1.044733
1.174564
1.522550
0.464023
0.470068
0.343236
0.160417
1.236255
0.795846
1.065904
0.836189
0.823839
1.445686
0.529765
0.473544
0.252052
0.545055
0.844663
0.425882
0.455258
0.380472
1.625384
0.798705
1.004889
1.053087
0.621858
0.489998
0.606566
0.367819
0.668404
0.178969
0.784413
0.357510
0.842374
0.862641
0.686267
1.005959
0.766957
0.736472
0.547821
2.051159
0.393362
1.253551
0.573302
0.579453
0.945552
0.959416
0.536256
0.698513
0.898485
0.481822
0.719497
0.481071
0.524850
0.273598
0.840855
0.867009
0.857928
0.808472
0.495910
0.790232
0.617563
0.736518
0.754012
0.925746
0.742409
0.552756
0.747069
0.840680
1.328649
0.608660
1.117938
0.407500
0.232491
0.704564
0.760385
0.716052
0.578027
0.911885
0.572387
0.293783
1.311426
0.819229
0.739398
1.270535
0.418019
0.558610
1.190025
0.813775
0.704603
0.895025
0.940438
0.589903
0.680620
1.049839
0.751044
0.488911
1.106395
0.822874
0.249443
0.917568
1.129782
0.998723
0.526536
0.408439
0.747111
0.658539
0.360649
1.377544
0.308535
0.619088
0.853382
1.134637
0.592281
1.140502
0.617977
0.580358
0.869236
0.625970
0.657643
0.665834
0.857659
0.761697
0.524370
0.506731
0.531253
0.949724
0.936274
0.694674
0.893046
2.018360
0.346643
0.456950
0.968581
0.584706
0.626701
0.422266
0.379921
0.971132
1.117555
0.981423
0.121090
0.510185
1.287062
0.496438
0.325308
0.614583
0.439097
1.025332
0.827999
1.358903
0.907560
0.838553
0.463230
0.867255
0.768572
0.649893
0.622017
0.375367
1.218385
0.824041
0.734097
0.584900
0.316195
1.005085
0.874893
0.915316
0.995033
0.366957
1.253830
0.462350
0.504405
0.144200
1.030507
0.821124
0.833544
0.778506
1.018108
0.841591
0.455305
0.701267
0.803269
0.728088
0.743816
0.707269
0.735806
0.458610
1.229750
0.667430
0.279500
0.833685
0.840960
0.652592
0.707621
1.049314
1.435923
0.649635
0.570674
0.981008
1.192251
0.874157
0.707311
0.659540
1.093751
0.610733
0.371759
0.641962
0.112490
1.424644
0.329314
0.576275
0.460976
0.408945
0.898569
0.746590
0.338664
0.361561
1.057156
0.791543
0.334588
0.881227
0.448116
0.326289
0.453192
0.718731
0.956762
0.256856
0.739505
0.155966
0.517335
0.788608
0.735896
0.158860
0.707513
0.808114
0.280629
1.248703
0.293740
1.098827
0.604336
0.812049
0.681481
0.115171
1.078237
0.974024
0.310372
0.342766
0.243042
1.833153
0.913436
1.206330
0.974511
1.068980
0.915172
1.396569
0.817007
1.783677
0.737522
0.422900
0.532970
0.602012
0.544543
0.929616
0.670137
0.197978
0.477871
0.957647
1.171166
0.409368
1.249093
0.239235
0.758325
0.925135
0.650994
0.771646
0.535419
0.970586
1.189571
0.847748
0.669015
0.704593
1.065419
0.317073
1.066968
0.869376
0.334345
0.735108
1.175702
0.971059
0.260439
0.610750
1.202538
0.890575
1.001127
0.838289
0.972978
1.021096
0.700848
0.883534
0.446376
0.283494
0.407552
0.447466
0.335472
1.020818
0.839380
0.262314
0.944845
1.352025
0.534224
0.928365
0.493012
0.063322
0.477824
0.518314
0.428644
1.321954
0.534626
0.360221
0.630352
0.852379
1.201230
1.705698
0.883650
0.331244
0.199037
0.811559
0.926611
0.267286
0.961953
0.332470
0.546249
0.522005
0.876341
0.584359
1.052120
1.423279
0.551102
0.403159
0.563629
1.288587
0.388179
0.773835
0.855161
0.593091
0.756566
0.580461
0.760527
0.827344
0.994993
0.915758
0.755234
0.436190
0.914839
0.540352
0.515542
0.724584
0.648330
1.359145
0.348864
0.590456
0.750148
0.373915
0.222670
0.785354
1.361415
0.673281
0.993746
1.114566
0.943337
0.537165
0.759333
0.503789
0.658691
1.460518
0.838187
0.394921
1.360447
0.888022
0.686029
0.494483
0.497333
1.058104
0.854327
0.842642
0.421016
0.934146
0.737961
1.876178
0.561418
0.282338
0.590854
0.541616
1.010940
0.749623
0.907439
0.293525
0.448595
0.267976
0.659992
1.080007
0.398853
0.684683
0.424918
0.597970
0.829936
0.489191
0.269751
0.724874
0.458940
1.056162
0.601213
0.444797
0.960659
0.351704
0.691596
0.703159
0.573562
0.830675
0.265428
0.495219
0.580308
1.028851
0.830962
0.650547
0.418384
1.091863
0.695681
0.683360
0.388964
1.104112
0.864914
0.648786
0.263789
1.060463
0.458173
0.720865
1.122922
0.353921
1.069625
1.134127
1.054682
0.822789
0.493214
0.480527
0.975274
0.954194
0.903099
1.050512
1.201695
0.687953
0.403543
0.340883
0.702537
1.009618
1.132102
1.303870
0.303801
1.016783
1.351524
0.338746
0.928882
0.659064
0.743217
0.674811
0.651748
0.567371
1.192201
0.688082
0.587935
0.609998
0.219096
0.907376
1.431593
0.383004
0.447412
0.745640
1.011174
1.643622
0.372524
0.398924
1.266521
1.381444
0.989014
0.791052
1.690629
0.407601
0.835683
0.432137
0.582415
0.384095
0.554633
0.490625
1.001410
0.720407
1.067589
0.623649
0.488061
0.383319
0.971340
0.584908
1.197538
0.727282
0.398859
1.227076
0.835725
1.180082
0.927220
0.363865
0.975899
0.275554
0.404170
0.697568
0.662839
1.036529
1.200704
0.469211
0.570203
0.380482
0.597840
0.530892
1.277715
0.317688
0.677115
0.771341
0.344730
0.597115
1.308657
0.490443
1.161704
0.541992
1.183446
0.480274
1.094572
0.476641
0.745444
0.180158
0.206172
0.859395
1.193380
1.012228
0.627706
0.897647
1.227079
0.312809
0.732157
1.330303
0.235739
1.400031
0.575602
0.427210
0.382339
0.655343
1.535592
0.556639
0.737699
0.582930
0.961305
0.884266
1.050617
0.975302
1.064985
0.703042
1.304120
0.094247
0.432398
1.177346
1.183650
0.877924
1.210415
0.356170
0.280199
0.561348
0.556927
0.597137
0.984518
0.308093
0.637250
1.273610
0.968449
0.476182
0.818971
0.929780
1.421968
0.732581
0.655789
0.742210
1.661526
0.850992
1.242269
1.246560
0.756934
0.293668
0.780925
1.007007
0.622890
0.680138
0.370888
0.648929
0.771376
1.519121
1.078318
0.524496
0.200172
1.223257
0.399002
1.304802
0.238531
1.054508
0.671222
0.627275
0.500065
0.485103
1.680792
0.383014
0.941900
0.677560
0.750208
0.064880
0.540886
0.405923
0.965815
1.210240
1.096081
0.596731
0.392306
0.239201
0.508824
0.730785
0.449277
0.694147
0.160747
0.724208
0.680986
0.516637
0.232712
1.314269
0.386229
1.307424
0.716397
0.625224
0.591874
0.666432
1.064556
0.403906
0.243459
0.656114
0.712597
1.376185
0.718994
0.370505
1.079408
0.553878
0.964118
0.279835
0.341822
0.753163
1.257765
0.982475
0.647977
0.666307
0.829492
0.586900
0.772585
0.784336
0.327300
0.635198
0.462935
0.400434
0.323793
0.868247
0.607890
0.393745
0.402613
0.499004
0.470187
0.741208
0.749877
0.725604
0.481823
0.613347
0.537894
0.578835
0.660394
0.288782
0.691152
0.342853
0.095955
0.716692
0.915733
0.230457
0.823835
0.742751
0.586172
0.347394
0.747644
0.496955
0.389495
0.909709
0.655018
0.502331
0.382979
0.941790
0.509009
0.802500
0.871419
0.983859
0.249135
0.836551
1.095890
0.840526
0.561384
1.065374
0.824500
0.665593
0.374939
0.789519
1.066956
0.627702
0.745443
0.400008
0.816584
0.877548
0.402799
0.858920
0.880232
0.249266
0.698910
0.569782
0.834480
0.350704
0.504310
0.820514
0.335143
0.520287
0.888363
0.978195
0.966866
0.519545
0.446009
0.772292
0.906115
1.168679
0.908926
0.814400
0.547616
0.905159
0.587662
1.023276
0.278363
0.476489
1.090757
0.968289
0.631126
0.887035
0.879853
0.550702
0.701448
0.566365
0.598477
1.350825
1.597927
0.938840
1.049811
0.366794
0.513060
0.314314
0.081000
0.406691
0.366435
0.296591
0.779504
0.615235
1.093370
0.243370
0.510573
0.754647
0.441097
0.762210
0.827099
1.022964
0.407086
0.831451
0.578326
0.616409
0.575282
0.795946
0.814667
0.279357
1.207097
0.486394
0.929109
0.652206
1.048961
1.162909
0.493223
0.543518
0.775311
0.468706
1.062205
0.514818
1.022323
0.446048
0.746408
1.269563
0.435162
0.602122
0.982658
1.512535
0.943050
0.324184
0.568864
0.700215
0.824558
0.772426
0.501300
0.779400
0.495799
0.582425
0.516856
1.250992
1.403888
1.358938
0.724337
0.634130
0.413248
1.061943
0.535763
0.566936
1.357968
0.514401
0.536201
1.429952
1.058874
0.772803
0.632539
0.666484
0.869316
0.515925
0.503735
0.751003
0.707731
0.691714
0.885823
0.419870
0.682732
0.544059
0.885391
1.096605
1.265763
0.579628
0.937953
0.601996
1.052499
0.187281
0.606384
0.334450
0.967870
0.372362
0.404054
1.339345
0.428849
0.777226
0.882027
1.251763
0.349069
0.472949
1.038326
0.918168
0.724854
0.851389
1.548175
0.722297
0.659714
0.695682
0.588105
0.332852
0.389255
1.157453
0.423542
0.542895
1.152166
0.618774
0.138235
0.235410
0.772734
0.474359
0.734672
0.373845
0.115673
0.527348
0.555632
0.558907
0.913578
0.377125
0.682186
0.899254
1.113222
0.836484
1.068832
0.349197
0.885293
0.754005
1.252065
0.812817
0.500104
0.995635
1.406720
0.812221
1.086705
0.259769
0.933449
0.632842
0.667310
0.673390
0.353010
0.173462
0.720927
0.515839
0.716384
1.141868
0.960986
0.594737
1.005704
0.626128
0.470059
0.296550
0.988777
0.365835
0.299557
0.718894
0.757986
1.175745
0.784297
1.005044
0.586530
0.740985
1.254157
0.745147
0.389265
1.298486
0.679209
0.301741
0.753278
0.468658
0.480258
0.441402
1.274190
0.614642
0.609261
0.524456
1.101280
0.304851
0.814449
0.638188
1.298891
0.230924
1.253345
0.468426
0.255608
0.426608
0.628712
0.534463
0.985072
0.443161
0.213278
1.283238
0.939077
1.049931
0.856604
0.829649
0.383117
0.634585
1.350588
0.758896
0.514832
0.598015
0.717198
1.236912
0.655894
0.676835
0.558544
0.748435
1.334288
1.033682
0.528424
0.440753
0.831625
0.717887
0.834615
0.773189
0.584812
0.658079
0.923582
1.132084
0.600243
0.248137
0.468726
1.036075
0.607151
0.775075
0.771610
0.503879
0.758055
0.947861
0.868112
1.352104
0.762700
0.409241
0.948846
0.448818
0.418313
0.391274
0.396834
0.348562
0.457546
0.465838
0.441308
0.337765
0.947796
0.907214
0.314479
1.131497
0.253732
0.678961
0.963861
0.619041
1.205270
0.990474
0.407857
0.657302
0.768769
0.848278
0.576348
1.121597
0.774537
0.400030
0.712144
1.213837
0.405847
1.139524
0.399593
0.861252
0.549279
0.987136
0.211783
0.586289
0.922076
0.466347
0.337270
1.181131
0.508435
1.382974
0.557188
0.645315
0.575899
0.451328
0.671220
1.393659
0.591429
0.871603
0.495786
1.416775
1.064294
0.866665
1.068434
0.420704
0.669979
0.470698
0.444539
0.369973
0.925646
0.756166
0.407411
0.314132
0.302376
0.674831
1.001993
0.840619
0.540705
1.071758
0.758903
0.628405
0.719234
0.656742
0.393610
0.952326
0.635152
0.752201
0.526474
0.717805
0.929210
0.443295
0.608289
0.507666
0.985164
0.803314
0.353268
0.961222
0.330877
0.739045
1.117089
1.183693
0.625429
0.721902
0.774086
1.257143
0.816746
0.571145
0.351396
0.921110
0.877883
0.433366
0.629757
0.929474
0.828948
0.595997
0.533096
0.592644
1.036026
0.859034
0.645436
1.288887
0.392727
0.628998
0.758655
0.798395
1.170505
0.704903
0.333393
0.370459
1.298363
1.384316
0.187125
0.381839
1.144585
0.633007
1.118726
0.920735
0.524381
0.597160
0.585743
0.330643
0.678089
0.723554
0.419015
0.934368
0.590007
0.182419
0.222082
1.262440
0.250380
0.700869
0.432885
0.222102
0.318834
0.683093
0.832753
0.414224
0.690049
0.846860
1.001401
0.093516
0.931913
0.333935
0.520473
0.859342
0.714996
0.543303
0.946179
0.507002
0.939796
0.611663
0.278760
0.831784
0.565885
0.700175
0.563634
1.545820
1.292462
1.174495
1.198502
0.741089
0.914232
1.000409
0.209015
0.433326
0.222634
0.944042
0.930917
0.343187
0.719896
0.897882
0.863233
0.334411
0.931508
0.558119
0.402075
0.439046
0.790539
0.887686
0.220932
1.348970
0.679330
0.881259
1.086888
1.020053
1.520852
1.068426
1.253578
0.916308
0.691557
0.378713
0.755812
1.257229
0.557499
1.117129
0.340519
0.430560
0.871445
1.028574
0.433229
0.867066
0.883177
0.510238
0.187986
0.480744
0.690633
1.002136
0.517166
1.063585
1.346081
1.125352
1.137177
0.329669
0.836572
0.905494
0.891263
0.733349
0.868073
0.463446
0.424089
0.736324
0.358834
0.839041
0.719506
0.719363
0.125049
0.462686
0.647446
0.787277
1.442772
0.958422
0.979729
0.833092
0.942207
0.293681
0.943706
0.943103
0.944647
0.862386
1.213742
1.152441
1.538999
0.592968
0.538799
0.246302
0.729711
0.441545
1.131992
0.659577
0.992921
0.330186
0.672540
0.192609
0.626023
0.399831
0.507256
1.003612
0.859430
0.620503
1.267861
0.618982
0.907550
1.029563
0.579566
0.343643
0.296155
0.909882
1.066969
1.029879
1.269086
1.065351
0.942649
0.848790
0.303850
0.698097
0.976239
0.694617
0.697297
0.634323
0.317066
0.893790
1.167067
0.889356
0.854542
1.620937
0.716306
0.268806
1.277029
1.297686
1.397784
0.447561
0.545942
0.516366
0.516456
0.523518
1.255682
0.670865
0.421004
0.891810
0.734322
0.369529
1.099677
0.836145
1.398556
1.441578
0.875398
0.223699
0.897740
1.653596
0.772866
0.861397
0.146981
0.467561
0.973323
0.502239
0.745334
0.749058
0.344914
0.356660
0.349774
0.491409
1.046984
0.305727
1.100311
0.624928
0.863504
1.087371
0.986646
0.447338
0.777726
0.756084
0.603126
0.728587
0.527273
0.952806
0.796179
1.172494
0.275758
1.221851
1.204789
0.788862
1.087713
0.574372
0.731169
0.617709
0.554969
0.893559
0.247315
0.261292
0.767778
0.707124
0.634564
0.541885
0.674052
0.753772
0.392263
0.517270
0.515631
0.359391
0.845375
0.581278
1.512202
0.320470
0.933683
0.986284
0.273935
0.979033
0.667482
0.541433
1.257609
0.873810
0.679015
1.003962
0.978164
0.917677
0.373538
1.479129
1.077907
0.544062
0.768083
0.793636
1.116594
1.495270
0.247823
0.940721
0.534864
0.605135
0.794988
0.656027
0.436271
0.599586
0.921092
0.691591
0.499043
0.869674
0.431755
0.376182
0.446808
1.108019
0.442427
0.871642
0.502739
0.438063
0.782617
0.661277
0.847725
0.509205
1.036515
0.836471
0.763261
0.970040
1.117226
0.862693
1.126950
0.975691
1.503285
1.200745
0.756343
1.019811
0.315351
0.732316
0.535534
0.402896
0.640401
1.193006
0.566661
0.513947
1.058542
0.484666
0.403710
0.789262
0.299774
1.206949
0.438918
1.040336
0.894447
0.768511
0.064512
0.761369
0.818583
1.107443
0.419421
1.005198
1.105892
0.801894
0.558735
0.827476
0.751819
0.837902
0.554562
0.806054
0.852412
0.690775
0.907834
0.343788
0.563168
0.215614
0.921398
0.347127
0.405925
0.516691
0.936071
0.867287
0.908588
0.449653
0.868848
0.620757
0.619465
0.915866
0.329938
1.316451
0.808439
0.497072
0.600613
0.172589
0.598814
0.923216
0.817707
0.069728
0.451582
0.557228
1.054385
0.993477
1.089727
0.882499
0.557466
0.709076
0.374701
0.606035
0.342699
0.889084
1.055053
0.613853
0.881025
0.619838
0.784277
0.918767
0.687672
0.341291
0.898686
0.704722
0.445828
0.194392
0.713140
0.611434
1.144508
1.437083
0.965334
0.152489
0.736381
0.430535
1.100922
0.355783
0.640172
1.342069
0.604587
0.544720
1.165398
0.788165
0.650614
0.487954
0.206463
0.283919
1.220228
1.049686
0.350374
0.895746
0.585631
0.674053
0.960372
0.691165
0.899032
0.387921
0.514261
1.197727
0.811565
1.403339
0.570326
0.459249
0.947575
0.385879
0.312544
1.056597
1.081798
0.853990
0.421020
0.625445
1.738271
0.497467
0.603776
0.955186
0.270771
1.270756
0.764675
0.270973
0.343456
0.466259
1.387187
0.702827
0.478854
0.704585
0.442758
0.866008
0.654086
0.749705
0.485111
0.909694
0.675804
1.054619
0.583251
1.392774
1.580078
0.345865
0.355172
0.907354
0.998767
0.105913
0.960382
0.834385
0.558061
0.361472
0.191593
0.836674
0.653370
0.322731
0.705990
0.254982
0.683190
0.872782
0.670190
1.168981
0.485071
1.149398
0.329822
1.150258
0.481544
0.398570
0.652080
0.781282
0.327879
0.666226
1.063877
0.361947
0.727652
1.123352
0.647785
0.535850
1.126845
0.752068
0.686047
0.954193
0.960876
1.578090
1.037006
0.980955
0.598892
0.933059
0.914714
0.880844
0.295666
1.225671
1.125221
0.741360
0.628489
0.349018
0.288412
0.963908
0.598704
0.871848
0.734568
0.948271
0.887527
0.664695
1.012072
0.762635
0.751500
0.613899
0.756690
0.827717
0.734417
0.878401
1.149647
0.923704
0.378509
0.261485
1.039552
0.247218
0.760622
1.060779
0.857882
1.101621
0.710789
0.772819
1.031559
1.265882
1.068589
1.109833
0.603317
0.548105
0.805130
0.395048
1.147795
0.356174
0.994778
0.431611
1.001983
0.321469
0.691402
0.872849
0.522784
0.361792
1.038408
0.971005
0.634180
1.175701
0.784499
0.484259
0.780574
0.812518
0.747366
0.973810
0.492116
0.658825
0.852122
0.280133
0.928233
0.933288
0.475860
0.815194
0.805145
0.776878
1.007115
0.250512
0.579278
0.654232
0.927994
0.556370
0.548178
0.925094
0.242948
0.738539
0.694663
0.320547
1.165283
0.391404
0.908290
0.887733
0.545951
0.565053
0.557186
0.793797
1.213003
0.822942
0.380647
0.768794
0.734364
0.383049
1.334558
0.754802
0.789923
1.010673
0.310923
0.744415
0.858775
0.673493
0.772183
0.623195
0.713329
0.600412
0.647585
0.912224
0.734905
0.789099
0.680726
0.643555
0.853062
0.940100
0.211598
0.915845
0.921734
0.829777
0.336407
0.442777
0.805202
1.014467
0.676827
0.550695
0.688706
0.998679
0.724243
0.863423
0.547226
0.306774
0.609327
0.646381
0.297598
0.966840
1.018042
1.079772
0.877241
0.827332
1.128401
0.440047
0.806848
0.803409
0.849174
0.370352
0.149973
0.288785
0.857316
0.723391
0.812243
0.512785
0.703470
0.328503
1.453168
0.986707
0.315431
0.860985
0.188173
0.522834
0.339484
1.086241
0.687134
0.729129
1.556654
0.840093
0.916832
0.432715
1.301983
1.420867
1.115623
0.429015
0.564968
0.633081
0.528127
1.095533
1.010685
0.273667
0.535632
0.780007
0.735996
0.228527
0.581588
0.891804
0.689033
0.394248
1.292539
1.237574
0.217974
0.248826
0.673138
0.840176
0.883996
0.443346
1.280370
0.706312
1.225093
0.731177
0.443763
0.664856
0.920642
1.323304
1.125489
0.277659
1.112056
0.882149
0.698615
1.163231
1.286983
1.233943
0.607108
0.768193
1.188273
0.445360
0.741003
0.471912
0.710822
0.455585
0.464936
1.681347
0.567579
0.631801
0.526306
1.195617
0.840940
0.895331
0.504279
0.190237
0.504280
0.546191
0.721022
0.768589
0.665030
0.577410
0.690883
0.604851
0.229001
0.561958
1.100608
1.349566
1.011315
0.747314
1.273564
0.405320
0.267719
0.653056
0.943178
0.444211
0.883964
0.533872
0.300392
1.001757
0.708924
1.210262
0.886406
0.395641
1.051946
0.678015
0.322571
0.878358
0.620104
1.051293
0.935611
1.291817
0.330280
0.755891
0.956407
0.635969
0.588348
0.208270
1.073822
0.658421
1.080894
0.503363
0.763601
0.932255
0.433421
1.205252
0.376151
0.969712
0.654452
0.729032
1.155504
0.689815
0.806001
0.557497
0.674973
0.565721
0.443185
0.411413
0.360503
0.380356
0.830128
1.081926
0.620265
1.098664
1.087268
0.491817
0.654250
0.790878
0.352252
0.862565
1.218501
0.346995
0.460942
0.356924
1.068120
0.450862
1.032349
0.900981
1.144548
0.491542
0.900332
0.614234
1.718721
0.454189
0.175839
0.576089
1.308549
0.638659
0.904837
0.843000
1.687403
0.534157
0.370256
0.311647
1.018251
0.617750
0.589335
0.491309
0.827772
0.446869
0.885165
0.479226
1.000910
0.798026
0.365193
1.478507
1.768074
0.399265
0.527631
0.406847
0.818331
0.960892
0.736463
0.686330
0.693735
0.368396
0.345486
0.879972
0.926412
1.384711
0.861573
0.646790
0.708154
0.553814
0.177831
0.980990
0.777966
0.434612
0.461778
0.873349
1.027921
0.806221
0.539897
0.555747
0.724846
0.648410
0.736404
0.530077
0.764695
0.895053
0.517706
0.538395
0.469939
0.760070
0.827191
0.594556
0.681387
0.991873
0.289787
0.202372
0.635983
0.327158
0.130307
0.799634
0.641784
1.737692
0.297540
0.573675
0.651529
0.296696
0.859010
1.278771
0.909566
0.441319
0.437103
0.411565
0.402199
0.812957
0.735941
1.155391
0.316490
0.861307
0.793022
0.771241
0.657844
0.562152
1.442003
0.563516
0.873477
0.587739
0.156408
0.778765
0.446256
0.740375
0.833255
0.685239
0.520547
0.314826
0.852151
0.750548
0.726167
0.462695
0.707439
0.701498
0.606880
0.343070
0.584260
0.605035
0.567486
0.619499
1.110499
0.753628
1.463711
0.636000
0.541851
0.572693
0.956716
0.596999
1.271963
1.221415
0.408166
0.883050
0.360319
0.557168
0.367378
1.203060
0.806633
0.363629
0.367156
0.721045
1.160484
0.467177
1.061264
0.815941
0.498432
0.308414
0.387698
0.531960
0.577535
1.620091
0.744637
1.287950
0.841493
1.121792
0.420557
1.099739
0.360337
1.081374
0.581915
0.977755
1.214792
1.193240
1.044145
1.236991
0.777989
0.669415
0.552633
0.776079
0.362534
0.340378
1.074495
0.840376
0.857041
1.302773
0.580806
0.801753
1.240133
0.559124
0.512643
1.191739
0.980086
0.241139
1.214773
1.765882
0.801705
0.669145
0.297487
0.741391
0.804479
0.590720
0.370600
0.455842
0.659370
0.640280
1.243712
0.527006
0.321549
0.685991
0.949230
1.132715
0.807999
0.655182
0.714140
0.813239
0.728022
1.078630
1.137049
0.515986
0.452167
0.998262
1.309060
0.219979
0.469996
0.217967
0.936113
1.133921
1.359388
0.444765
0.521704
0.537642
1.440641
0.356947
0.363629
0.239188
0.649949
0.883343
0.662669
0.598040
0.901928
0.430959
0.521202
0.246456
0.742745
0.754714
1.452729
1.029074
0.592047
0.995829
0.543000
0.643261
1.237033
0.229629
1.113226
0.957806
0.590713
0.869451
0.447008
0.513925
0.801431
0.502506
0.595448
0.528251
0.607778
0.910244
0.990339
0.728471
0.920227
0.649220
0.628369
0.622184
0.455833
0.071098
0.898854
0.618728
0.564733
0.609938
0.698177
0.657529
0.840301
0.875287
0.749686
1.057055
1.200927
0.420173
0.665239
1.273539
0.784864
0.765821
1.116891
0.737665
0.506051
0.494172
0.517915
0.168969
0.973567
0.351904
0.162183
1.281827
0.934802
0.256554
0.422616
0.857907
0.582504
1.142298
0.327131
0.641975
0.657367
1.206065
0.893889
0.699842
0.405766
0.474963
0.602701
0.416872
0.887040
1.157625
0.889771
0.542666
0.910021
0.592735
1.037893
0.935115
1.066495
0.689936
0.738179
0.900219
0.927107
1.512028
0.350628
1.092090
0.719664
0.691394
0.636333
0.320703
1.036782
1.052364
0.439350
0.262993
0.529279
0.812632
1.098173
0.555501
0.572373
0.529928
1.229563
0.380834
0.321659
1.118748
0.290758
0.381836
0.296604
0.542550
1.043463
1.377843
1.269420
0.977245
0.492353
0.660532
0.344245
1.000368
0.472024
0.644447
0.689942
0.491987
0.445260
0.486974
0.723363
0.679188
0.550761
0.655210
1.184921
1.143125
1.017510
0.512548
0.421427
0.505452
1.446981
0.903307
0.573778
0.489547
0.136270
0.555878
0.606619
0.713661
0.877460
0.655886
0.608047
0.640095
1.141022
1.090828
0.985985
0.571078
0.332735
0.445226
0.541749
1.519534
0.804348
1.186001
1.480131
0.753917
1.490532
1.079700
0.759921
0.656084
1.234329
1.157451
0.681801
0.953908
0.485620
0.460190
1.364331
0.640918
1.436083
0.695188
0.848202
0.552930
0.239418
0.567504
1.001372
0.875436
0.798090
0.929595
0.495658
0.652622
1.003547
0.441132
0.613985
0.587879
0.735507
0.743712
1.033865
0.774427
0.588571
0.668795
1.014971
0.698981
1.044388
0.896646
0.542364
0.331498
0.714730
0.384836
1.199003
0.833894
0.949798
1.063789
0.554156
0.316894
0.482706
1.019506
1.178582
0.863191
1.430762
0.876080
0.955170
0.815567
1.257903
0.595749
0.492977
1.265335
1.170246
0.415433
0.550206
0.237132
0.980710
0.761263
0.673890
0.816875
0.693645
0.284441
0.808347
0.143700
0.827123
0.111412
0.325842
0.940572
0.329163
0.734189
0.881810
0.626067
0.785631
0.457992
0.856587
0.550669
0.612338
0.962873
0.763248
0.790800
0.605747
0.207995
1.279819
0.698993
1.739997
0.780992
0.480105
1.310959
0.493714
0.218274
1.008738
0.935919
0.404606
1.117604
0.595314
1.567894
0.772343
0.682217
0.849140
1.029530
0.820356
0.701197
0.415009
0.623420
0.983581
0.463620
1.006602
0.753691
0.196919
0.657571
1.211394
0.607481
0.239190
0.649731
0.454159
0.631916
0.102457
0.286473
0.361306
0.173878
1.889110
0.837755
1.226100
0.216782
0.369028
0.625164
1.358547
0.394674
0.437323
0.385770
1.060885
1.159825
0.555693
1.035416
0.863772
1.171982
0.690686
0.919021
0.598490
0.231674
0.857050
1.776344
0.622201
0.365031
1.139553
0.079591
0.292688
0.713689
0.572194
0.733451
0.742236
1.029646
0.676325
1.459112
0.769858
0.493928
0.541005
0.270841
0.076685
0.304047
1.052705
0.572374
0.843431
1.106468
0.892350
0.952763
0.586470
0.856758
1.042874
0.983121
1.202243
0.455796
1.192831
0.487555
1.011329
0.645770
0.759348
0.454837
0.346901
0.422433
0.735984
0.565999
1.005534
0.371436
0.520060
0.962394
0.288558
0.663209
0.690684
0.286950
0.945770
0.644254
1.529454
0.800923
0.676070
0.557161
0.422905
0.572400
1.111891
0.388312
0.481457
0.565954
1.165195
0.309007
0.389417
0.589432
0.971001
0.934488
0.433799
0.212506
0.307222
0.910267
0.202919
0.594578
0.316871
0.585809
0.843428
0.823633
0.815028
0.633588
0.483331
1.100429
0.690035
0.978620
0.569281
0.272612
0.185638
0.567884
0.679612
0.461039
1.332941
0.682173
0.672059
1.045727
0.393753
0.955980
0.522494
0.144699
1.071405
0.760145
0.389866
0.657664
1.153296
1.523968
0.781291
1.108145
0.769366
0.595387
0.775046
1.381271
0.469956
0.852689
1.162386
1.243504
0.760852
0.546912
0.581823
0.521545
0.970327
0.466005
0.823521
1.339257
0.422892
1.362454
0.399646
0.730007
0.552559
0.070208
1.455428
0.769220
0.856721
0.784907
0.527416
1.004272
0.688625
0.976490
0.607214
0.926237
1.406830
0.502515
0.846442
0.436138
0.879348
0.835635
0.645230
0.759864
1.313692
0.680845
0.710798
0.373475
0.771722
0.608744
1.389276
1.240077
0.414632
1.092722
1.175316
0.866017
0.912281
0.984291
1.173440
0.310849
0.645360
1.305195
0.267230
0.323593
0.416284
1.036461
0.592253
0.645262
1.234152
0.563686
1.660844
0.357030
0.424589
0.352079
0.815532
0.085509
0.283177
0.966512
0.486583
0.528080
0.718564
0.905755
0.715722
0.857707
0.252688
0.573300
0.779697
0.780815
0.825204
0.769970
0.602698
0.708586
0.271782
0.604670
0.395958
0.708816
0.315718
0.732987
0.755058
0.751738
1.251080
0.727586
0.850012
0.492760
0.948577
0.557144
0.383927
0.822802
0.329745
0.401809
1.163975
0.567137
1.194313
0.207261
0.797713
1.653619
0.430496
0.411165
0.670001
1.064837
0.884582
0.891750
1.008167
1.208505
0.866855
0.522136
0.128057
0.963107
0.785830
0.734185
0.305132
0.701557
0.974449
0.899198
0.547815
0.733915
0.944026
0.663565
0.902697
0.627981
0.780047
0.940001
1.083268
0.398863
0.117901
0.584350
0.423641
0.260388
0.779733
0.610147
0.751127
0.829068
0.690806
0.409873
1.109183
1.328596
0.381455
0.475271
0.605414
1.221818
1.181552
0.687043
0.693184
0.883431
0.883300
0.882384
0.393456
0.276111
1.039180
0.597928
0.354080
1.075626
0.824686
0.613032
0.276726
1.021488
0.709700
0.558513
0.442844
0.329427
0.827664
0.913387
1.029539
0.625263
0.706922
0.719697
0.769192
0.659758
0.796794
0.368687
0.985238
0.660592
0.849123
1.313536
0.979690
1.288306
1.090905
1.136434
0.541986
1.011842
0.540602
1.102715
0.556920
0.922736
0.686106
1.051342
0.711632
0.250247
0.743042
0.441514
0.781219
0.454780
0.637585
1.001276
0.703774
0.699492
0.912605
0.679348
0.610324
0.687304
0.279422
0.437999
1.250532
1.066308
0.844625
0.090053
0.183699
0.759258
0.549502
0.385368
0.938916
1.204433
0.647756
0.786794
0.372290
0.607058
0.713989
0.538021
0.883745
0.271707
0.840102
0.424547
1.119267
0.760837
0.801272
1.110611
0.403351
0.638835
0.902807
0.365430
0.846209
0.494272
0.465185
1.233657
1.020118
0.387081
1.022924
1.103577
0.480810
1.047823
0.815357
0.775289
0.333068
0.888197
0.638090
0.264579
0.706277
0.561453
1.374147
0.785640
0.626940
0.624513
0.639611
0.291928
0.817078
0.604968
0.426715
0.660781
0.299850
0.666545
0.506517
1.057929
0.770845
0.303967
1.146635
0.417724
0.457042
0.775377
1.342031
0.654403
0.773225
0.981479
0.906319
0.520834
0.933961
0.655411
0.326680
0.402309
0.873362
1.031962
0.320190
0.587394
0.904683
1.089811
0.938792
1.105419
0.418465
0.460770
0.484445
0.664058
0.468527
1.039625
0.839976
0.448043
0.650936
1.136220
1.138558
0.571444
0.305227
0.657795
0.895115
0.824531
0.491041
0.573549
0.947652
0.587635
1.199320
0.360003
1.188541
0.729879
0.186778
1.066677
0.275019
1.033693
0.707773
0.652591
0.576851
0.645085
0.968159
1.155779
0.803163
0.561915
0.639942
0.969488
0.623668
0.827606
0.579766
1.574469
0.032023
0.386827
1.043425
0.334059
0.913770
1.152148
0.618427
1.025550
1.043003
1.102094
1.216714
0.332086
1.215544
0.804932
0.344478
0.869922
0.303879
0.906043
1.003116
0.304865
0.318060
0.487648
0.435749
1.085889
0.377816
1.016195
0.241786
0.855353
0.581067
0.452792
0.909753
0.551074
0.755901
0.527594
1.100057
0.462964
0.534350
0.528666
0.163308
1.193892
0.972365
0.670364
0.413243
0.515014
0.132545
0.337846
0.851055
0.731871
0.939768
0.950169
1.289658
0.679613
0.424628
0.544099
0.844658
0.605278
0.826979
0.770061
1.224177
0.256146
0.689920
1.236431
1.018304
1.052206
0.888999
0.526445
0.731340
0.734249
0.843524
0.373351
0.729891
0.348568
0.668285
0.291874
0.693844
0.703095
0.307520
0.641518
0.610671
0.544519
1.013369
0.487365
0.459066
1.213574
0.736488
0.758795
0.252803
1.047644
0.998069
0.534592
0.601903
0.832933
0.451005
0.603199
0.523790
0.830646
0.732144
0.699701
0.451587
0.611624
0.719882
1.237784
0.656785
0.397106
1.035845
0.111035
1.083374
1.406325
0.542020
0.506505
0.986365
0.801444
0.647049
0.199419
0.266657
1.055881
0.418893
1.032880
0.315496
0.463855
1.512726
0.639268
0.280361
0.524871
1.096116
1.056259
0.851250
1.230746
1.298830
0.623337
0.586246
0.788342
0.961697
0.216775
0.394463
0.780138
0.417235
0.125338
0.525022
0.327500
0.539542
0.428177
1.083538
1.171318
1.607293
0.975207
0.320040
1.126692
0.844046
0.499129
0.605428
0.940269
0.545226
1.172502
0.631594
0.974453
0.875813
0.501233
0.694259
0.205991
0.189536
0.610677
0.851823
0.423804
0.908381
1.384281
0.782208
0.655332
0.793985
0.235334
0.597866
0.415944
0.495618
1.033648
1.330356
0.543242
0.711538
0.802334
1.127122
1.392863
1.346648
0.617366
0.952130
1.002295
0.768181
1.192638
0.628487
0.945724
0.232741
1.253372
0.707817
0.596079
1.085499
1.077099
0.744631
0.389933
0.880588
0.842549
0.692350
1.412349
1.372550
0.988079
0.970344
0.743305
0.602129
0.544082
0.071005
0.711070
0.283918
0.496649
1.004254
0.771683
0.683737
0.815443
0.856981
0.469421
0.331140
0.815286
0.591882
0.171606
0.551133
1.453156
0.591235
0.717135
0.864043
0.752208
0.808589
0.308314
0.753394
0.126058
0.523487
0.340805
1.093834
0.399144
0.300409
0.822462
0.736227
0.179732
0.078613
0.416582
0.358389
0.462379
0.965211
0.467985
1.225020
0.539351
0.473488
0.713958
0.373973
0.501875
0.857005
0.537713
0.990579
1.223042
1.058019
1.133742
1.038971
1.472324
0.338530
0.550151
0.568360
0.414069
1.419492
0.524478
1.123605
0.446207
0.528798
0.903149
0.889299
0.901673
0.883285
0.970225
0.497433
1.163311
0.379448
0.219214
0.878421
1.112551
0.464855
0.427285
1.033710
0.920903
0.596069
0.758856
0.813911
0.927197
0.724061
0.581229
0.182000
0.566999
0.538274
0.599532
1.153069
1.038037
0.711110
0.439613
0.373966
0.751747
0.767910
0.674387
0.579466
0.244334
0.752910
0.634174
0.697773
0.536152
0.891860
0.522586
0.580883
0.582674
1.007488
0.480153
0.658666
0.805472
0.212010
1.206010
0.790777
0.779384
0.560083
0.532170
1.167328
1.010775
0.530748
0.419328
0.826136
0.861003
1.190394
1.507682
0.907188
0.780393
0.827696
0.697493
0.954487
0.818620
0.822467
0.818282
0.466825
1.157290
1.020099
0.501468
0.387189
0.709311
0.637479
0.676245
0.713837
0.525756
1.404445
0.700938
0.671914
0.259387
0.684698
0.574349
0.546547
0.654953
0.934263
0.771544
0.666809
0.428207
0.690543
0.676626
0.371535
0.979605
0.384955
0.469833
0.245379
0.654389
0.240797
0.431790
0.370356
0.986754
0.412436
1.105578
1.014542
0.553121
1.087030
0.791988
0.693405
1.167496
0.613090
1.090834
0.513806
0.980038
1.099395
0.362275
0.886865
0.838769
0.381765
0.399720
0.725901
0.466067
0.941427
0.333349
0.730495
0.857963
0.646571
0.410327
0.580674
0.216723
0.773274
0.303729
0.847935
1.082178
1.025950
0.655672
1.247240
1.158098
0.718322
0.385763
0.779482
0.822072
0.600042
0.458680
1.077190
0.681581
0.758975
0.514995
1.611237
0.916330
1.062608
0.758071
1.180871
1.214143
0.294720
1.121025
0.235725
1.311518
0.226637
1.279378
0.588831
1.050249
0.555012
0.380875
1.174058
0.753908
1.012809
0.428856
0.488215
1.320624
0.323058
1.135517
0.733363
0.764544
1.116008
0.735576
0.758911
0.283269
1.141254
0.942916
0.808012
1.077036
0.707973
0.273286
0.637534
0.782657
1.505506
0.633157
0.532838
0.597791
0.497581
0.679944
0.925293
1.534353
0.346358
1.167516
0.865406
1.307225
0.334626
1.026601
0.968661
0.495236
0.459730
0.762555
1.120065
0.509416
0.312724
1.060143
0.783413
0.832665
1.005327
0.481933
0.247313
0.523232
0.421230
1.251252
0.541680
0.724809
0.492607
0.565930
0.729478
1.163466
0.968997
0.739863
0.610928
0.914402
0.850700
0.768046
0.549080
0.632070
1.003923
0.405689
0.187685
0.679230
0.809443
1.176571
0.382472
0.856560
1.068961
0.745795
1.252783
0.396705
0.581591
0.636070
0.376385
0.333489
0.668027
1.230677
0.634934
0.913656
0.505800
0.959019
0.852450
0.557841
1.239411
0.815612
0.842989
0.820555
0.499937
0.530803
0.402540
1.519706
1.137703
1.222172
0.654353
0.774805
0.570767
1.195103
0.704156
1.116905
0.897038
0.461908
1.030676
0.720437
0.299146
1.041207
1.222123
0.767614
1.414504
0.918167
0.423817
1.380263
0.508485
0.792560
0.953651
0.354282
0.991567
0.278309
0.340879
0.654442
0.583727
0.533570
1.014830
1.465047
1.070038
0.824494
0.387593
0.807560
0.641888
0.737060
0.847769
0.328883
0.360766
1.296633
0.771837
0.408910
0.533355
0.820157
1.280666
1.189416
0.928795
0.521300
0.546709
0.477785
0.602004
0.716713
1.344135
0.732335
0.690015
0.888670
1.557577
0.961283
0.239549
0.837578
0.875364
1.131822
1.460492
0.615208
0.685619
0.607088
0.627572
1.004892
0.526787
0.538636
0.618003
0.474375
0.644237
1.193961
0.508703
0.614913
1.369433
0.440678
1.471648
1.313706
1.046184
0.719399
0.561709
1.130103
0.664863
0.690398
1.436805
1.549649
0.408808
0.732867
0.545513
1.015524
0.412418
0.821215
1.018165
0.576141
0.200501
0.370120
0.705643
0.967304
0.783107
1.477279
1.067534
0.927912
0.514533
0.813523
0.944911
1.025850
0.074770
0.714403
1.166181
0.348929
0.645706
0.454639
1.190414
0.429126
0.790482
0.737746
0.890087
0.372965
0.616126
0.396643
0.709908
0.894845
0.936452
0.524053
1.085163
0.832575
0.522693
0.311461
0.266329
1.673272
0.545014
0.715041
0.654296
0.238431
0.895224
0.384613
0.991781
0.450874
0.498389
0.720430
0.548792
0.713003
0.337223
0.797600
1.044059
0.305983
0.964809
0.312761
0.726111
1.062657
0.483579
0.659799
0.850378
0.731580
1.399460
0.923151
0.475688
1.052257
0.575367
0.579007
1.001603
0.813277
1.128370
1.183966
0.514179
0.252435
0.514881
0.607564
0.707956
0.660313
0.751443
0.612087
0.760092
0.644631
0.460421
0.333291
0.701446
1.127760
0.835628
0.637962
0.509889
0.665311
0.905605
0.545750
0.676894
1.162208
0.305922
0.825949
0.652388
0.920266
0.958267
0.236251
0.703490
0.832630
0.716875
0.866149
0.602372
0.418878
0.804511
0.508456
0.733653
1.244740
0.454427
1.140886
1.023633
1.026614
0.441198
0.418768
0.754386
0.540862
1.209871
0.535014
0.689348
0.826391
1.000842
1.269654
0.451603
0.255523
0.587852
0.667152
0.493075
0.421179
0.597006
1.013901
1.357298
0.980444
1.102760
0.323140
0.563322
0.786172
0.211160
0.759560
0.386596
0.539084
0.452299
0.879706
0.859876
0.523948
0.307628
1.211470
1.439813
0.419036
0.991436
0.476885
0.400479
1.020456
0.967089
0.800903
0.624684
0.948153
0.947408
0.419645
1.020430
0.237429
1.034581
0.562849
0.881561
0.879245
0.662462
0.717055
0.455056
0.671285
0.754227
0.522079
0.939377
0.260310
0.650008
0.890797
0.616590
1.237638
0.792553
1.168434
1.164802
1.284898
0.683430
0.718940
0.628777
0.526680
0.394904
0.677710
0.784432
0.583564
0.449965
0.933472
0.483759
0.826901
0.691346
0.856791
0.852947
0.731443
0.700663
0.609064
0.471075
1.165570
0.858820
0.778597
1.145311
0.784096
0.563386
0.872689
1.480611
0.857296
1.108287
0.595560
1.006617
1.443438
0.947770
0.974870
0.947856
0.786847
1.039830
0.606046
1.035779
0.743218
0.467556
1.055084
0.615074
0.497189
0.533536
0.751805
0.412013
1.239554
0.593863
0.442819
0.450307
0.910769
1.066695
0.887921
1.086371
0.538120
0.733119
1.085782
0.501281
0.505884
0.772738
0.386377
0.161263
0.555385
0.706714
0.760314
1.132488
0.800328
0.882205
0.316901
0.712638
0.260477
0.932212
0.657409
0.604906
0.976399
0.649893
0.838022
0.679538
0.797157
0.974672
0.579084
1.273207
0.786348
0.500411
0.402397
0.291699
0.830058
0.883052
0.287442
0.646618
0.801888
0.319782
0.710165
0.556665
1.082635
1.748146
0.614361
0.598674
0.691954
0.573682
0.324890
0.392581
0.621248
0.574876
0.627157
0.630575
0.538722
0.976995
0.469902
0.921335
0.685749
0.079959
0.859977
0.805414
0.551380
1.437641
0.896017
0.191108
0.440763
0.626081
1.063786
0.501443
0.648149
0.728867
0.910696
1.073272
0.481713
0.818839
1.182084
0.281319
0.463659
0.499960
1.297289
0.588630
0.891108
0.753199
1.188806
0.905498
0.603864
0.321088
1.063459
0.600596
0.346457
1.143184
1.180939
1.525400
0.705454
1.368418
0.324008
0.575439
0.578117
1.061788
1.267370
0.793891
0.609879
0.977776
1.038282
1.036229
1.080309
0.667699
0.781656
1.094480
0.821083
1.069379
0.672723
0.608010
0.451770
0.707580
0.817680
1.588990
0.712685
0.794470
1.033809
0.931426
0.701690
0.873987
1.446669
0.916372
0.606330
1.284511
0.656423
0.995483
1.013733
0.850904
0.563260
1.327777
0.820725
0.213445
1.473588
0.195477
1.491052
0.998229
0.625314
1.127348
0.464097
0.345774
0.507426
1.602329
1.638886
1.225421
0.422091
0.867704
1.391775
0.800654
0.573068
0.747192
0.962614
0.915176
0.522050
0.366313
0.799199
0.608193
0.436963
0.395378
0.857425
0.794011
0.941095
0.954746
0.557393
0.525629
0.883377
0.949045
1.198479
0.959275
0.660342
0.472135
0.212236
0.770645
0.359282
1.339847
0.723458
0.474671
1.257843
0.483486
0.539109
0.954100
0.649229
0.951472
1.127188
0.866309
0.755871
0.806567
0.807764
0.993591
1.091425
0.827162
0.987764
0.626323
1.038493
0.511467
0.374510
0.991874
0.734687
0.618693
0.926541
0.912932
0.648739
0.560606
0.846471
0.327248
0.628168
0.882906
0.415326
1.202207
0.989576
1.117763
0.456631
0.746479
0.358796
0.689994
0.798641
0.275294
0.374698
0.809318
0.591855
0.835701
1.428396
0.722454
1.052742
0.780122
0.399183
0.801274
0.422168
0.567652
0.459909
1.295058
0.589989
1.043411
0.554270
0.137628
0.648359
0.401028
0.355857
0.304487
0.713521
0.666868
0.422883
0.621143
0.583482
1.598668
0.711706
0.411170
0.730642
0.579414
0.671126
0.849608
1.018607
1.105728
0.649494
0.981575
1.204283
0.732418
0.597112
0.409823
0.822625
0.641576
1.297339
1.076121
0.705347
0.580555
0.517841
0.889035
0.943105
0.539396
0.923336
1.148295
0.729561
0.821592
0.544999
1.011975
1.186493
0.663003
1.075938
0.733813
0.942877
0.480168
0.907904
0.639719
0.879171
0.426070
0.397714
1.133952
0.526204
0.219405
0.727738
0.154759
1.398568
0.319965
1.060304
0.441181
0.920702
0.168100
1.087946
0.571354
0.904103
0.296300
0.784498
0.883433
0.892480
0.934476
0.850392
0.503577
0.286547
0.250464
0.607684
0.903118
0.216836
0.430998
0.562893
0.730458
0.835943
0.906832
0.383464
0.522856
0.771276
0.602756
1.233127
0.886250
0.123300
0.872940
0.264706
0.816896
0.670987
1.438916
0.898310
1.154535
0.906597
0.425578
0.892877
0.386103
0.589565
0.064281
0.701677
1.259200
0.544749
0.583477
1.174624
0.887105
0.481973
0.389657
0.661497
1.043474
0.717680
0.395256
0.803519
1.023887
1.275093
1.050455
0.722825
0.262642
0.783252
0.771687
1.008983
0.864344
1.086917
0.522223
0.401224
0.916333
1.284220
1.276215
0.588846
1.054945
0.761202
0.245207
0.603850
0.289478
0.393754
0.336462
0.229420
0.481623
0.683555
1.205464
0.694296
1.702401
0.322809
1.172872
0.346781
0.281572
1.367574
0.751135
0.571035
0.424886
0.288259
0.311417
0.635096
0.589068
0.511064
0.519221
0.550132
0.484049
0.773421
0.589866
0.526317
1.103637
0.683010
0.986591
0.470878
0.590808
0.804426
0.396907
1.311175
0.661124
0.472678
0.779063
0.492967
1.126721
0.214510
1.068625
0.764232
0.950779
1.576196
0.286069
0.228430
0.534363
0.890025
0.533227
0.758719
0.298217
1.040408
0.458042
0.539001
1.092755
0.752565
0.490530
1.028961
1.320263
0.519913
0.415994
1.029868
0.835055
0.539167
0.431151
1.275066
0.429315
0.351652
0.830719
0.527157
0.839834
0.903840
0.549732
0.594629
1.104133
0.652492
0.323373
0.788541
0.610547
0.529367
0.742426
1.183045
0.329526
0.245361
0.480563
0.672459
0.505768
0.726034
0.573384
0.688276
0.535951
1.136337
0.865633
0.651815
0.846131
1.104428
0.637798
0.849947
0.769362
1.052649
0.980903
0.860148
0.662183
1.176191
1.272566
0.482854
0.570903
0.659676
0.488810
1.348658
1.000070
0.551252
1.064900
0.844360
1.136844
0.780204
0.962792
0.703516
0.285321
1.438101
0.940122
1.266442
1.140103
1.387986
0.760042
0.399455
0.766283
1.172978
0.436565
0.879988
0.583721
1.355869
0.701245
1.001449
1.218555
0.695486
0.550556
0.269223
0.479431
1.098132
0.574683
0.815601
0.656948
1.053897
1.207774
1.122512
0.586449
0.450629
0.542967
0.554084
0.947166
0.864544
0.798283
0.622456
0.626061
0.598597
1.024676
1.282708
0.525444
0.598229
0.797049
0.746073
0.928022
0.541886
1.062544
0.774322
0.503730
1.564879
0.222221
0.820926
1.183421
0.604278
0.660438
0.550029
0.333988
0.336818
1.076007
0.886463
0.755711
0.440177
0.855552
0.337705
1.120515
0.670332
0.167955
0.665349
0.504402
0.672326
0.735115
0.559101
0.512142
0.835653
0.986350
1.140805
1.205705
0.336410
0.528059
1.274533
1.152032
0.324058
0.599086
0.568714
0.873770
0.895923
0.525153
0.279914
0.315825
0.971574
0.648169
0.600778
0.755810
0.517934
1.321926
0.619891
0.610574
0.891265
0.820730
0.705935
1.292040
0.585629
0.126662
0.387843
1.041131
0.303150
0.409071
0.855021
1.129137
0.642861
0.622389
0.635967
1.146144
1.040426
0.472580
0.658208
0.378839
0.666418
1.208450
1.249910
0.717178
0.660287
0.104097
0.551193
0.963911
1.230363
0.677555
0.734947
0.425355
0.189045
1.231492
0.646869
0.879924
0.491783
0.865952
0.493699
0.758574
1.549473
1.183433
0.342236
1.068270
0.905285
0.742860
1.402109
1.033075
1.002585
0.811501
0.640403
0.903829
0.740056
0.734592
0.353070
0.750814
0.669108
0.370274
0.386615
1.085710
0.982132
0.420922
1.065781
0.322731
1.189204
0.698276
0.635613
1.000816
0.555880
0.751871
0.792950
1.007905
0.567542
1.538982
0.353654
0.218746
0.654602
0.324088
0.743886
1.085805
0.773164
0.118904
1.830544
0.276164
1.175785
0.334911
0.685172
0.761339
0.948495
1.236472
0.458857
0.844555
0.988232
0.606973
0.515895
0.952559
0.934562
0.563025
0.655628
0.572907
1.023531
0.409516
0.501685
1.373675
0.652932
0.712580
0.140508
1.234891
0.644386
0.276233
0.585742
1.430407
0.362420
0.358313
0.773087
0.887052
0.649959
1.493876
1.527258
0.838189
1.412350
0.767387
0.732431
0.538462
0.490707
0.549590
0.862450
0.733542
1.450357
0.602127
0.893696
0.974549
0.425003
0.762381
0.479845
0.835734
0.988465
1.110294
0.738419
1.216720
0.370206
0.233477
0.681143
0.920109
0.661031
0.708023
0.573276
0.558570
0.867420
0.384269
0.598886
0.728446
0.827250
0.433311
0.948649
1.615390
1.060678
0.659006
0.627249
0.445720
0.337602
0.893695
1.151917
1.124376
1.043728
0.588602
0.333735
0.946290
0.508605
0.605215
1.096341
0.866984
1.114333
1.197316
0.578724
1.218977
1.287816
1.065994
0.881928
0.204657
0.423446
0.158281
0.986839
0.641535
0.596695
0.397984
0.290363
1.364315
1.169058
0.857330
0.797301
0.485581
0.823881
0.786997
0.511148
0.611924
0.630011
0.900210
0.639173
1.240213
0.695699
0.563996
0.603888
0.272623
0.860319
1.258871
1.309298
0.873586
1.285195
0.604078
0.793679
0.604720
0.603867
1.014006
0.683104
0.549239
0.245463
1.269038
0.540546
0.751876
0.750411
0.686953
0.573384
0.415888
0.475225
0.817829
0.751834
0.851633
0.956604
0.623433
0.557580
0.793382
0.532122
0.646794
0.631468
0.471074
1.137656
0.657942
0.760023
0.904503
1.328292
1.085775
0.990809
0.223835
0.752991
0.946867
1.093788
0.443796
0.809735
0.764304
0.652399
0.945240
0.562413
0.655308
0.832242
0.367626
0.828914
0.559009
0.803977
1.288585
0.504583
0.490458
1.112721
0.696163
0.761680
1.234855
0.479931
0.128626
1.038822
0.750426
0.440107
0.608930
0.699635
0.285673
0.311359
0.538812
0.737861
1.119843
0.951108
0.911986
0.698767
0.778214
0.409802
1.040627
1.535729
0.574556
0.982987
0.946035
0.508755
0.584891
0.776074
1.263333
0.953387
0.289038
1.431579
0.771917
0.528167
0.217966
0.529438
0.674975
0.727777
0.430439
0.576174
0.358644
1.355620
1.432422
0.983195
0.395612
0.500138
0.841105
0.680754
0.600625
0.458225
0.390173
0.525421
0.586435
0.794000
0.746659
0.612567
0.630800
0.470982
0.241937
0.293059
0.771275
0.745298
0.261070
0.168465
0.286840
0.721819
0.275380
0.938863
1.217283
0.949045
0.667969
0.663276
0.532610
0.873386
1.409784
1.069087
0.707446
0.532277
0.451367
0.420501
0.707955
0.668360
0.362919
0.449089
0.245814
0.705495
0.172024
1.157709
0.670510
0.887532
1.740338
1.578328
0.453203
0.888223
1.075941
0.794374
0.831194
0.437697
0.858430
1.028695
0.790408
1.644761
0.934928
0.737137
1.216143
0.351032
0.977888
0.776304
1.048858
0.925151
1.231239
0.633706
0.642350
1.038647
0.911545
0.504000
0.363133
1.428038
0.927418
0.877297
1.155835
0.441829
0.491815
0.613556
0.244719
0.855133
0.661899
0.716843
0.791154
1.635881
0.551790
0.637752
0.288289
0.548007
0.444383
1.358792
1.012829
0.804898
0.729054
1.772867
0.574498
1.104865
0.397615
0.614357
0.590382
0.246436
0.682466
0.573339
0.763246
0.716458
1.254813
0.939255
0.875623
1.012492
0.789383
0.659508
0.958922
0.281052
1.113713
0.462540
0.441715
1.218112
1.031366
1.033402
0.660237
0.430069
0.428571
0.380693
1.331088
0.650890
0.706924
1.238151
0.347688
0.847357
0.272115
0.737708
0.735731
0.908913
0.600938
1.005587
0.829790
0.512062
0.910591
1.151841
0.926787
0.687842
0.785698
1.154588
0.452822
0.772353
0.431610
1.393736
0.432011
0.602398
1.355677
1.093367
1.010383
0.452737
0.475488
1.055830
1.404435
0.161199
0.867033
0.496087
0.452072
0.987950
0.201134
0.450218
0.870252
0.648756
0.446998
0.113937
1.477773
0.628275
0.765647
0.910070
0.426664
1.056655
0.884933
0.498977
0.618155
0.753166
0.466604
0.627754
1.377575
0.669806
0.533317
0.496494
0.119158
0.461571
0.601967
0.723744
0.443903
0.449504
0.553908
1.161437
1.528715
0.558262
0.596013
0.334850
0.425986
0.599742
0.915158
0.548673
0.801672
0.958618
0.722802
0.517567
0.813083
1.218776
0.714416
0.344016
0.653924
0.582516
0.579610
0.636903
0.538442
0.893432
0.687947
0.659463
0.767712
0.595021
0.777066
1.566125
0.626514
0.647921
1.277575
0.996603
0.819881
0.337083
0.601044
0.677171
0.456201
0.749073
0.386134
0.968794
0.299893
0.754822
0.739844
0.430138
1.056314
0.939311
0.370653
0.774483
0.785063
0.568967
0.917250
0.925044
0.893809
0.537075
0.158040
0.714302
1.105084
0.760708
0.607528
1.056438
0.660887
0.689559
0.209179
0.953156
1.306907
1.335554
1.251509
0.787133
0.537808
0.618928
0.808534
1.126688
0.247689
1.240475
0.999491
0.918113
0.550314
1.024375
0.505917
0.832506
1.526511
1.275905
1.144916
0.895291
0.842302
0.887028
0.822719
0.769148
0.588446
0.621564
0.847457
0.986220
1.296610
0.361804
0.428903
0.814878
0.793180
1.394482
0.524304
0.399495
0.589931
1.117138
0.753273
0.128538
1.164605
0.943803
1.069322
0.771321
0.856367
1.209309
1.118365
0.526199
0.795907
1.101621
0.545613
0.532191
0.849971
0.673468
0.574974
0.617634
0.506337
0.404517
1.192955
0.565507
0.756638
0.965795
0.951088
0.236426
0.681320
0.840758
0.415123
0.999314
0.868848
0.616747
0.651824
0.700147
0.966979
1.084072
0.296026
1.046864
0.518686
0.717492
0.888903
0.474870
1.071911
0.610900
0.770225
0.642185
0.930638
0.324229
0.990075
0.441966
0.434944
1.049271
1.635620
1.058847
1.078194
0.680664
0.884549
0.451742
0.448861
0.875591
1.014272
0.572662
0.504834
0.957106
0.974343
0.421571
0.395150
1.048199
1.003503
0.738478
0.814797
0.631255
0.472321
1.410220
0.621742
0.892786
0.925941
0.508986
0.771493
0.634463
0.593315
0.908705
0.155888
1.385167
1.169529
0.418639
0.514442
0.439579
1.261493
0.559442
0.291268
2.144750
0.596449
0.535163
0.379083
0.255516
1.268810
1.053070
0.713910
0.967371
1.089039
0.418814
0.535037
0.756956
1.246585
0.671785
0.601107
0.499197
0.685362
0.857626
0.635501
0.531095
1.152746
1.151828
1.182645
0.294203
0.945058
0.598325
0.702727
0.588211
0.137103
0.975954
1.023116
0.837892
0.695301
0.465515
0.861392
1.187957
0.456018
0.209604
0.655151
1.166406
0.768103
1.039403
0.627353
0.308506
0.514435
0.261152
0.487614
0.956638
1.218380
1.605487
1.095898
0.580200
0.400691
0.424956
0.549672
0.144109
0.400650
0.910154
1.450266
0.510030
0.745653
1.017458
0.935699
1.151678
0.568586
0.880868
0.400715
0.438906
1.109435
0.596369
0.966462
0.354506
0.453169
0.965678
0.918719
0.435989
0.421004
0.778806
0.918126
1.000195
0.704415
0.723520
0.536631
0.711335
1.035629
0.722520
0.676076
0.901348
0.858468
0.691992
0.725827
1.056202
0.697944
0.681175
0.822462
1.557921
0.682735
0.739655
1.197180
0.600992
1.803105
0.928645
0.637824
0.672901
0.337577
0.340311
0.631416
0.492660
0.386241
0.325874
0.653671
0.630150
0.803487
0.772483
1.103318
0.558784
0.307719
0.884395
0.772161
1.170260
0.546902
0.660303
1.131181
0.518144
0.551984
0.584850
0.300669
0.705087
0.071219
0.739447
0.353290
0.955156
0.547342
0.770860
0.068561
0.616464
0.641954
0.871733
0.794180
1.723549
0.664500
0.293098
0.579190
0.581027
0.623904
0.731597
0.409582
0.718139
1.118595
0.623116
0.367375
0.658315
0.735827
0.190928
0.968593
0.734103
1.560928
0.404696
1.008839
1.129395
0.909791
1.073518
0.496356
0.786256
0.741277
0.514127
0.666858
0.562492
0.653415
0.575565
0.455350
0.695041
0.558550
0.780503
0.451507
0.616529
1.226249
1.124525
0.578909
0.361374
0.747482
0.549240
0.342803
0.347980
0.966359
0.637642
1.230322
0.935317
0.178353
0.381565
0.218010
1.381529
1.048962
0.355856
0.655579
0.450434
0.757769
0.986709
0.302923
0.430387
1.197837
0.425378
0.855877
0.656239
0.958807
0.887598
0.788624
1.319162
0.825480
0.990221
0.571534
0.573096
0.453463
0.869084
0.869933
1.297055
0.668102
0.833592
0.529941
0.556805
0.270849
0.635089
0.496787
0.061455
0.404681
0.445339
1.021100
1.123233
0.732207
0.567675
0.929840
0.799081
0.918949
0.471738
1.125853
1.255861
0.902264
0.411274
0.498597
0.406845
0.721386
0.678381
0.944847
1.073038
1.054413
0.380598
0.958399
0.622028
0.757418
0.396684
1.051888
0.578691
0.788701
2.188925
0.255481
0.630620
0.742155
0.460832
0.985335
0.607121
0.788186
1.148678
0.680268
0.587541
0.493172
0.557681
1.001682
0.824991
0.952360
0.961502
1.080052
0.815673
0.845879
1.260634
1.069598
0.369196
1.023213
0.612166
1.139211
0.472294
1.401302
0.622513
1.013862
1.047587
1.546283
0.191063
0.828497
0.521052
0.745527
0.483983
1.472037
1.074325
0.722199
1.147589
0.797838
0.748647
0.857651
0.278493
0.954066
0.780903
0.701070
0.350231
1.489672
0.907300
1.045006
0.748217
0.957275
0.358078
0.401666
0.261245
0.621447
1.121464
0.784030
0.306138
0.972230
0.621491
0.556077
0.976605
0.889572
0.940584
1.280112
0.659068
0.315904
0.338740
0.363493
0.740211
0.221766
0.734003
0.607079
0.799097
0.776943
0.616309
0.848229
0.675099
0.823056
0.450857
0.597183
0.971992
0.963446
1.100736
0.951566
0.849539
0.722593
1.160012
0.870316
0.407443
0.586906
0.855562
0.395733
0.666211
0.295566
0.834045
0.736707
0.688778
0.487962
0.556492
0.707868
0.653534
0.753746
0.855304
1.021798
1.053657
0.613741
1.147106
1.018839
0.842506
0.836728
0.570921
0.343987
0.332184
0.180192
0.774819
0.589265
0.365500
1.165188
0.822115
0.926591
0.836572
0.781644
0.578364
1.096514
0.794797
0.676006
0.852871
0.491285
0.626724
0.160474
0.621732
0.633690
0.724702
1.096404
0.575390
0.345398
1.157180
0.327727
0.771723
0.678327
1.164762
0.434128
0.360303
0.551978
0.286565
0.994231
1.261563
0.831333
0.479190
0.868729
0.919927
1.099054
0.797276
0.658859
0.261835
0.501051
0.769434
1.049485
0.658425
0.458539
0.867206
0.983329
0.976816
0.547689
0.525713
0.644863
1.136737
0.404966
0.403591
0.113760
1.211667
0.221452
0.560792
0.759330
0.662520
0.572507
0.681667
0.578291
0.991953
1.175414
0.325802
0.858730
0.965002
0.471070
0.604230
1.030869
0.170710
0.750290
1.099967
1.027081
0.633449
0.416991
0.744138
0.700985
1.015888
0.947418
0.628920
0.804739
0.876287
0.590050
0.933126
0.235886
0.818506
0.661135
0.431427
0.568743
0.602513
0.930710
0.679871
0.411675
0.943822
0.458640
1.043665
0.382378
0.109229
1.040175
1.319405
1.356492
0.344687
0.572764
0.296805
0.500538
0.473630
0.515097
0.731335
0.737772
0.665814
1.080747
1.237069
0.433389
0.837737
0.838421
0.661989
0.776237
0.821797
0.542507
0.373443
0.996279
0.743402
1.146609
0.963334
0.789377
1.131111
0.371623
0.243371
0.704978
0.406969
0.890586
0.684318
0.315365
0.995004
0.353184
1.466607
1.088753
0.999891
0.823561
0.348843
0.223308
0.847748
0.640539
0.294580
0.669040
0.893835
1.059515
1.073340
0.483995
0.718618
0.836128
0.799561
0.596111
0.626298
0.387391
0.947181
1.102961
0.896456
0.874652
0.916625
0.977774
0.725352
0.054164
0.254217
0.486849
0.455723
0.659376
0.876552
1.027249
1.069961
0.623317
0.767213
0.397378
0.881267
0.907267
0.458569
0.383905
0.517599
0.787171
0.666290
0.632705
0.924388
0.577081
0.415376
1.446974
0.752514
0.866615
0.525955
1.144725
1.069272
1.001768
0.614643
0.734252
0.633279
0.445463
0.790419
1.143517
1.620538
0.616982
0.305793
1.008535
1.705232
0.593339
0.454889
0.926322
0.966412
0.420841
0.582031
0.521714
0.854059
0.726821
0.177727
0.814783
0.998378
0.710099
0.857376
1.555155
0.821510
0.753848
0.419933
0.564288
0.807824
1.457408
1.297789
0.637130
0.774196
0.393053
0.767147
0.693364
0.566499
0.594337
0.992730
0.221726
1.062617
0.769323
0.118661
0.406727
0.606691
0.901046
0.659177
0.709442
0.728304
1.719410
0.564846
0.852700
0.698512
1.753199
0.550966
0.525970
1.603959
0.465493
1.263395
0.404199
0.525809
1.019535
0.927925
1.029926
0.857783
0.859730
0.743631
1.003481
0.465698
0.221097
0.231306
0.791958
0.802054
1.071304
0.638367
1.099498
1.098594
0.610455
0.428216
0.728562
0.261036
1.063765
0.933710
0.331232
0.302909
0.693528
0.798256
0.479196
0.599062
0.711082
0.622157
0.744844
0.948798
0.829574
0.718234
0.767190
0.549861
1.020317
0.671979
0.731381
0.276567
0.594668
0.674516
0.236411
0.101612
0.527083
0.569576
0.412104
0.709428
1.012846
0.825669
1.465557
0.673265
0.892116
0.675627
0.739306
0.807516
0.994240
0.917404
0.559308
1.057358
0.579756
1.184494
0.973398
0.645594
0.691696
1.231803
0.545881
0.695699
0.515854
0.615446
0.639596
1.590758
0.909894
0.372327
0.588909
0.539680
0.560465
0.559635
0.596061
0.271961
0.527683
0.287288
0.493786
0.361351
0.998999
0.589100
0.502438
0.716660
0.789436
1.014813
0.443763
0.988152
0.636403
1.049109
0.667735
0.772679
0.988424
0.370828
1.350498
0.937546
0.539431
1.302619
1.125603
0.974147
0.427492
0.803181
0.677976
1.338424
0.275047
0.518117
0.359920
0.985535
0.218835
0.221549
0.364368
0.814699
0.981261
0.698604
0.571495
0.369556
1.171774
0.393010
1.162852
0.622105
0.528933
0.665069
0.675018
0.620063
0.780182
0.764876
0.989045
0.799806
1.104191
1.041613
0.802841
0.645453
0.374501
1.197605
1.158112
0.497560
0.667165
0.415715
0.260654
0.882513
0.775805
1.337251
0.894368
1.235638
0.970026
0.498893
0.803616
0.656661
0.829121
1.147491
0.481887
0.469644
0.804040
0.560950
0.665138
1.192667
0.747634
0.711394
0.711843
1.329228
1.186600
0.253980
0.190290
0.699830
0.483465
0.969682
1.396911
0.609800
1.171318
1.023932
0.976690
0.369883
1.123654
0.561706
0.750505
0.515841
0.934488
0.819388
0.785299
0.687269
0.953097
0.701539
0.935430
0.627525
0.797307
1.146589
1.058728
0.776741
0.931459
1.054795
0.694451
0.187268
1.023466
0.404775
0.897257
0.493386
0.572820
0.913467
0.853999
0.489521
1.280389
1.015359
0.640307
0.427052
0.885251
0.575690
1.164823
0.176275
0.966665
0.746407
1.163230
0.758944
0.658690
0.383314
1.399470
0.899932
0.990467
0.920970
1.036727
0.398568
0.549195
1.060428
0.064867
0.881822
0.815936
0.402420
0.764466
0.806640
0.528446
0.954767
0.434384
1.192354
0.932938
0.900576
0.242499
0.559601
0.728286
0.422520
0.402896
0.889693
0.354155
0.472120
1.029086
1.078782
0.946761
0.573742
0.721859
0.530082
1.121218
0.718490
0.821920
0.652278
0.577284
0.846398
0.222793
0.255070
1.113554
0.566337
0.877466
1.145321
0.805957
0.641432
1.314992
0.933290
0.739641
0.877627
0.695783
0.700957
0.351359
0.286189
0.490924
0.245110
0.706472
0.441463
0.301626
0.544851
1.495870
0.370902
0.827518
0.902246
1.029559
0.226590
1.294219
1.004747
0.377829
0.629760
0.587837
0.653139
0.848984
0.539850
1.296865
0.516693
0.678353
1.190476
0.830276
0.714667
0.300790
0.395299
0.099283
0.813928
1.183210
1.002162
0.370659
0.665650
0.755237
1.128011
0.283067
1.052600
0.665437
0.293429
0.773404
0.494199
1.442419
0.972328
0.992642
0.788339
0.516794
0.972537
0.478230
0.709578
1.250914
1.114896
0.933432
0.975712
0.881000
1.062047
0.367784
0.918344
0.972433
0.508789
0.857762
1.183830
0.622635
1.008591
0.560900
1.095272
1.797545
0.486176
0.581777
0.897629
0.751965
0.744440
0.971377
0.644656
1.039143
0.824300
0.821122
0.629094
0.638028
1.005206
0.828368
0.401526
0.169407
1.166954
0.576471
0.467007
1.241065
0.570135
0.855160
0.703928
0.244644
0.577503
1.158912
0.397907
0.268892
0.693978
0.334474
0.969908
0.645291
0.440963
0.411208
0.646140
0.964557
0.571799
0.450631
0.781977
0.834498
0.425783
1.387231
0.707626
1.304095
0.225703
0.723279
0.308558
0.321255
0.697683
1.401867
0.402302
0.320248
0.706872
0.746027
0.403771
0.343871
0.704725
0.777625
1.321393
0.849303
0.553761
0.686825
0.085371
0.742372
0.815077
0.762121
0.187090
0.561569
0.374865
0.627224
0.810073
0.384128
0.421556
1.572103
0.592597
0.240005
0.560515
0.377539
0.617832
0.912285
0.529509
0.738539
0.992550
0.606983
0.391916
0.847092
0.086766
0.607746
0.673189
0.843491
0.447059
0.871956
1.030801
0.919299
0.869762
0.501584
0.312835
1.220382
0.978255
0.411004
0.672018
0.648231
0.864942
0.462819
0.605197
0.673398
0.368000
0.600719
0.746048
0.999485
0.205581
0.593972
0.382402
0.821230
0.833042
0.486585
0.822719
0.463283
0.796508
0.572399
0.606404
0.880695
0.516589
0.201588
0.602928
0.722402
0.387536
0.449360
0.222682
0.640953
0.359469
1.083840
0.525786
0.613195
0.956465
0.923408
0.683883
1.191256
1.075687
1.007748
0.841633
0.720470
0.332246
0.990726
0.387761
0.801629
0.724172
0.197479
0.314175
0.810614
0.530479
0.591850
1.796136
0.618004
1.076903
0.416624
0.271536
0.224540
0.951783
0.449280
0.673166
0.333340
0.774092
0.972054
0.569222
0.441692
0.471819
0.896066
0.749163
1.252209
0.736997
0.672091
0.402712
0.406342
0.742303
0.425784
0.782646
1.046872
0.996175
0.650326
0.480764
0.954205
0.168261
0.791084
0.823837
0.481226
0.381646
0.582793
