0.989704
0.936707
0.670549
1.501809
0.894785
0.577793
1.135533
0.845432
1.395113
0.812514
0.659822
0.908952
0.940355
1.514885
1.124269
1.480207
0.875417
1.670522
1.281726
0.264546
1.097132
1.286482
1.171117
0.466722
0.797645
0.598233
0.771486
1.365454
0.970573
0.497456
0.978214
0.705589
0.901380
1.068157
1.147282
1.486358
0.498117
0.653471
0.591163
0.548664
1.249953
0.549329
0.881636
0.561402
1.102138
0.911349
1.433839
0.567137
1.060753
1.289260
1.176515
0.714948
0.377003
0.810635
1.524777
0.933984
0.398407
0.484389
1.175849
1.568960
0.928287
0.879074
0.376034
0.187852
0.905771
0.842054
1.099770
1.713308
1.310492
1.525880
1.015681
0.876542
0.485132
0.535001
1.496651
0.846795
0.158489
1.153498
0.717305
0.376221
0.561251
1.254104
1.088955
1.213362
0.848912
0.392266
0.730122
0.939325
1.111523
1.413618
0.748090
0.576966
0.254793
0.513583
1.539939
1.284254
0.757407
1.174993
0.942088
1.332396
0.793885
1.136253
1.130255
0.594604
1.150547
1.035358
0.769776
0.930515
0.608702
0.604877
0.941024
0.305167
1.116399
0.927228
0.990433
1.491631
1.030626
0.540000
0.783630
0.715537
0.934034
0.777652
0.764925
1.051377
1.008198
0.578993
0.999538
1.050825
0.393231
1.721360
1.378098
0.891666
0.299983
0.678466
0.842860
1.098956
1.097612
0.219697
1.612394
0.908896
0.575502
0.471311
0.659677
1.043575
0.872963
0.578655
0.754479
1.110514
0.789473
0.513985
0.379942
0.688895
0.533197
0.974454
1.068134
0.894587
0.601249
0.923659
0.491134
0.559753
0.615244
0.899938
1.157888
0.833334
1.422507
0.395271
1.860125
0.743924
0.690066
1.224543
0.381578
0.686183
0.993339
1.394284
0.501202
0.504051
1.495784
0.582140
0.696682
0.942161
1.603020
0.871161
0.117349
0.951301
0.735902
0.288736
1.123751
1.239612
0.997396
0.761070
0.435836
1.373432
0.267783
0.597842
0.449365
0.322370
0.615772
1.892575
1.204046
1.489214
1.714564
1.429105
1.021876
1.387539
1.566276
0.973485
1.189527
1.344600
0.442857
0.909196
0.887861
0.632511
1.180892
0.465965
1.158157
0.642302
0.722810
0.840828
0.773460
0.803216
1.414453
0.499291
1.084285
0.873831
0.413614
1.021900
0.907634
0.195082
1.000543
0.880488
1.534458
0.929617
1.798887
0.702532
1.188472
1.331076
0.911941
1.055712
0.460671
0.576846
0.966558
0.398336
0.891438
0.591982
1.176759
0.515612
0.707643
0.339616
1.411378
0.153378
1.149459
0.838785
1.591377
0.986607
0.972572
0.908668
0.640311
1.106321
0.866532
0.793926
1.244420
0.732226
0.535613
0.574050
1.022689
0.714873
0.749822
0.806619
0.272031
1.320974
1.088273
1.017500
1.799391
1.006672
1.496827
0.976329
0.442838
0.603480
0.563152
1.847405
1.456181
0.881201
0.461394
1.362395
0.277742
0.727078
1.501867
0.576811
0.799466
1.238654
0.515333
1.294032
0.976390
0.792641
1.157615
0.509628
1.019166
0.605911
0.978715
1.726039
1.199569
0.860108
1.034082
1.269896
0.523820
0.781078
0.503533
0.872901
1.042420
1.029610
0.203111
0.667540
0.762069
1.033439
0.638297
1.227477
1.295755
1.821072
0.925340
0.558106
1.107541
0.593010
1.396934
1.276572
0.564452
0.560923
1.241100
1.472182
0.268986
1.776178
1.117990
1.092691
1.266942
1.248101
1.198401
0.804753
0.769129
1.464351
0.967579
1.675142
1.433185
0.964888
0.207682
1.055864
0.860611
0.896997
1.424313
1.221975
0.399072
0.854325
0.756931
1.151662
0.476862
1.075030
1.078357
0.939679
1.326966
0.712670
0.654359
1.190112
0.718252
0.959896
1.268676
1.211996
0.647876
0.833969
0.640732
0.465544
1.089269
1.157089
0.732949
0.896492
0.882988
1.664439
1.227210
0.795401
1.223358
1.297193
1.875147
0.989181
0.965832
1.124273
0.850125
0.666143
0.955096
1.218283
0.553883
0.799148
0.434378
0.793691
0.949987
0.959410
0.153512
1.409300
0.181782
0.832800
0.797211
1.498286
1.015451
1.103968
0.427067
0.730399
1.215823
0.707558
0.892339
0.917749
1.104769
0.836599
0.798837
1.229865
0.383753
1.033201
0.876570
0.146502
0.530526
1.022777
1.233010
0.600399
0.480641
0.628308
0.775816
0.576514
0.129348
0.640490
1.152873
0.848379
0.262483
0.350928
1.228879
1.481859
0.644575
0.426293
0.920845
0.892224
1.508437
0.375744
1.333575
0.577788
0.226808
0.641165
1.110695
0.553115
0.584288
0.358645
0.743101
1.425719
0.461799
0.592476
0.851611
1.070548
1.216687
1.044786
0.930908
0.728209
0.911248
1.223754
1.729918
1.453657
1.324924
0.815928
1.054675
0.783846
1.285877
1.361385
0.781287
0.434380
0.647411
1.316717
0.890299
1.709147
0.405149
0.830256
0.588428
1.780848
0.707562
1.324201
0.388527
0.762751
0.964994
0.912002
1.517050
0.956292
0.825141
0.576592
0.717129
0.707236
0.520898
1.820889
0.883537
0.636735
0.478313
1.712453
1.410063
1.434550
0.872415
0.370672
0.239064
0.535494
0.947748
0.925872
0.623973
1.037438
0.796348
1.405792
0.669080
0.855786
1.070888
0.564830
0.531739
1.375877
0.508213
1.364842
1.202213
1.066947
0.478788
0.633267
1.412688
0.687432
0.379514
0.159008
1.190010
0.248701
1.499773
0.987190
0.822105
1.231589
0.476003
1.434291
0.927721
1.047170
0.395215
0.659237
1.687887
1.363188
1.233094
1.672357
0.456578
1.650571
1.084350
0.978858
0.613240
0.817027
0.723518
1.061231
1.537840
0.723597
1.259115
0.945397
0.517400
1.005312
0.608327
0.235751
0.735410
0.356407
0.978367
0.959378
1.203666
0.485482
1.190781
1.368545
1.074222
0.374933
0.659775
1.372190
0.243988
0.458024
1.462446
0.563482
1.098059
0.791248
0.720217
0.776286
0.892323
0.524730
0.994851
0.917498
0.430307
1.754424
0.886327
0.918595
0.473805
0.400720
1.552278
0.632299
0.747957
0.956617
0.569816
1.288862
1.055410
1.187796
0.816829
0.506549
1.488168
0.582427
0.526882
0.603426
1.323635
0.572568
1.151847
0.980697
0.710282
0.989450
0.633974
0.561823
0.817552
0.711914
1.126507
1.319979
1.329422
0.766478
0.313907
1.601315
0.639048
0.615288
0.454945
0.705524
0.702330
1.407187
0.713344
0.594648
1.166060
0.776598
1.303756
0.451795
0.291821
0.900149
0.778060
0.686076
0.907885
0.803382
1.110977
0.466066
1.169960
1.065438
0.913349
0.693594
0.552492
1.197329
1.523155
1.376639
0.598164
0.900433
1.141690
0.485538
1.132652
0.679583
1.379277
0.384480
0.882104
0.411358
0.601840
1.003692
0.855607
0.532612
1.378857
1.252121
0.890161
0.900893
0.523727
0.928409
1.428686
0.397569
2.000788
0.250206
0.600246
0.828808
0.806335
0.795901
0.677697
2.031185
0.913124
1.557156
0.764259
1.140671
1.329853
0.972584
0.648398
0.847373
0.817425
0.478027
0.836562
0.894861
1.028238
1.117876
0.746025
1.401115
0.767188
1.101068
0.536922
0.893128
0.728289
0.385197
1.326602
1.288012
0.707171
1.505058
0.333173
0.792696
1.115985
0.452386
0.700020
0.819109
1.728487
0.504134
0.989815
1.154385
1.124762
0.527501
0.449108
0.317570
0.517544
0.911115
0.307558
0.994230
1.430423
1.548435
0.691000
0.646468
1.675039
1.273857
1.651552
0.728703
1.380210
1.018939
0.410942
0.256167
1.182733
0.997188
1.032767
0.620546
0.516319
1.210534
1.253768
0.491330
0.495901
0.496854
0.694906
0.529739
1.170895
1.093217
0.991157
1.187322
0.713024
0.872326
1.200533
0.872891
0.558320
0.628380
0.577276
0.507393
1.727234
0.716046
1.224702
0.607157
0.843582
0.524585
1.020116
1.158401
0.992352
0.600005
0.682703
0.978825
1.203572
0.898023
0.271894
1.498036
0.411445
0.855246
0.723178
1.088286
1.075918
0.943088
0.880042
0.628503
1.287245
0.820481
1.512434
0.307988
1.054757
0.739683
0.918736
0.633377
1.192375
0.413105
0.450701
1.633618
0.265860
0.993683
0.901107
0.841557
1.012984
1.303378
1.126971
0.587216
1.052907
1.251079
0.505377
1.366186
0.760935
1.063436
1.412801
1.123964
1.570514
2.196393
0.715915
1.641954
0.323906
0.683072
1.125124
0.480930
0.745037
1.207135
1.560908
0.689120
1.212154
0.386143
1.180967
0.525990
0.799830
1.103039
0.734555
0.982818
0.592747
0.755668
0.657474
1.773468
1.429692
0.609687
1.082157
0.849145
1.679916
1.045944
1.012427
1.092063
0.442781
1.331521
0.462467
0.862436
0.799469
0.858631
0.618213
1.039142
0.845730
0.496985
0.539209
0.508021
1.308372
0.638831
0.591982
1.058010
0.072751
0.937853
0.995289
1.042724
1.464598
0.734584
1.532815
1.012887
1.368587
0.531678
1.446627
0.213869
0.925751
0.295928
0.778176
1.816440
0.960238
1.786685
1.729314
0.602767
0.451626
1.675459
1.029595
0.125991
1.148000
1.169428
0.759392
1.366272
0.962739
1.027496
1.278858
0.534782
0.876266
0.817702
0.854480
0.817454
1.262494
0.848866
0.355450
1.133440
0.928232
0.569949
0.233617
0.581775
1.008529
1.276324
0.331872
1.173557
1.405016
1.544545
0.947085
0.429841
0.934597
1.052367
0.654976
0.688072
0.774240
0.306648
0.845159
1.032856
1.106059
0.672494
1.256895
0.466753
0.448529
0.722572
0.852294
0.634479
1.684867
1.298068
0.836438
1.040860
1.693541
1.153118
0.628988
0.979306
0.770281
1.251361
0.713027
0.860971
0.999100
0.843404
0.165417
0.562211
0.622561
0.609943
0.869058
0.922593
0.910076
0.706641
0.920281
0.929043
0.781234
0.643559
0.371745
0.288925
1.812078
0.974588
1.075238
1.741149
1.114705
0.707240
1.058919
0.601258
1.262199
0.314720
0.361982
0.383064
0.812423
0.850130
0.412998
1.307994
0.783453
1.097490
0.882734
0.621224
0.513881
0.544105
0.610290
1.008823
0.834272
1.094461
0.691562
0.225621
1.417630
0.272041
0.182968
0.901229
0.782773
1.577582
0.913643
1.214856
1.513953
0.627785
0.426216
0.866154
0.798062
1.497024
1.175381
1.419187
0.568398
0.846213
0.920302
0.631216
0.262679
1.524083
0.656478
1.190488
0.959521
1.037762
0.766245
0.550411
1.474975
0.738388
0.804674
0.874562
1.539494
0.939788
1.176339
0.749876
0.614044
0.632260
0.726206
0.806523
0.538809
0.669865
0.754121
0.388206
1.101568
0.856040
0.426024
1.810090
1.134630
1.080122
1.265617
0.429294
0.409761
0.133370
0.807796
0.799072
0.433569
0.731525
1.074285
0.643809
0.964304
0.611269
0.921820
1.330568
1.048311
1.518422
1.243420
0.421686
0.864713
0.888821
0.487039
1.313235
1.093002
0.492767
1.099837
0.906182
1.510053
0.837926
1.166364
0.972968
0.622070
0.585293
1.345297
0.302390
1.088865
1.130009
0.640281
0.291625
0.751051
0.646763
1.362326
0.774852
0.877420
1.259460
0.916470
1.742284
0.905045
0.418535
0.816401
0.978328
0.632068
0.692425
0.603288
0.664447
1.249474
1.243823
1.790191
1.092173
0.695514
0.956446
1.272129
0.638696
0.615260
1.580427
2.136964
0.479771
1.328806
0.909031
1.044706
1.156166
0.035656
1.072989
1.020140
1.130752
0.875659
1.117753
1.155694
1.021833
1.327533
0.875270
1.316817
0.479580
0.514020
1.115780
1.162185
2.032884
0.992993
0.439604
0.532795
0.713482
1.089989
0.282212
0.483800
0.620256
1.378221
0.457614
0.506640
0.607738
0.756812
0.603395
0.534742
0.544252
0.479369
0.640680
0.796375
0.876228
0.709214
0.273143
0.787075
0.874588
0.841724
0.669077
0.466588
1.168951
0.446560
0.998689
0.990862
0.451369
1.408155
1.266073
1.575944
1.135889
1.071490
1.251877
1.899833
0.559801
1.076686
1.229245
0.875798
1.123109
0.361746
0.354551
0.625002
1.496594
1.904533
1.257737
0.134490
0.937986
0.385604
0.436153
1.358331
0.295194
0.961281
0.575977
1.147698
1.516923
0.542293
1.163331
0.974903
1.390141
0.520104
1.748868
1.363777
0.611583
0.871456
0.801858
1.071834
0.629463
0.966598
1.512043
1.578910
2.059016
1.368677
1.138813
1.154385
0.545837
1.272914
1.245424
0.440635
1.521765
0.730527
1.049146
1.246383
1.150453
0.716777
0.489421
1.015044
0.832304
1.490234
0.965880
0.847714
0.594895
1.150201
1.279457
1.119545
1.078898
1.376043
0.505565
0.600177
0.519254
0.981528
1.258015
1.433361
1.027602
0.823676
0.838799
0.912370
0.304194
0.825259
0.780052
1.259994
1.045360
0.984271
1.030901
0.802673
0.594690
0.557959
1.570062
0.660124
1.504199
0.721686
1.361196
1.137752
0.519513
0.815409
0.374346
1.389748
1.659847
0.793571
0.472693
1.625859
0.389972
0.926815
0.282728
0.610991
0.703652
0.565827
0.569560
2.198144
0.702821
0.854464
0.636698
1.225330
0.801505
1.153719
0.430414
1.905788
1.174826
1.008532
0.710236
0.573420
1.040824
0.336966
0.375862
0.645622
0.434132
0.318129
0.674975
0.604665
0.538454
0.873555
0.555402
0.729885
0.341813
0.770341
0.832489
1.584502
0.680078
0.514870
0.638903
1.025914
0.559269
0.781766
1.207145
1.276444
0.889541
0.244869
1.183604
0.577644
1.210281
1.141694
1.497195
0.367674
1.102586
1.014790
1.298005
0.656953
0.977180
1.237394
0.699489
1.078931
1.124554
0.786084
0.917161
0.454937
0.549476
1.075305
0.639619
1.015057
0.483740
0.279554
1.187182
1.441022
1.109009
1.339041
1.095159
0.913414
0.552661
0.358975
1.190820
1.136756
0.937142
1.142604
0.440530
0.978879
0.849913
0.383352
1.051682
0.473327
1.008849
0.923036
0.760076
0.984814
0.405376
0.799324
0.885557
0.633870
0.860431
1.005264
1.519844
0.782204
0.454776
0.884779
0.340316
0.384935
0.519937
1.370285
1.026495
0.793058
1.500155
0.770539
0.817146
0.905955
0.553329
1.195527
0.603179
0.717895
0.507134
1.428834
0.368916
0.888645
0.658688
0.665529
0.674619
1.193591
1.158503
0.764589
0.578889
0.664912
0.901575
0.819774
0.930081
0.879670
1.259593
0.685016
0.629645
0.864762
0.696271
0.866704
0.806157
0.972875
1.855851
1.264884
0.863394
1.618957
0.904325
0.886223
0.623595
1.183755
0.695617
0.967761
0.414249
0.623702
0.332120
1.589864
1.216775
0.697947
1.271958
1.630346
1.624717
0.714495
0.259418
0.562451
0.868399
0.757517
1.155292
1.512788
0.962003
0.665966
1.044588
1.036799
1.429589
0.722501
1.025315
0.525060
0.324879
1.309341
1.253880
0.462845
0.438149
0.928781
1.160439
1.042071
1.365561
0.453514
1.230154
0.140105
0.348163
0.824375
0.984995
0.714486
0.964726
1.743928
1.084230
1.405240
1.061248
0.508801
0.448646
1.325290
0.984020
1.136648
1.577304
1.070302
0.185311
0.896821
1.651735
0.748938
0.372446
1.221410
0.493983
0.554863
0.387474
1.133940
0.114601
0.249221
1.079747
1.462532
0.855007
1.419048
0.590229
0.836284
2.104022
1.147968
0.274954
0.560091
0.978434
0.940012
0.808001
1.355421
1.782327
0.349774
0.873080
1.655547
0.584321
0.763966
0.123820
0.650411
0.664952
0.747729
0.834248
0.385294
0.868970
0.643003
0.873895
1.000427
1.089882
1.010498
0.967576
0.789689
1.724355
0.898010
0.459780
1.151404
0.779551
0.817444
1.025998
0.620458
0.580572
1.029315
0.676712
0.453303
0.902756
0.779769
0.342452
0.576256
0.785186
0.845956
0.765415
0.391442
0.725543
0.542312
0.542788
1.652090
1.158961
0.879434
0.749133
0.325486
0.914758
0.981347
1.241587
0.800953
0.600686
0.794316
1.166590
0.846298
0.745047
0.811562
0.787851
0.451328
0.954537
0.548657
1.917337
0.692336
1.863733
1.349534
1.095479
0.691636
1.149523
1.332532
1.278795
1.090611
0.936332
1.263773
0.866813
1.752625
0.461928
1.280363
1.313460
0.955155
0.913776
0.687769
0.856383
1.006015
0.759675
1.072229
0.347015
0.221167
0.577574
1.550265
1.194840
0.505566
0.566438
1.307068
1.312708
0.694784
1.247375
1.190841
0.793512
0.784903
0.712872
0.477287
0.518626
0.779075
1.382216
0.536605
0.311981
0.503602
1.141441
0.556112
0.284931
0.900065
0.414461
1.455249
1.093298
0.517552
1.106576
0.638749
0.908451
1.367260
0.705244
1.242725
0.402651
0.934029
0.755139
0.844034
0.992261
1.698241
1.223864
1.623794
0.592537
0.664159
0.521421
0.643703
0.732873
0.273947
0.414913
1.026036
0.828135
0.263970
0.835321
0.766511
1.010463
0.636795
0.530224
0.347728
0.321209
0.637498
0.580712
0.705603
0.886142
0.440587
1.102249
0.753663
1.063020
0.518176
0.875600
1.154091
0.730725
1.604632
1.869144
0.988388
1.280753
0.479038
1.076350
0.626395
1.078366
0.664307
0.369408
0.541868
0.727655
0.844908
1.354204
0.738381
0.731575
0.656758
0.803761
1.516513
0.506946
1.259897
0.636462
0.731181
0.668440
0.796525
1.082024
0.543190
0.797146
0.989856
0.760735
0.999303
0.895799
0.883381
0.924500
0.810405
1.225622
1.526573
0.723220
1.184335
0.750450
0.349046
0.444848
1.073465
0.333171
1.711727
0.631347
1.829642
0.840247
0.279650
0.267958
1.585172
0.403142
0.291466
0.488487
0.753169
0.930208
1.297169
1.299322
0.584238
0.655174
0.576703
0.716272
0.560068
0.577390
0.968285
0.629299
0.654286
1.353898
0.881707
1.471269
1.564740
0.401176
0.857167
1.606903
1.232587
0.892684
1.614427
1.061949
0.946043
1.068100
1.617938
0.864293
1.149129
0.607495
0.670792
1.030103
0.655473
0.133352
0.834402
0.783398
0.620150
1.486742
0.537595
1.647842
0.495029
1.089655
0.606423
0.186491
1.049722
1.042115
1.599695
0.735274
0.782239
1.187668
1.055678
0.790814
0.976522
0.923837
0.923381
0.976846
0.905886
0.920442
0.719662
0.800720
0.682805
1.290064
1.062995
0.814357
0.855409
0.878345
0.724002
0.613810
0.842838
0.780982
0.392533
1.096701
0.763336
0.721293
0.552143
0.960023
0.525241
0.890489
0.768242
0.181796
0.661795
0.758272
0.732446
1.084941
1.240605
1.054842
0.907872
1.396757
0.682563
0.636081
0.672979
1.034473
0.389179
1.351317
0.852993
0.906855
1.678295
0.903130
2.087700
0.840167
1.345347
0.508961
0.788517
0.938789
0.742277
0.744827
0.376772
1.324643
0.356927
0.752029
0.969077
0.938458
0.644166
0.719840
1.459893
1.378066
0.582938
0.572756
0.922073
1.022749
0.980699
0.923549
1.225314
1.216834
0.450573
1.617212
0.556359
1.030839
0.576728
0.989525
1.523586
0.877345
0.799480
1.258172
0.925013
0.740027
0.225271
1.162504
0.689142
1.488730
0.373756
1.247275
0.460990
1.270177
1.567336
0.960378
0.351268
0.606645
1.112890
1.280115
0.562901
1.100537
1.076522
1.058009
0.998261
0.935810
1.455174
0.996603
0.606535
0.999722
1.073920
1.124521
0.507671
1.137593
0.820529
1.168382
1.591664
1.945992
0.439447
0.282347
1.107554
0.901047
0.713057
1.076770
0.502793
1.335964
0.665299
1.559861
1.201178
1.259792
1.188122
0.326207
0.542553
0.942984
1.018322
0.982748
0.611251
0.546804
0.994335
0.382747
1.504041
0.941940
1.121079
0.868590
1.446667
1.215094
1.172286
1.022470
0.583959
0.903497
1.061856
1.267553
0.488895
0.845211
1.182100
0.599939
0.771766
0.671888
0.878836
0.958271
0.587362
0.540431
0.774779
0.702561
0.788367
0.536532
0.884966
1.103858
0.997188
0.893643
0.977622
0.968061
0.634664
0.934885
1.022983
0.626687
1.238418
1.075177
0.601739
1.548160
1.054236
1.177228
1.022700
0.366990
0.907685
0.710195
0.689680
0.855068
1.098472
1.263954
0.527372
1.048160
0.795850
0.459279
1.337202
0.532515
0.541300
0.660710
1.667743
1.226185
0.583524
0.797724
1.625117
1.140808
1.893950
1.417256
0.813388
0.847395
0.639769
0.200676
1.183366
1.536577
1.386874
0.593012
0.826603
0.660401
1.153310
0.746011
1.223113
0.637927
1.498409
0.859208
0.559975
1.075788
1.580413
0.566679
0.840382
1.802486
0.289905
1.226702
0.774281
0.800877
0.422553
1.592491
0.857260
0.382069
0.668920
0.922290
1.097201
1.219107
0.656246
0.204544
0.832469
1.094019
0.610168
1.132317
0.529891
1.154322
1.496060
0.697917
1.162393
0.858996
0.684196
0.718685
0.509977
0.890951
0.187749
0.847361
0.657314
0.692082
0.827404
0.315823
1.351691
0.735148
0.957664
1.445985
1.476756
1.131224
1.172029
1.146467
1.243228
1.213502
0.453625
1.197309
0.533655
0.838087
0.893182
0.728975
1.484112
0.596656
1.061482
0.670145
0.446648
0.593421
0.819044
1.497264
0.806379
0.259362
0.761959
0.389630
1.123548
1.342568
0.862788
1.400273
0.463839
0.459811
0.881937
0.723495
0.886803
0.310869
0.496645
1.104903
0.388446
1.517459
1.044806
0.706466
0.393775
0.704274
0.665814
1.191126
1.448278
1.214280
1.044000
1.444252
0.751196
1.103411
0.870181
1.103798
0.403752
0.646711
1.073156
0.787793
0.584103
0.522997
0.657857
1.063013
1.163360
1.584428
0.722394
0.326994
0.665307
0.592206
1.184296
0.879917
1.258941
0.337074
0.776733
0.707953
0.917233
0.520523
0.476670
0.884698
1.257883
0.729671
0.870240
0.257114
0.663412
0.631111
1.124370
0.377984
0.477545
0.704802
1.057342
1.399311
1.295632
0.381226
0.488090
1.681981
0.419284
1.205856
1.326526
1.752102
1.391524
0.951624
0.364502
0.740554
0.797315
1.293930
1.389085
0.620369
0.892196
1.022496
1.110764
0.958982
0.150509
1.398792
1.300146
1.141005
0.379766
1.190583
1.312738
1.662771
0.626437
0.667287
0.485248
1.057263
1.044102
1.038627
0.274587
0.901095
1.284862
0.430739
0.850279
0.889823
0.817172
0.898625
1.859151
1.308495
0.977146
1.050760
1.008660
0.702726
0.536370
0.581126
0.617216
0.508160
0.172318
1.340122
0.739402
0.604840
0.555436
1.225191
1.528987
0.570141
0.227957
0.834663
1.124534
1.137355
0.470008
1.590882
0.493246
1.135722
0.810978
0.513939
1.764917
1.445139
1.130483
2.493727
1.374887
1.467029
0.838210
0.503791
1.119422
1.343048
0.766397
1.372348
0.994884
0.363141
0.241670
1.270578
0.717469
1.517101
0.788180
0.480866
0.970064
0.697057
1.167034
0.756096
0.776774
0.853068
0.952268
1.360192
1.009893
0.955954
1.185810
1.156402
0.780134
0.788379
0.917600
0.921386
0.514003
1.403167
0.510381
0.849279
0.387561
1.012568
1.047966
0.833632
1.398495
0.589213
1.534174
1.314975
0.802449
0.313951
1.020858
0.952373
1.263847
0.866520
0.950843
0.602709
1.070636
1.992998
1.064561
0.812983
0.738879
1.173563
0.754296
0.779059
0.514567
0.578585
1.036348
1.144072
0.661142
1.098816
0.891708
1.283106
0.642715
0.857619
1.142097
0.765977
0.951835
0.439536
0.903109
0.483041
0.616289
0.833940
0.201372
0.450610
1.265950
0.517080
0.768212
0.387330
0.699584
0.950856
0.749487
0.448764
0.812549
0.888325
1.669308
0.308996
1.335971
0.718215
0.853723
0.773687
0.734610
0.573087
1.690202
0.683492
1.261691
0.212920
0.888415
0.569863
2.013993
1.114198
0.952872
1.664166
1.228127
0.540237
1.080468
0.932652
0.327383
1.163989
1.431758
0.176852
1.157699
1.214076
0.840333
0.887862
1.041791
1.494505
1.140798
0.625622
1.356599
0.886217
0.719178
1.276923
0.523593
0.864420
1.008158
0.555920
0.567869
0.211101
0.714511
0.997460
0.686093
0.787894
0.887119
1.188238
0.846356
0.485851
0.568541
0.903481
0.907017
0.964097
1.421607
1.355195
0.617639
1.778136
0.379500
0.550713
0.355960
0.304590
0.657264
0.947538
1.445068
0.521361
0.633018
0.503491
0.411327
0.288075
0.499263
0.885078
0.903465
1.175514
0.224748
0.701460
0.304970
0.761864
0.770628
0.524508
0.286357
0.689815
0.423424
0.763176
1.228630
1.260182
1.430403
0.799494
0.924935
0.559201
0.772028
1.080188
0.824513
0.737208
0.442810
0.365005
0.977079
0.502636
1.139787
0.477587
1.183849
0.248848
0.568167
0.306318
0.606895
0.791264
1.043644
1.077691
2.057543
1.024481
1.070997
0.765450
1.159279
0.641716
0.563421
0.571443
0.406453
0.799445
1.550018
0.697620
0.879237
1.367688
0.711036
1.596571
1.356023
0.473459
0.336973
0.768805
0.937138
0.641458
0.664682
0.591285
0.498522
1.554629
0.818755
0.298459
1.114711
0.439383
0.994024
1.383050
0.532108
0.638619
0.693166
0.864258
0.480275
1.061068
0.708821
0.954190
0.676045
0.636762
0.736068
1.084632
1.197141
0.609944
0.614865
0.208248
0.799926
0.623206
0.498979
0.780417
0.743869
1.374608
0.457717
1.159139
0.857509
0.887755
0.454800
0.309522
0.521290
1.204352
0.452338
1.392155
0.764003
0.758171
0.825594
1.132172
0.523527
0.786867
0.917850
0.640081
1.224704
1.083967
0.415221
1.379173
0.814498
0.915268
0.771964
0.755560
1.050159
0.699263
1.333207
0.507474
1.281172
0.571534
0.343890
0.495050
0.405074
1.069301
0.468359
1.169225
0.295443
0.479656
0.794186
0.885296
0.885683
0.257849
1.231549
0.843187
1.668419
0.829810
1.325525
0.570225
0.609724
0.799232
0.628094
0.667809
0.783014
0.887985
0.808621
0.742127
1.189466
1.110898
0.707037
1.291601
0.399555
1.235257
0.700790
1.136623
0.533691
1.050364
1.086876
0.302984
0.841018
1.284962
0.675557
0.740035
0.149505
0.455763
0.727812
1.785839
0.243853
0.499904
1.084826
0.365505
1.123690
0.525270
0.772950
0.629304
0.453614
0.544767
0.629371
0.742770
0.491427
0.332019
1.278350
0.231772
0.320830
0.874983
1.002991
0.370659
0.419732
1.044956
0.796957
1.092490
0.529216
1.531125
0.690536
0.193360
1.610815
0.920575
0.703832
0.422983
0.900353
1.228115
0.539123
0.679895
1.403982
1.648993
0.664139
0.804803
1.106309
1.180034
0.522193
0.389798
0.643742
1.042252
0.606395
0.500378
0.812659
0.797162
0.498097
1.522951
0.524630
1.382280
0.710678
1.752753
1.192431
0.951460
0.586122
1.083688
0.358396
0.757317
0.731487
0.563581
0.844156
1.296179
0.324063
0.404806
0.858753
0.905239
0.670208
0.425903
0.393020
0.767730
0.749948
0.731652
0.568498
1.757907
1.104327
0.640900
1.201932
0.730807
1.175236
1.514012
0.693426
0.650256
0.937314
1.149257
1.305838
1.071173
1.259833
1.596354
0.717599
1.241288
1.662444
0.602731
0.965607
0.611648
1.414342
0.847241
0.599226
0.730027
0.816655
0.801278
1.614338
0.941463
1.401198
0.519348
1.785588
0.870461
0.616414
0.936484
0.320773
0.802083
1.354199
0.619962
0.906427
0.920384
0.565626
1.332190
0.698562
0.584003
1.184430
1.345433
0.984044
1.609822
0.765314
0.516711
1.847458
0.694908
0.600452
0.845986
1.069191
1.019930
1.020845
1.473094
1.000743
0.612519
1.011641
0.891949
0.617776
1.314113
0.485491
1.456711
0.806477
0.962771
1.615842
1.273369
1.205705
0.973213
0.873211
1.653891
1.011664
0.301113
1.460950
1.239696
0.949442
0.553676
0.349810
1.299740
1.148748
0.535580
0.635686
0.806362
1.288601
1.993699
0.631698
0.546036
1.345800
0.675779
0.269282
0.607419
0.637948
0.824991
1.483938
0.621966
1.446495
0.686957
0.588648
0.898256
0.795526
1.087366
0.703983
0.519865
0.934037
1.193794
1.094789
1.584004
0.712428
1.204766
0.792243
1.160367
0.791487
0.533066
0.868036
0.754999
1.513400
0.898128
0.659692
0.537360
1.485068
1.120947
0.776901
1.361975
1.037509
0.867349
0.391780
1.062670
0.876491
0.713258
0.289769
0.558159
0.831418
0.976480
0.717498
1.421496
0.944436
1.290715
1.500135
1.191623
0.920048
1.355739
0.787037
0.962690
1.163309
0.503024
0.482559
0.844825
1.415206
1.274353
0.841075
0.383615
0.991470
0.475364
1.226457
1.459854
0.857978
0.715625
0.376313
0.563689
1.328715
0.360776
1.007259
0.771597
0.864162
0.469044
0.691580
0.738023
1.570559
0.714492
0.954776
0.365707
1.054718
1.579021
0.654372
1.319671
0.227848
1.225201
0.825081
1.072007
0.726345
0.688086
1.313718
1.280808
1.284160
0.763532
0.847737
0.729627
1.528069
1.473896
0.865677
0.955390
1.431863
1.177996
0.776807
0.848542
0.610106
0.687408
0.525492
0.348049
0.722971
1.377459
1.309329
0.868002
0.359948
0.880837
0.907356
0.434360
0.802938
0.370624
1.073042
0.648502
0.839182
1.401417
0.676578
0.663774
1.374948
1.329987
0.964221
1.138034
0.847230
0.994777
1.062306
1.303228
1.349824
0.495307
1.160274
1.087908
0.598829
0.527874
1.820172
0.760908
1.595179
0.438651
0.716088
1.714248
0.343445
1.084462
0.725137
2.115029
1.109976
1.052569
0.455942
0.996102
0.762312
0.824208
0.862738
1.040696
0.952980
0.808012
0.367066
0.603900
1.414436
1.078004
1.619079
1.041788
0.958494
0.750573
0.925998
0.725841
0.831350
0.972621
0.815617
1.278142
0.249456
1.163950
0.484472
0.865634
1.031598
0.901329
1.427456
0.814530
0.713494
0.476442
1.417739
1.296026
1.790149
0.238437
1.520537
0.976438
1.349459
0.749935
1.034866
1.274880
0.663438
0.897820
1.692711
1.176686
0.357701
0.650658
1.915672
0.989551
0.496363
0.611139
0.488849
0.732513
1.198962
1.159486
1.174651
0.670287
0.941986
1.963757
0.567917
0.962152
0.749603
0.820398
0.457162
0.718347
1.126275
1.052552
0.977970
0.774649
1.731977
0.975699
0.831447
1.089532
0.570560
0.870771
1.260692
0.989824
1.566562
1.451102
1.628712
1.132577
0.688398
0.284936
0.493458
0.454527
0.418757
1.452940
0.617777
1.128993
1.284143
0.947219
0.970758
1.086545
0.841514
0.567121
0.817907
0.635051
0.663079
1.091987
1.070157
1.050277
1.190461
0.197543
1.347583
0.466998
0.759752
0.696519
0.763408
0.056149
0.768091
1.178790
1.090837
0.276585
0.830464
0.826800
0.359270
0.745889
0.688876
0.517638
1.108538
1.914660
1.339390
1.387704
1.090529
0.880820
0.725096
1.117033
1.337484
0.838585
1.486587
0.847383
0.310702
0.645632
0.385302
1.225881
0.599939
1.007404
0.252655
0.718218
1.209708
0.710753
1.143212
1.211253
0.950760
1.192771
1.440495
0.375959
0.723240
1.308413
1.139783
0.948289
0.585806
0.511546
0.675457
1.631652
0.629420
0.494627
1.403910
1.997067
0.601759
0.877670
1.349974
0.652357
0.862300
1.103660
0.690958
0.910434
0.700712
0.668700
0.928072
0.763456
0.958850
0.310648
1.271434
1.043944
0.969025
1.427797
0.915033
1.239754
0.868931
1.006910
0.797196
1.462710
0.681918
1.210936
0.551012
0.726718
0.718910
1.007213
0.352864
0.395751
0.635228
0.821817
1.469720
0.946900
0.555657
1.098650
0.989002
0.374031
0.984316
1.239094
0.555306
0.604822
1.063036
0.829406
0.636915
1.002815
0.438931
0.811151
0.706530
1.060308
0.872511
0.720833
0.647310
0.879310
1.073370
0.906001
0.677555
1.484328
0.446992
1.138122
0.366346
1.067058
1.228895
1.238861
0.813712
0.140110
0.392590
0.578973
0.641017
1.693241
0.934267
0.613985
0.982823
0.739259
1.070074
1.415937
1.337678
0.953599
0.263952
0.768971
1.073624
0.922739
1.209985
0.484595
1.015371
0.973516
0.424631
0.711498
0.912009
0.942747
1.132002
2.280570
0.817916
1.120314
1.699705
0.912538
0.948962
1.298825
1.643955
0.619760
0.842980
0.792128
0.408338
0.681361
0.732051
1.820729
0.598067
0.942953
1.033159
0.285231
0.921527
1.555987
0.425452
0.610895
1.255194
1.245494
0.435959
0.632058
1.143714
1.128950
0.448752
0.837786
1.469387
1.272855
0.711290
0.860726
0.891688
1.757343
1.038280
1.376040
1.187925
0.246097
0.917406
0.441422
0.985910
1.200289
0.341096
0.652246
1.172749
1.100257
0.624817
0.747829
0.384248
0.592605
0.510607
0.802555
0.820269
0.983660
0.776758
0.582465
0.990450
0.934652
0.731673
0.354611
1.395259
1.299617
0.994026
0.723295
1.104446
0.645585
0.902265
0.890671
1.208063
0.804508
0.885296
0.904274
0.337495
0.618364
0.503549
1.220869
0.431124
0.799340
1.224590
0.971015
1.309609
0.812072
0.707115
1.153214
1.120429
1.117198
0.968540
0.996972
1.786845
1.284655
0.765848
1.404901
0.853801
0.771913
0.614817
1.292737
0.494196
1.821458
0.826410
1.314548
1.300839
0.664418
0.510487
1.067242
0.974661
1.001010
0.488663
1.525469
1.474451
0.671494
0.416944
0.646923
0.676871
0.792081
0.735588
1.140257
1.348015
0.772835
1.174266
0.757783
0.840438
1.365758
0.745946
0.617741
0.630302
0.882076
1.126600
1.454040
0.390510
0.437938
1.182021
0.764370
0.488164
1.352656
0.989253
0.959912
0.864055
0.515937
1.267881
0.820873
0.959428
0.610976
0.879711
1.121221
0.572716
1.099576
1.009541
0.970727
1.344095
0.643019
0.952854
1.210745
0.676237
0.574345
0.520143
0.973292
1.081321
0.886230
1.295614
1.016110
0.610650
0.686762
1.306776
0.193804
0.379931
1.621556
0.914681
0.904619
0.454640
0.439917
1.443278
0.702288
1.447755
0.907200
0.107474
0.538777
0.824725
1.115397
0.748165
0.882046
0.868631
1.406771
1.293043
0.953119
1.206735
0.965644
0.924882
1.109790
1.097045
1.632691
1.310763
0.795765
1.133766
0.433079
0.309061
1.436859
1.024578
1.000177
0.686185
1.918040
0.779730
0.625368
1.307961
1.604505
1.581492
1.259492
0.848761
1.189490
0.186409
1.689265
0.444624
0.962003
1.011386
1.269464
1.281877
0.590657
1.784381
0.869901
0.434504
1.252281
0.749364
2.114365
0.975446
1.251293
1.292417
1.064894
0.658752
0.802700
1.023487
0.908640
0.260604
0.720589
0.684538
1.661713
1.263628
0.841996
0.798487
0.900349
0.926042
0.695733
0.958130
1.099045
0.697391
1.106081
0.805810
0.948665
0.644967
1.288479
0.556587
0.844460
0.659995
1.108434
0.970995
0.766891
0.574490
1.409997
0.324891
1.836434
0.299306
0.491894
0.558218
0.853607
0.507326
0.837314
0.792348
0.439425
0.397954
0.862345
1.283780
1.334500
1.191082
1.942104
0.830418
1.371095
1.131765
1.189652
1.303943
0.897320
1.296862
1.742206
1.243847
1.203486
0.259292
1.212211
1.638236
1.693045
0.744539
0.794131
0.671114
0.991363
0.609910
1.465486
0.836770
1.021248
1.177711
1.446423
0.755160
0.482056
0.786681
0.609196
0.396368
0.918979
1.101506
0.784048
0.656828
0.426337
0.529196
0.876959
0.456018
0.825045
0.683462
0.890557
1.008982
0.431969
1.064696
0.998566
0.751232
0.174157
1.591640
1.949945
1.248847
2.240943
0.412794
0.653724
1.772043
0.740354
0.956476
0.593356
0.270107
0.416410
1.059857
0.443080
1.153125
0.589983
1.140044
0.883342
1.136900
1.495341
0.608200
0.605765
0.744271
1.044114
0.493653
1.372297
1.095154
1.766932
0.731391
0.342095
0.752969
0.824135
0.685447
0.518861
1.139044
1.398278
0.213504
0.657799
0.479158
0.597154
0.661880
1.064345
0.478114
0.395889
0.638937
1.068001
0.687674
0.910411
1.337756
0.952538
1.387879
0.695343
0.632972
0.684760
0.665205
1.209531
1.096502
0.350614
0.671923
0.622374
0.847543
1.566001
0.584753
1.134118
0.795524
1.247176
1.071765
0.893962
0.517444
0.780538
1.075062
0.996552
0.359862
0.222713
0.947729
1.071551
0.660646
0.723855
0.553097
1.175325
0.520562
0.266376
0.648301
0.243903
1.499056
0.503313
0.496706
1.068207
1.057916
0.212664
0.708647
0.753188
0.573244
1.046110
1.136054
0.638473
0.501221
1.353273
0.462752
0.725714
0.778642
1.131218
1.430352
0.683984
0.522178
1.750172
0.503394
1.330742
0.968996
1.630806
1.089955
1.249035
0.594526
0.175433
0.445104
0.844390
1.081587
0.991963
0.626182
0.628228
1.000771
0.746555
0.910325
0.992151
1.440654
1.413194
0.666326
1.297496
0.460924
0.622684
1.628414
0.887298
1.161698
0.852542
1.258528
0.699089
0.623234
0.825322
1.052902
1.121140
0.471762
2.125335
1.131779
0.942876
0.850728
0.893789
1.279312
1.285899
0.898005
0.980084
0.780195
0.459071
0.623669
0.672248
1.472037
0.884784
0.867203
0.609536
0.496137
1.065005
1.158978
1.685215
0.554857
0.465638
1.006080
0.852190
0.408921
1.056405
1.278355
0.602585
1.129911
0.373336
0.902542
0.557072
1.298964
0.969669
0.902245
0.931378
0.772500
1.166611
1.297124
1.193763
1.191837
1.489415
0.811538
1.921243
0.759349
0.877267
1.406187
0.811138
1.143493
1.256959
0.899760
0.990670
1.189783
1.399540
0.671118
0.746567
0.439698
1.150450
0.465241
0.814050
0.945148
1.261681
0.699360
0.321790
1.022014
0.718040
1.149534
0.571160
1.161032
1.036525
0.687089
0.818709
0.780415
1.220929
0.535475
0.825764
0.468866
0.585433
0.447634
1.475061
1.073209
1.200087
0.554537
1.272002
0.779466
0.912746
1.020815
1.108017
0.726345
1.105484
0.877023
0.933936
0.392613
1.163550
0.289068
0.785705
0.308364
1.218607
1.341791
0.472263
0.809162
0.960196
1.023360
1.183303
1.185584
0.868365
0.957115
1.423165
0.734982
1.381823
0.824650
0.996401
0.466274
0.435861
1.246548
0.467315
1.246883
0.597516
0.748895
0.878803
0.465962
2.059812
0.643392
0.705110
0.996745
1.125688
0.770473
0.866503
1.179960
0.816789
0.534135
0.630634
1.017441
1.057349
0.587954
1.386149
1.167601
1.044782
1.077393
0.724972
0.618079
0.705872
0.383373
0.446604
1.207207
1.388639
1.402550
0.967521
0.196412
0.152987
1.030428
1.314346
1.012615
0.957316
1.277786
0.633367
0.726948
0.916133
0.262386
0.535522
0.566151
1.236166
0.813975
1.030154
1.011517
0.479187
0.833656
0.198088
0.519321
0.627390
1.111188
1.864305
0.618656
0.596167
1.224498
0.979153
0.805400
1.215587
1.072276
0.687911
0.700094
0.746897
1.040280
1.161927
0.813237
0.808545
1.668836
0.720804
1.304313
1.888577
1.166233
0.597348
0.742227
1.514082
1.222894
1.567598
1.106405
0.723267
0.681460
1.205372
0.974141
0.898892
0.335598
0.641057
1.051241
0.564736
1.532353
0.834501
1.131151
1.100604
0.543758
0.682966
2.045361
0.939880
0.700480
0.500183
0.867879
0.744601
0.596670
0.875894
1.091588
0.572118
1.150013
1.350394
0.968497
0.785650
0.597300
0.584099
1.447539
1.440767
0.313331
0.803351
0.959190
0.458836
1.408536
0.756231
1.058016
1.123955
1.172126
0.733527
1.134961
0.246986
0.731093
0.584299
0.790926
0.945640
1.367710
1.322741
1.098942
0.767513
0.348480
1.157939
0.518081
0.581698
1.084476
0.859585
0.701279
0.711627
0.691578
1.140691
0.376733
0.887767
1.052788
0.945474
1.218437
1.918967
0.929325
0.248390
0.668490
0.693267
0.680064
1.836093
1.223070
0.936011
1.022912
0.844278
1.198673
1.078847
0.387084
0.402890
1.055326
0.997107
0.883423
1.009449
0.857039
0.862341
1.375200
1.056276
1.701541
0.727942
0.327911
1.227795
1.304227
0.865319
0.554347
1.249482
1.387320
0.803469
0.521621
0.622990
0.971276
0.537030
1.388928
0.758135
1.182893
1.258097
0.974234
1.017743
0.900365
1.028175
0.847196
0.041739
1.371314
1.216558
0.892411
1.517345
0.885833
0.457539
0.916718
1.139989
0.633471
1.467058
1.801334
0.877541
0.507189
1.315360
1.022995
0.447500
0.761769
0.922501
0.597884
0.784982
1.061803
1.673444
0.877565
0.182688
0.956282
0.714025
1.553982
0.401928
1.749336
0.346658
0.370106
1.233554
0.391782
1.717121
0.731307
0.824302
1.350517
1.732826
0.443505
0.467713
1.397957
1.102468
1.549421
0.513217
1.247078
0.785357
0.732008
0.861413
0.826704
0.788314
0.800780
0.274866
0.863479
0.325063
1.333741
0.248453
1.336486
1.111938
0.120790
0.484866
0.435116
0.699346
1.257477
1.148104
0.342412
1.006853
0.598957
0.475056
1.626602
1.097989
1.036475
0.456202
0.609772
1.359260
1.662151
0.754129
1.776110
1.060669
1.139166
1.577769
1.031292
0.247146
1.010850
0.260296
1.369661
0.254946
0.698291
0.064502
0.588825
0.678938
1.950947
1.597632
0.814383
0.503002
0.214553
1.387197
0.806999
0.844286
0.449686
1.039438
1.031828
0.934456
0.732397
1.057532
1.164626
1.457614
0.487221
0.924083
0.631409
0.462578
0.384254
0.655475
0.961073
1.703872
1.270412
0.685187
1.054569
0.506189
1.071111
1.022177
1.143774
1.357514
0.481976
1.168054
0.786156
1.506908
0.175106
0.474954
1.261669
0.636613
0.722380
0.604908
0.699633
0.636707
0.715125
1.541467
0.917170
0.476176
1.017513
0.388164
0.529921
0.843167
1.205144
1.161985
0.841283
0.744169
0.832268
1.009649
1.376640
0.873977
0.639023
1.551002
1.307798
0.504130
0.226097
0.388480
1.594920
0.787792
0.495995
1.804795
0.457801
0.513138
1.185471
0.730439
0.427110
0.779310
1.404988
0.511644
0.492652
0.492649
0.973571
0.558056
0.262577
0.922364
1.154070
0.405831
1.159472
1.536294
0.554051
0.774021
1.188111
0.814151
0.464934
0.686129
1.175476
1.183331
1.484339
0.795632
0.472176
1.055160
1.743634
1.352864
1.647687
0.655896
1.225284
1.256141
0.967573
1.693046
0.914778
1.207617
0.753254
0.839692
1.042447
0.908996
0.915994
0.978897
1.187008
0.201367
1.282323
0.594188
1.174393
0.571430
1.019788
0.829416
1.112304
0.535507
1.627381
0.534111
0.912414
0.949070
0.938033
0.978498
0.543829
0.425518
1.176631
0.290251
1.381899
2.035502
0.238937
0.967825
0.931255
0.964631
0.884684
0.486014
0.640012
0.729217
0.515710
0.699504
0.544086
1.002398
1.442902
0.617853
0.908674
1.482914
0.946034
1.599777
0.627916
1.112615
0.982818
1.531606
1.258373
0.839177
0.749369
1.222622
1.622664
0.822762
0.766512
0.768572
0.414546
0.720077
0.807911
0.963708
0.388373
0.821932
1.308822
0.818276
1.311339
0.284349
0.643307
0.301290
1.198821
0.480438
1.408412
1.372594
0.495148
1.562541
0.422469
0.534038
1.395240
1.127796
0.651396
0.707892
0.316241
0.690738
0.631868
1.205738
0.503265
1.283578
0.973117
0.803093
0.532427
0.882249
0.638251
0.289375
1.761903
1.146733
0.283898
1.629079
0.560895
2.572415
1.526259
1.545159
1.422485
0.528670
0.746675
1.011237
1.858533
1.223149
0.533300
0.904515
0.820133
1.444109
1.432649
0.761527
0.438610
1.316193
0.455823
0.914061
0.677293
0.255689
0.482967
0.593635
0.800889
0.458744
0.712776
0.339402
0.551187
1.218558
1.358958
0.644230
1.500198
1.482345
1.765610
0.967970
1.102855
0.481993
0.652787
1.239892
0.491112
0.652618
1.052988
1.154483
0.442318
0.792250
0.427847
0.514391
0.764053
0.836195
0.092683
1.322892
1.144460
1.577152
0.414499
0.631540
1.413500
1.256608
0.791136
0.710422
1.163773
0.864632
0.744057
0.757182
0.934859
0.556086
0.268307
1.733144
1.268734
0.212865
0.431971
0.414780
0.985806
0.876309
0.887190
0.337612
1.039884
0.453833
1.250132
1.168080
0.418363
0.668707
1.099843
1.523823
0.480748
1.302256
0.986994
0.814001
0.429666
1.257106
0.903486
1.392755
0.949406
1.053411
1.365164
1.150952
0.802659
1.251323
0.886243
0.166213
0.878859
1.104256
0.402162
0.626229
0.910441
1.056479
0.770562
1.534031
1.064750
1.444231
1.231662
0.817346
1.082911
0.554592
1.124613
0.630049
0.446195
1.100422
1.241529
0.983285
0.244714
0.981138
1.362839
0.679311
1.081462
0.486600
1.161410
1.942362
0.529567
1.260218
1.361090
0.289576
0.823237
0.470974
1.241633
1.042451
1.217073
1.011042
0.601550
1.280026
1.193008
1.609778
0.938636
1.626127
0.993232
1.598276
1.894679
0.724874
0.997479
1.052787
0.487165
0.820680
1.071078
0.717406
0.721052
0.785553
0.552533
0.649620
0.793416
0.851026
1.221439
0.841069
0.704669
0.483195
1.773140
0.742470
0.241402
1.170447
1.632772
0.753050
0.686492
0.609352
0.820752
0.179007
0.979632
0.448733
0.653411
1.410343
1.104971
0.326577
0.141717
0.912241
0.520866
0.439871
1.745787
0.404982
0.883496
1.396349
0.211192
1.499360
1.116227
1.225571
0.732907
1.142529
0.217292
1.067335
0.877403
1.316492
0.628171
1.037426
0.194382
1.481968
0.633441
0.627942
0.429192
0.626176
0.921594
0.913563
0.591698
1.217855
1.308816
0.748971
1.050029
1.086195
1.023533
1.563096
1.425663
0.790503
1.150573
1.163378
1.548681
0.863012
0.666038
1.305945
0.922434
0.916578
0.776892
1.343141
0.843819
1.222838
1.130297
1.222784
0.367535
1.390381
0.689365
1.346706
1.089803
0.945638
0.988377
0.623371
1.157185
0.769725
0.688726
0.945629
0.430454
1.719959
0.852157
0.821186
0.320014
1.187777
0.256500
0.729760
0.761179
1.363337
1.418889
0.929080
0.905005
1.467434
0.461519
1.446901
1.812915
0.751908
0.571997
0.986749
0.666686
1.713332
1.440894
0.808834
0.528248
0.261958
0.566609
0.346865
1.150986
0.966692
1.634185
0.121578
1.233759
0.050416
1.219838
0.588244
1.101315
1.062974
1.178438
0.686286
1.014254
0.365760
0.883669
1.223915
1.463576
0.998955
1.363370
1.116131
1.180642
0.570390
0.607971
0.155958
1.148294
1.659626
1.141641
1.247379
0.547593
0.626363
1.229137
0.861247
0.661425
1.143462
0.714467
0.431558
0.458594
0.247411
0.991384
1.706767
1.119741
1.086413
1.278983
0.318742
0.793684
0.443267
0.990426
1.293432
1.468383
1.198690
0.340433
0.429448
1.203134
0.136588
0.661733
0.952289
1.086490
0.501047
0.835795
1.952774
0.333566
0.270329
0.808339
0.399326
0.319793
0.556488
0.919424
0.499122
0.992244
1.876468
1.826978
0.931881
0.596904
0.883426
1.162915
0.618631
0.272264
0.835554
1.362661
0.926099
0.524205
1.135404
0.817214
1.252900
0.439446
1.258811
1.257617
0.996733
0.940433
1.077182
0.850046
1.110678
1.152998
0.732635
0.465929
1.056351
0.708172
0.318794
0.684025
0.581273
1.537108
0.851706
0.710803
1.091509
1.170722
0.808692
1.181745
0.914492
0.933784
1.044492
0.961246
1.157097
1.300947
0.568321
1.153417
0.736853
0.939897
1.228536
0.178942
1.475117
1.053499
1.101696
0.791642
0.971002
0.797886
0.851490
0.938530
1.101994
1.058982
1.164534
1.202737
0.960016
0.814405
0.943043
1.440475
1.055613
1.351783
1.190408
0.855896
1.183024
1.092459
1.336276
0.622347
0.911931
1.333231
0.763873
0.432300
0.743015
1.455245
1.460837
0.408522
1.075877
0.768264
0.423330
0.444166
1.428085
0.467727
0.528772
0.481297
0.627375
1.222359
0.750620
1.358744
0.815450
0.643031
0.779609
0.748636
1.423761
0.537296
1.719753
1.116836
1.302203
1.096514
0.338189
1.132160
0.655358
1.535968
1.405806
0.593615
1.402762
0.752952
0.605104
0.755595
0.875522
1.219858
1.554259
0.583269
1.004019
1.156916
0.629976
0.600673
0.669744
1.642875
0.314895
1.109565
0.322541
0.421829
1.065737
1.478976
0.904139
1.572973
0.983393
0.385207
0.835243
0.631437
0.376091
0.828484
1.105127
0.955567
0.955416
0.252589
0.861582
0.697341
0.566952
0.729200
0.978758
0.174867
1.293796
1.258480
0.854688
1.693243
0.231558
1.633040
1.434886
1.378947
1.683148
0.711328
0.688840
0.881442
0.994118
0.546787
1.043045
0.992237
1.386061
0.436084
0.640625
0.953119
1.651445
0.954868
0.381455
0.854533
0.824934
0.425688
0.885868
1.043945
1.177835
0.845788
1.319407
0.977994
0.906845
1.576109
0.851398
1.038198
0.866449
1.146008
0.749361
0.545473
0.828930
1.145478
0.640079
0.659873
0.554329
1.294192
1.026913
0.878232
0.769859
0.800703
0.911590
0.972900
1.036624
0.150507
1.122462
0.974248
0.819183
0.617250
1.055737
0.603970
0.745782
0.515989
0.410154
1.280903
1.082398
0.990588
0.805681
2.194369
0.994262
1.645080
2.128315
1.146631
1.116221
1.295156
1.326876
0.911818
0.765921
0.958202
0.824994
0.984180
0.778227
1.391561
1.383001
0.916495
0.890277
0.336508
1.166465
0.986530
0.837116
1.848707
0.696210
0.486146
0.504084
0.725655
0.734541
0.665320
1.352798
1.246478
0.944819
0.646675
1.158382
1.201425
1.036827
1.307982
1.016234
0.453945
0.310767
0.828439
1.147159
1.077361
0.265782
1.040993
0.623810
0.809906
1.326572
0.732937
0.809841
1.419416
0.312743
1.359585
1.061887
1.591825
1.527510
0.887347
0.474845
0.560291
1.352312
0.759739
1.170192
0.450230
0.679574
0.553102
1.119888
0.559440
0.713452
0.786329
0.613420
1.208114
0.843560
1.366502
0.638716
1.066184
0.452203
0.691666
0.532537
0.865293
1.494788
0.579680
1.399980
0.889827
0.763564
1.443342
0.847657
1.481533
0.542370
0.525569
0.927599
0.761156
1.042931
1.242250
0.761118
0.546689
1.055856
0.511324
0.953017
1.169667
0.348591
0.556777
0.727130
0.965275
0.578478
0.915570
1.431252
0.583426
1.294137
0.857498
1.055732
1.165127
0.798666
0.835330
0.901515
1.217003
1.361307
0.473790
0.677615
0.752719
1.364433
0.973785
0.775812
1.372737
1.061228
1.144257
1.005725
1.446375
0.499449
1.311155
0.783143
0.592835
0.156947
0.629182
0.818168
1.091522
0.855788
0.650079
1.373923
1.159164
0.852538
0.937693
0.408751
1.054096
1.170365
1.008765
1.185738
0.574140
0.434721
1.851760
1.084438
0.794317
0.296547
1.021611
0.388460
1.077347
0.974481
0.403776
1.422601
1.295203
1.186579
1.180325
0.785418
0.689655
1.539074
0.538639
0.761694
0.916200
0.398256
0.822584
1.306692
1.020566
0.750940
1.228397
0.935204
1.232718
0.781479
0.843613
1.062874
1.475379
1.025549
0.435415
0.289622
1.440909
0.290592
0.866304
0.702491
1.843112
0.463119
0.905210
1.588672
1.229612
0.534376
0.772108
0.558703
0.302681
1.281935
0.534312
0.814301
1.179382
1.151839
0.443139
1.499679
1.509508
0.880265
1.351395
0.565051
0.981806
1.872757
0.682008
0.972136
0.552815
0.935112
0.706616
1.258535
0.939668
0.936877
0.849825
0.719902
1.403319
0.205007
1.064744
0.924434
0.921323
1.026000
1.490726
0.650769
0.915266
0.726865
0.413455
0.475370
1.259029
0.683680
0.887637
1.684416
0.621711
0.440593
0.587522
0.967738
0.840260
0.926228
1.087735
0.645833
1.017104
1.030772
0.567403
0.781390
0.943332
0.923197
0.378259
0.726640
0.989376
0.928006
1.437310
1.909264
0.735169
1.833704
1.526884
0.385394
1.444839
0.458234
0.239726
0.712466
1.125728
0.744154
1.354518
0.548853
1.890635
0.664694
0.406804
1.284297
0.852460
0.421512
1.271629
0.749126
0.772728
1.208960
0.499264
1.082984
0.951215
1.472797
0.889969
1.114357
0.645231
1.488540
0.464012
0.417486
0.362071
0.909133
1.238284
0.879152
0.428445
0.667539
0.987501
0.534046
1.747044
1.224049
1.381255
1.012869
0.637919
1.502250
1.273379
0.864239
1.504311
1.275626
0.549462
0.685892
0.835740
0.526757
0.254344
1.341098
0.284109
0.255357
0.531657
0.683345
0.903176
1.709956
0.964875
0.966235
1.469123
1.482962
0.485338
1.448648
1.268168
0.358957
0.506905
0.758405
1.100379
1.116442
1.255594
0.786688
0.378835
1.766386
1.787444
0.499107
0.868775
1.099075
1.070464
0.673804
0.478738
1.606155
1.227429
0.800244
0.745846
0.653997
0.500066
0.489491
1.413689
0.661159
1.067657
0.567480
0.800399
1.157891
1.260945
0.477945
0.755706
0.903174
0.932828
0.677143
0.501720
2.145927
0.456586
1.228108
1.405136
0.702919
1.030984
0.855370
1.908262
1.340364
0.764304
0.702001
0.186888
0.413021
0.678431
0.643235
0.455756
0.636225
0.816938
0.741735
0.823945
0.368862
0.781172
1.486800
0.569386
0.873856
0.526887
1.004432
0.860318
1.228871
0.869135
0.740069
1.054719
1.098784
0.603940
1.257397
0.981466
0.519649
0.622191
1.076613
0.431861
0.427861
0.907613
1.034939
0.820958
0.752017
0.409373
0.344281
0.804542
1.095994
0.457346
1.097385
1.134887
1.467696
1.132195
1.596229
1.344802
0.802793
0.446601
1.157486
0.402540
1.007241
1.116232
1.078590
0.318828
1.729819
1.542721
0.613855
1.120326
0.516772
0.891703
0.895071
0.556781
0.978296
0.547784
1.020335
0.533980
1.265385
1.353019
0.752101
0.175058
0.418150
1.472401
0.734602
0.742720
1.244182
0.586236
0.783149
0.706731
1.142278
1.281377
0.656785
1.475181
0.726259
0.896993
0.940218
2.420768
2.040444
0.426025
0.759976
0.543375
0.618192
0.556602
0.982765
1.078235
0.164561
0.666321
0.385440
1.042638
0.883972
1.457091
1.268452
1.512128
0.437085
1.247614
1.451117
0.939819
1.925984
1.270938
1.409609
1.200923
0.527260
1.127411
1.112361
0.670952
1.275421
1.445074
1.057531
1.111069
1.000602
0.884778
0.135622
1.058831
0.994634
1.452173
0.396534
0.491731
1.383101
1.443219
1.047548
0.570050
0.714561
0.778016
0.928832
0.692473
0.770071
1.156101
0.903294
0.348528
1.276599
1.208471
0.447659
0.917496
0.939439
0.979803
0.381258
0.575171
0.448046
1.143323
1.440952
0.798658
0.773382
0.604887
1.021441
0.904376
0.784070
0.237018
0.439163
1.324247
0.515919
1.474276
1.458416
0.713400
1.282814
1.060398
1.620358
1.097544
1.774299
0.937377
1.379353
1.053996
0.806620
0.623205
0.358613
0.798639
1.245046
1.118245
1.341075
0.828246
1.081439
0.709895
1.140671
0.442593
1.042705
1.125256
0.711150
0.728433
0.860148
1.532793
0.157022
0.392483
1.131259
0.412458
0.893536
0.893911
0.429907
1.208055
0.758269
1.104807
0.766379
0.469103
0.590220
1.198276
1.873212
0.495605
1.195841
0.852675
0.478617
1.287929
0.583807
1.467370
0.498015
0.374483
0.289034
0.958222
0.776628
0.459975
0.742677
1.443516
0.929962
0.552177
0.566170
1.106664
1.483771
0.376654
0.344803
0.689621
0.854828
0.921283
1.831161
0.616135
0.274482
0.955406
0.750055
0.600935
1.217769
1.441987
0.790202
0.662165
1.091842
0.630424
0.670468
0.960821
1.778054
1.109796
1.083415
0.637512
0.792708
0.643779
0.975819
0.887373
1.577513
0.504700
0.576127
0.625580
0.519409
1.107119
0.415386
0.741383
0.905774
1.466976
0.968658
1.287570
1.521713
0.615672
1.125969
1.108836
0.751469
1.004499
0.186291
0.460866
1.079308
1.125534
0.783393
0.496075
0.333519
0.449626
1.135890
0.759679
0.313988
0.695709
1.245164
0.363458
0.913985
0.937615
1.039791
1.631244
1.577434
0.524151
0.142314
0.724939
0.492079
2.123063
0.852104
1.008459
0.718467
0.707762
1.220380
0.866247
0.648073
0.828603
0.991842
0.427484
0.585330
0.808233
1.100528
1.451737
1.133911
0.813544
1.240013
0.383393
0.350957
0.501744
1.260703
0.793100
0.889037
0.604529
1.346600
0.656828
1.120070
1.741750
0.783917
1.460302
1.154146
0.517697
1.087264
0.767542
0.333288
0.958622
0.905422
1.791296
1.084243
0.996421
0.761155
1.128219
0.517793
0.783297
1.353501
1.002698
0.430592
0.466398
0.575569
0.309145
0.548506
0.846831
1.273073
0.813916
0.615537
0.878599
1.770633
1.643898
0.720652
1.999768
0.776113
1.166039
0.480323
1.203667
0.910872
0.835707
0.778856
1.135754
0.877958
0.903448
1.088185
0.958900
0.522859
0.805929
1.056284
1.033680
0.624127
1.031925
0.491204
0.947444
0.523267
0.883576
0.657267
0.686356
0.271622
0.270412
0.738166
0.489549
0.815994
0.598704
0.865725
1.060251
0.815002
0.600313
0.920842
1.076541
0.438943
0.743698
0.979356
0.897097
0.560746
1.516027
0.682692
0.834943
0.649926
1.134342
1.118950
1.195250
0.750669
0.735929
0.619992
0.596095
1.481692
0.368888
1.024442
0.608498
0.516080
0.825668
0.429402
0.442654
0.743872
1.283967
0.530786
0.917348
1.205418
1.173015
1.793679
0.722403
0.835687
0.982016
1.100565
0.959920
0.770022
0.802772
0.757938
0.796738
0.665439
0.518477
0.696183
0.654605
0.734709
1.165039
0.974039
0.855438
1.345075
0.554934
1.498872
1.661046
0.600487
1.116935
0.356976
0.282919
0.760006
0.714059
0.506038
2.136352
1.212364
1.033568
1.689456
1.392378
1.253205
0.565592
0.728942
0.442840
0.975364
1.203501
1.047905
1.187681
0.150291
0.429336
1.007978
0.826837
0.713090
0.587117
1.001675
1.692864
0.742364
0.869239
0.903346
0.974070
1.665102
0.777645
0.239284
0.943729
1.744458
1.068567
1.087064
0.604333
0.821915
0.793980
0.566088
0.850005
1.188481
0.902041
0.997332
0.738139
0.939668
0.688883
1.306965
0.856924
0.908670
1.043779
0.658935
0.524695
0.361565
0.883441
0.617191
0.780153
0.860169
1.006926
1.425391
1.510107
0.545886
0.621879
0.630200
1.283494
0.439364
1.412850
0.873724
1.239430
1.357731
0.581683
0.738802
0.554714
0.990824
0.746742
1.031860
1.490481
0.732457
1.302592
1.099091
0.771630
0.516432
0.930641
1.318143
1.111930
0.953735
0.970540
1.028420
1.125260
0.330316
0.684390
0.993439
0.752701
1.245302
0.693585
1.107818
1.198595
0.718576
1.075867
1.076114
2.258383
1.003787
0.991810
1.827867
0.511748
0.651120
0.634808
1.133335
0.678949
0.846960
1.163591
1.128290
0.879788
0.685904
1.143525
0.950438
0.966265
0.655664
0.425054
1.791950
1.468764
0.126062
0.556203
0.762239
0.628154
0.949854
0.696625
0.478414
0.660101
0.781288
0.418244
1.208547
0.982743
1.035078
0.684194
0.283503
0.940800
0.540932
0.919305
0.959369
0.628490
0.685672
0.351434
1.224662
0.957280
0.681869
1.304662
0.968029
0.462681
0.520195
1.150706
1.220093
0.781442
0.805795
0.617453
0.413766
0.914103
0.561494
0.961553
1.161281
0.879612
1.112553
0.598428
0.470864
0.938331
1.313088
1.308780
0.999665
0.628767
1.275646
0.476384
0.927528
1.282782
1.721475
0.632529
0.984528
1.110081
0.492952
0.677411
0.735353
2.072425
0.562418
0.899766
0.574605
0.709727
1.225841
1.809480
0.965529
0.805491
1.127967
1.016295
1.056619
1.750179
1.265205
0.656640
0.740818
0.820394
0.500972
1.529533
0.455095
0.951178
0.636776
1.561757
1.025639
0.712025
1.429313
1.287788
1.902579
0.418051
0.390868
0.915827
1.064897
1.155738
0.704495
0.871230
0.632690
0.817883
0.925269
1.185931
0.919573
1.396019
0.288431
1.306359
0.719287
1.353614
1.562865
0.585495
0.576819
0.849618
0.258415
1.129117
1.082024
1.014174
0.345126
1.175239
0.780252
0.199074
0.670690
0.868352
0.862437
1.458130
0.519504
0.970091
0.469304
1.063890
1.047223
1.077730
0.467683
0.860979
0.695362
0.521467
0.889273
0.448123
0.440528
0.806757
0.764917
0.189777
0.897180
0.497258
0.780527
0.663805
1.094409
1.899409
0.196492
1.030262
0.440619
0.996164
0.714562
1.358657
0.761678
1.597878
0.717090
0.599145
0.213833
0.783221
0.344944
0.802819
0.512443
1.547961
0.851370
1.461683
0.727630
0.730089
0.678778
0.391806
0.448085
1.058145
1.306419
0.703127
0.924094
0.742836
0.616248
0.493281
0.989466
0.827812
0.805439
0.948341
0.786049
1.108543
1.279416
1.151480
0.868862
1.103019
0.906086
0.430020
0.542948
0.927539
1.152109
0.970916
0.827096
0.416128
1.120150
0.701322
1.247841
0.479133
0.817146
0.411729
0.416205
0.685078
0.981588
1.247984
0.301709
1.056614
1.658218
1.103916
0.866412
0.792048
1.481778
1.067892
0.630567
0.360577
1.011823
1.382987
1.060907
0.662495
1.832829
1.373907
0.912482
1.400160
1.010481
1.266700
0.461205
0.367996
0.743361
0.656363
0.840674
1.330663
0.933933
0.647848
0.841966
0.848444
1.028411
1.267018
1.060483
0.134368
0.093146
0.642597
1.265321
0.545031
1.337955
0.584225
0.501303
1.575925
1.272160
1.373662
0.985538
1.777238
1.301359
0.736493
1.141196
1.085991
0.426923
0.932831
0.657012
0.593663
1.762298
1.089269
1.009876
0.603764
1.030243
0.984456
0.592139
1.797444
0.339108
0.945485
1.911650
1.193515
1.113016
1.250648
0.561881
0.411883
0.753935
0.557855
0.567494
0.690740
1.004227
0.566044
0.915582
0.252630
0.674318
1.419237
0.468261
0.805924
0.934164
0.621399
0.459482
0.572312
0.749971
0.378854
0.490936
1.209785
1.184567
0.653919
0.437060
0.361622
0.996339
0.424006
0.903263
1.317105
0.691693
0.480777
0.811717
0.351288
0.379062
0.965486
0.404850
0.822031
0.572231
0.727195
0.863584
1.318231
0.764337
0.497355
0.732092
0.976902
1.290126
1.531768
0.893426
1.000687
0.734081
1.215001
1.161057
0.157721
1.089165
0.710388
0.573492
0.403609
1.115615
0.624550
1.141832
0.515488
0.440527
0.709075
0.870539
0.660101
0.341419
1.511837
1.298761
0.843728
0.870826
1.008645
0.292034
0.047433
0.703453
1.148807
1.090718
2.095688
0.658245
0.673117
0.718225
1.012242
0.306286
0.460356
0.598637
0.733260
1.827243
0.955602
0.783613
0.886705
0.568207
0.414993
0.645350
0.480684
1.447489
1.322823
1.244533
1.024598
0.484844
0.479201
0.299542
0.508949
0.878379
0.968565
1.466463
0.881831
1.738901
1.316191
1.044653
1.138434
0.260763
0.726682
0.682353
1.428047
0.925664
0.951100
1.060187
1.564478
0.614006
0.336862
1.081783
0.831762
1.015167
1.367930
0.373872
0.877014
0.570501
0.873081
1.005409
0.979637
1.144612
1.309339
0.936257
1.619224
0.407351
1.067273
0.804894
0.761611
0.584112
0.879390
0.808129
0.524067
0.937467
0.996014
0.809664
0.285706
1.544462
0.686040
0.915624
0.517787
0.765719
0.996437
0.702270
1.613690
0.549726
0.937713
0.521712
0.882854
0.587682
1.160094
0.767370
1.545259
0.915258
0.773258
1.016883
0.607683
0.789040
0.846806
0.700816
0.207432
0.903401
0.705227
0.587809
0.489534
0.941660
1.081786
1.114738
0.296275
0.878280
0.824087
0.956695
1.496528
1.223788
0.809722
0.573381
0.337860
0.936323
0.857242
0.910851
0.683929
1.385661
0.303997
1.066093
0.542392
0.307437
0.864047
0.626796
0.380433
0.811019
0.577279
0.923968
1.103405
0.677438
0.731622
0.383885
1.013963
0.900547
0.657822
0.677544
1.166744
1.267481
0.803523
0.514396
0.490256
0.539366
0.788237
1.303772
1.102313
0.511276
1.090554
0.609097
0.209981
1.149220
0.494988
0.891711
1.134394
0.877427
0.824953
0.897933
1.765954
1.534961
1.497260
0.868812
0.930969
0.520683
1.370101
0.956710
0.286011
0.559099
0.479143
0.887760
0.361859
0.549243
1.226322
1.043521
0.541203
0.212649
0.971727
0.492137
0.951480
0.790288
1.333536
1.337210
1.101206
0.775215
1.264175
1.178853
0.460681
0.611458
0.642322
0.480500
0.789572
1.020677
0.974508
0.436362
0.560043
1.512740
0.880371
0.655898
0.932617
1.266921
0.803607
0.905326
1.234054
1.718017
1.048162
0.926717
1.016106
0.497757
0.754137
0.401987
0.759390
0.780550
1.051812
0.845654
1.100349
1.009053
0.941520
1.223204
0.919227
0.693792
1.395216
0.621326
1.182894
1.568351
0.502266
0.415690
0.371793
0.895087
0.993927
0.829242
1.068464
0.713813
1.357297
0.672138
0.641278
0.741557
0.772632
1.216526
0.794516
1.448432
0.110599
0.752515
1.028834
0.966387
2.071708
1.054515
0.706325
1.350244
0.720144
0.946376
0.938732
0.785599
1.208976
0.604729
0.680791
0.674799
0.973730
1.180622
0.721316
1.060248
0.428280
1.167667
0.424495
1.219950
1.005000
0.494062
1.447628
1.520737
1.203549
1.137780
0.880384
0.672639
0.309988
0.799175
0.953397
0.650992
0.979839
0.982822
1.215894
0.277664
1.604544
0.658215
1.040697
0.781882
0.391843
1.019143
0.851812
0.916459
0.594415
0.351633
0.756080
1.152725
0.646940
0.928733
1.665364
2.048800
1.082874
1.410440
1.153427
1.060217
0.654636
1.453289
0.794441
1.530418
0.666347
1.606049
0.852796
0.866437
0.797925
0.936502
0.960456
0.482440
0.512233
1.880961
0.378378
0.875766
0.919544
0.476101
1.449944
0.922022
1.098901
0.450010
0.431369
0.622489
0.741869
1.647806
0.702956
0.925759
1.084667
1.545357
0.464273
0.812601
1.202566
1.018970
0.759572
0.799880
1.188504
1.209010
0.839295
1.553403
0.413027
0.822226
1.012204
0.531352
1.118380
0.762346
0.591303
0.520255
0.669317
0.649325
0.845490
0.558655
1.191379
1.631993
0.965945
0.680530
0.335947
0.697984
0.609355
0.618052
1.947392
0.710590
0.608601
1.894829
1.308576
0.624072
0.501527
0.837656
0.788813
0.673866
0.709692
1.989381
0.869975
0.769943
0.562321
1.070446
0.440754
1.179963
1.874523
0.511144
1.165510
1.264613
0.308821
1.023313
0.902731
0.496005
1.384789
1.360528
1.200031
0.855511
1.387994
1.067910
1.005743
0.877228
1.467177
0.924601
1.624919
1.672942
0.822418
0.595676
1.285977
0.380782
0.697405
0.924859
0.702376
0.835837
1.061592
0.818319
0.260060
1.459122
1.656161
0.766370
0.600164
1.868435
1.413392
0.553105
1.276583
0.839574
0.713093
0.708517
1.386085
0.583149
1.258014
1.221403
1.122103
0.750715
1.291339
0.693750
0.530127
0.513359
1.063945
1.174523
0.936522
0.381197
1.163834
0.621729
0.488538
0.774911
1.013188
0.831112
1.631260
0.539535
0.823298
1.002994
1.033073
1.148063
0.811137
1.362637
0.295695
0.075692
0.749213
0.720620
0.505413
0.815171
1.055056
1.238552
1.183451
0.691528
1.532565
0.927943
1.490297
1.194030
1.118735
0.449991
1.071726
1.203622
1.551136
1.547718
0.768225
0.536936
0.879772
1.294837
0.965233
0.746193
0.410399
0.928162
0.585343
0.330260
0.176924
1.101070
1.135489
1.045495
0.749865
0.390370
0.630140
2.067107
1.020730
1.011189
1.323004
0.680883
1.285065
0.550794
1.152508
0.835906
1.305351
1.388864
1.044239
0.780349
0.525238
1.292936
0.977647
1.622729
0.909998
0.129355
0.797962
1.427834
1.546099
0.598243
1.577089
0.743058
0.879601
1.232133
0.543988
0.661454
0.621328
0.726395
0.855283
0.576046
1.751845
1.049214
0.745192
1.348054
0.795884
1.281036
1.365770
0.992230
1.010534
1.447267
0.917680
0.520505
0.606636
0.951803
1.282364
1.235403
1.436740
0.807354
0.547656
1.161122
1.765348
1.572603
0.985521
1.141879
0.521410
1.134390
0.741196
0.949500
0.749629
0.977511
0.694597
0.882580
0.533031
1.453457
0.502051
0.527555
0.749383
1.341333
1.470782
0.286774
1.043261
0.473273
0.820919
0.724711
1.103398
0.586531
0.790204
0.596645
0.450568
1.211109
0.747294
1.108990
0.650963
1.564511
1.124798
1.117272
0.569510
1.013593
0.986356
1.701245
0.875006
1.074087
1.237290
0.685151
1.541440
0.917494
1.369926
0.632759
1.342179
0.703259
0.697309
1.150048
0.876668
0.575837
0.723162
1.059295
0.517700
0.935357
0.947018
0.983289
0.892791
0.680886
0.831973
0.255073
1.374531
1.193409
0.291500
0.916875
0.995622
0.592503
0.407286
1.455770
0.446200
0.811787
1.164701
0.691827
0.832862
1.233777
0.991598
1.125228
1.105954
0.386343
1.017576
0.557215
1.405811
0.945851
0.864918
1.091745
1.244045
0.769447
0.680334
1.350477
1.419352
0.319412
0.737089
1.535567
1.945238
0.510846
0.707311
1.222966
1.150467
0.605951
1.013208
0.432939
1.045062
0.521670
1.507671
1.046892
0.976825
1.171206
0.957075
0.804793
0.827887
0.690631
0.733709
0.870964
0.866564
1.224109
0.809830
1.418793
0.845746
1.179228
0.996113
1.020874
1.411201
1.143960
0.792130
0.827759
0.365945
0.908848
0.796502
0.937333
0.908204
0.769407
0.577758
1.402526
0.784835
0.413514
0.766410
0.498902
0.504087
0.529812
0.191517
0.941498
0.693226
0.769487
1.565014
1.164426
1.494643
0.433518
1.009568
1.286321
0.467596
0.992683
0.421503
1.674069
0.996059
1.139261
0.437396
1.599794
0.535533
0.646299
0.875469
0.926703
1.182113
0.522770
0.923685
1.230938
0.845046
0.628573
0.429974
1.626823
1.001329
1.269089
1.404184
0.745216
1.423185
1.068577
1.517960
0.412386
0.954191
0.869339
0.836140
1.514897
0.803358
1.429300
0.916768
1.497459
0.899480
0.615411
0.361474
1.092748
1.888951
1.283216
0.940580
0.691378
1.161485
0.069911
1.101229
0.574081
0.927833
0.566555
0.978934
1.153087
1.082381
1.275243
0.758912
0.911946
0.329619
1.116806
1.122651
0.682512
0.932521
1.831860
0.442999
0.941729
0.675039
0.842916
1.280050
0.776891
0.932803
1.077115
0.740302
0.956541
0.840430
0.646863
0.506934
1.822928
1.387511
0.441679
1.660549
0.490875
0.794161
1.744491
0.942982
0.257361
1.189175
1.283660
1.576575
1.338990
0.785455
1.680492
1.795777
0.748561
0.767686
0.829958
0.991247
2.084144
0.611536
0.549577
0.672463
1.056254
0.976283
0.498654
1.186533
1.273773
1.299289
0.404210
0.251632
1.202783
1.427168
1.323749
0.976377
0.575272
0.682050
0.732784
0.858567
0.770071
1.173155
0.909445
0.966841
0.343250
0.466725
0.546974
0.540098
0.529377
0.460605
1.056324
1.153682
0.402075
0.372119
1.594972
1.190863
0.840878
1.010821
0.975096
0.473858
0.570951
0.658191
1.039300
1.327529
0.521251
1.157378
0.324426
0.827034
0.675829
1.524654
1.374732
0.674787
0.758829
0.619019
0.823756
0.621887
1.333271
0.158478
1.089192
0.480806
0.684777
0.665907
0.839619
1.113783
0.864861
0.284656
1.201623
0.593466
1.299367
0.761079
1.039685
1.178835
0.309336
0.266596
1.283091
1.272390
0.601762
1.080518
1.081914
1.286236
0.467731
0.722290
1.185695
1.007535
0.739901
0.216588
0.720395
0.749867
0.571846
1.904179
0.551448
1.016411
0.539241
1.086110
1.279128
0.761834
1.272012
1.285777
0.657575
0.209487
0.798571
0.745706
0.604925
0.537004
1.927946
0.860102
0.780313
0.720095
1.059509
1.898674
1.264721
0.511910
0.796340
0.565626
0.512415
1.211216
0.860948
0.612731
1.348575
0.799321
0.908508
0.582920
1.052450
0.757435
1.235181
0.258613
1.142290
0.946357
0.338080
0.785182
0.788789
1.724524
0.226881
1.241021
0.665629
1.183550
1.095857
1.273977
0.558952
1.556486
0.630699
1.048479
0.844614
1.150057
1.067438
0.891932
0.725643
0.695708
0.611899
0.495449
0.649498
0.604188
1.012504
0.575285
0.846191
1.195376
1.646108
0.526304
0.392845
0.629825
1.084041
1.233456
0.463353
0.417626
0.488327
0.875494
1.223092
1.113402
1.679321
0.654427
0.866197
1.139840
1.436763
0.484020
0.814224
0.728467
0.831755
0.429861
0.477893
0.955638
0.457063
0.310074
1.109684
1.696765
0.754444
0.701309
1.605653
1.011005
1.355600
0.582942
0.948025
1.869303
1.154938
0.824864
1.063548
1.064425
1.018498
0.845049
1.087671
0.731640
0.979718
0.913367
0.836355
0.931832
0.746713
0.638570
1.173431
0.158750
0.878775
0.387844
0.972609
1.313110
0.788468
1.329216
0.556896
1.236292
1.028398
0.736134
1.120922
0.315139
1.437642
0.557271
1.034327
0.286331
0.654571
0.594246
1.232496
1.144452
0.377516
1.015459
0.555102
0.843209
0.610776
0.420519
0.153445
0.903190
1.757145
1.418246
1.075417
0.796318
1.293752
1.067317
1.168751
0.968798
0.621717
0.810148
0.747522
0.499837
0.654150
0.708185
0.826813
1.346005
0.419527
0.454886
0.773602
0.790565
1.390537
1.160409
1.080987
0.627175
0.686022
1.394031
0.502721
0.713258
0.496586
0.621063
1.397936
1.362396
0.858310
0.365338
0.827446
1.746977
0.643098
1.119442
1.274532
0.903348
1.292870
1.247664
1.237274
0.700414
1.136964
0.933344
0.468855
1.084579
1.261980
0.786515
0.339632
1.234270
1.186112
0.818157
0.310154
0.660773
0.219121
0.344857
1.587440
1.215884
0.713318
1.018202
0.740441
0.467261
0.670930
1.519508
1.910775
1.471403
0.570810
0.660517
1.074123
0.724844
1.251778
0.684397
0.713440
0.645576
0.700434
0.249668
0.478875
0.658464
0.795942
0.408675
0.876589
0.104814
2.206599
1.518232
1.071883
1.287939
1.288964
1.055102
0.551131
1.185213
0.470104
0.624200
1.234280
0.735347
1.369068
0.266250
0.888387
0.550477
0.499384
0.609324
0.835763
1.002129
0.661638
1.092033
0.707898
0.676459
0.701757
0.838661
0.380166
0.915827
0.635436
0.864316
0.925310
0.561293
0.276723
1.112017
0.760776
1.521318
1.121944
0.451163
0.877544
1.388485
0.462165
0.935129
0.837689
0.756499
0.970113
0.653256
0.942258
0.688460
0.446778
0.906608
1.253256
0.341352
0.719456
0.454585
0.548132
0.891991
0.299254
1.685288
1.218315
0.968889
0.940466
0.739845
0.991070
0.660220
0.153388
0.498140
1.040412
1.010996
0.664957
1.328722
0.876831
0.357406
1.265471
0.874132
1.108993
0.484157
0.379659
0.730632
0.736433
0.694700
0.724307
0.641255
1.126422
0.834450
1.339585
1.579394
0.856057
0.768426
0.681401
0.636698
0.274859
1.527240
0.984147
0.993243
0.620297
0.724108
0.864802
1.036042
1.740797
0.274490
1.219285
2.395399
1.496755
0.983141
0.846848
0.843655
0.751121
0.336050
1.270746
0.593468
1.127680
0.447955
1.764925
0.718236
1.156465
0.563417
0.269281
1.527688
1.220070
1.643288
0.704841
0.874862
0.991189
0.694465
0.587097
1.687173
0.659635
0.682582
0.933643
0.625875
0.571708
0.711036
1.363289
0.773275
1.621288
1.403286
1.302904
0.894008
1.100120
1.220218
1.009246
0.822278
1.049762
1.050509
1.029627
0.351403
0.727017
0.812642
0.404990
1.300653
0.234245
1.349445
1.390843
0.563278
0.655550
1.179775
0.865250
0.246909
1.355309
0.632760
1.203208
0.529515
1.198263
1.726214
0.508141
0.654123
0.914203
0.805108
0.928664
0.673700
0.711320
0.957517
0.482911
0.850963
1.137371
1.154521
1.050852
0.986844
0.851711
0.977481
0.295321
0.728545
0.496289
1.083296
0.721292
1.028890
0.939170
1.654114
0.535053
0.994619
0.948986
1.464330
1.070415
0.606132
0.782416
0.522765
1.484447
0.984687
0.399476
0.609475
0.657810
1.859814
1.296364
1.151369
0.787169
0.654365
1.462331
0.861551
1.305424
0.861267
1.359732
1.270852
0.361243
0.635924
0.785123
0.735787
0.582324
0.941510
1.076794
0.906325
0.642277
1.303222
1.310400
1.008415
1.086205
1.390209
1.240748
1.347536
1.044415
0.807989
0.690148
0.890171
0.437206
0.593351
0.381277
1.429485
1.956948
0.700787
0.580567
0.752727
0.814220
1.860490
0.833375
1.495986
0.845494
0.403708
0.410790
1.266005
0.773362
1.096418
0.985525
0.330720
0.876746
0.615760
0.250075
0.756243
0.098283
0.600060
0.616628
0.533131
1.488216
1.074691
1.219571
0.948961
0.738578
0.677835
0.909934
1.355882
1.254377
0.603242
0.518748
0.503226
1.774292
0.794909
1.334901
1.040428
1.526165
0.648390
1.599389
0.669937
0.696389
0.633196
1.118759
1.365874
2.039730
0.703382
1.187773
1.201744
0.866626
0.979097
1.230677
1.244440
0.584889
1.138289
0.520639
1.037491
0.807921
0.778533
1.671351
0.884071
1.495434
1.443268
0.750312
1.229489
0.806662
1.170782
0.746649
1.243438
0.707762
0.949171
0.329978
0.888144
0.388857
0.651519
1.070945
1.153054
1.101972
1.817309
1.324392
0.799000
1.621944
0.992409
0.330709
1.223236
0.809776
1.404467
0.637542
0.391728
0.862269
1.225339
0.971568
0.606033
1.003167
1.598130
0.936469
1.038563
0.616340
0.450423
0.792012
0.562750
0.491473
0.690938
1.285798
1.080124
0.683714
0.739868
1.261720
0.379270
1.002503
0.314731
0.839047
0.436005
1.021643
1.299363
1.188688
0.746109
0.968147
0.290160
0.329969
0.864361
0.406974
1.320534
1.336809
0.324011
0.604119
0.699124
0.890646
0.401927
1.478246
0.918109
1.191913
1.022606
1.738031
1.074931
0.769588
0.603572
0.918194
0.854700
0.404599
1.439296
0.990373
1.080474
0.956606
1.137601
0.498021
0.409272
0.800803
1.053458
0.701289
0.750155
1.093811
0.773632
1.729385
1.574842
0.547496
0.879924
1.343324
0.684187
0.623252
1.195496
1.607826
2.011354
1.124179
1.249872
0.730253
0.864930
0.898853
1.116925
0.888586
0.674635
0.786976
0.972036
0.991548
1.420817
0.603551
0.403183
0.782849
0.221126
1.406662
1.090895
0.488151
1.204660
1.186627
1.026159
0.208692
0.516580
0.593943
1.052773
1.091492
1.238960
0.841776
1.061741
0.805627
1.110645
0.695338
1.367205
0.972307
2.300856
0.388061
1.360560
0.794970
0.634031
0.867129
0.821890
0.916357
1.042007
0.985315
0.227448
1.426339
0.678495
0.402961
0.839214
0.465482
0.951212
0.560773
1.239147
1.306651
0.372456
1.456966
0.486495
1.634493
0.578577
0.663154
0.877850
0.548937
0.556202
1.168704
0.815656
0.805671
0.478579
0.738499
1.154140
1.386111
1.216588
1.566607
0.795092
0.758799
0.550038
1.167647
0.314374
1.518794
0.241177
1.471318
0.826840
0.687134
0.658221
0.465566
0.731018
0.667530
1.437800
0.518538
0.370125
1.049039
0.797716
0.861730
0.492551
0.926570
1.079743
1.015326
0.533633
0.607569
0.938639
1.430346
0.823914
0.675246
1.486780
0.482601
1.172183
0.884229
0.793252
1.563027
0.616826
1.916458
0.838204
0.473340
1.097972
0.703856
1.214198
0.499765
1.355233
0.469654
0.749411
0.669604
1.428759
0.394269
0.593633
0.480631
0.994459
0.564170
0.926063
1.035386
1.634236
1.104691
0.729502
0.569351
0.405813
1.276711
0.670079
1.105552
1.021451
1.314094
0.510278
1.264384
0.415456
0.924298
0.800226
0.189668
1.026677
1.006967
1.085641
0.602222
1.334530
0.478585
1.239356
1.621969
1.366971
0.578513
0.974610
1.087538
0.778350
1.009242
1.224991
0.282774
0.785445
0.805862
0.249709
1.250650
1.154475
1.045769
1.041747
0.891983
1.130369
1.442775
0.439313
0.606969
1.537343
0.957760
0.791094
1.175493
0.991568
0.591281
0.549629
1.226278
1.394414
1.074448
0.689516
1.068202
1.643910
0.995279
0.863820
0.799675
1.383422
0.921941
0.570849
0.537493
1.289871
1.015684
1.181266
1.091694
1.012498
1.106996
0.651442
1.137335
0.653453
0.913339
0.690043
1.111815
0.744303
0.451648
1.099814
0.642421
1.492129
1.568654
0.546414
1.610887
0.886559
1.347449
0.683323
0.358957
1.176760
0.789091
1.070509
0.565396
0.080428
1.021363
0.418394
0.845047
1.091929
1.179511
1.015213
0.989204
1.593012
1.775552
0.597955
1.037836
0.993864
0.709806
0.854691
0.595983
0.684633
0.876475
1.697652
0.834569
0.816954
0.543246
0.838220
0.649208
0.803204
1.467270
0.929753
1.260899
0.790375
1.262371
0.803121
1.500942
1.544797
1.758918
1.129847
0.484782
1.004594
1.124376
0.723340
1.991881
1.168827
0.918337
1.227511
0.847174
1.416892
0.297698
0.404566
0.709160
0.939726
0.902389
0.361663
1.071492
2.022788
0.864912
0.417326
0.684954
1.204861
0.752663
0.628004
1.452991
0.794323
0.810910
0.260863
1.320115
1.087372
1.450403
0.284570
0.992220
0.858565
1.211324
0.563427
0.484080
0.927008
0.658857
0.757212
0.621416
0.684334
1.029533
0.891603
0.728243
0.354370
0.598870
0.712919
0.186382
1.230480
1.039377
0.435522
1.321298
1.898420
0.976006
0.907266
1.784537
0.847789
1.963320
0.438360
0.773983
0.230249
0.438835
0.723597
0.380413
0.843133
0.370856
0.868941
1.751396
1.135643
0.552769
0.884105
0.675577
0.433970
1.188252
0.639575
0.670902
0.543099
0.460216
1.074345
0.731435
0.833573
1.020957
0.734152
0.644411
0.585833
0.408220
1.589123
1.041875
1.409102
0.574159
0.796611
0.906027
1.176225
1.424093
0.115580
0.907294
1.282237
0.995391
1.026162
0.846319
0.216050
2.504529
0.765136
0.798455
0.781838
1.143713
1.097059
0.393453
1.020455
0.966519
0.687908
1.075056
0.903190
1.265355
1.192290
0.570430
0.264761
1.319995
1.472759
0.624453
0.556546
0.784780
0.188178
1.057528
0.444546
0.888243
1.308437
0.362991
0.967706
1.194917
0.569061
0.878773
0.596956
2.367866
0.616062
1.200765
0.926834
0.779626
0.827591
0.850779
0.677465
0.652576
1.169404
0.554702
1.514492
0.836264
1.339740
0.598212
0.892160
1.802880
1.125518
0.427640
0.699911
2.234720
0.481553
0.946146
0.798393
0.927610
0.994678
0.671791
0.710556
0.810913
0.790086
0.863362
0.711341
0.249955
0.856599
0.514748
0.537482
1.100048
0.750745
0.429533
0.686252
0.794295
1.326905
0.358657
1.516965
0.448138
0.148689
0.553302
0.584868
0.832929
0.926647
1.169648
1.063604
0.678890
0.361007
0.558518
0.894486
0.077268
0.841702
0.453786
0.194078
1.096049
0.355694
0.278794
1.437056
1.002569
0.859717
1.187087
1.384649
0.895635
1.076853
0.617382
0.458874
0.653217
1.591043
1.863055
0.574383
0.879259
1.181750
0.107983
0.370939
1.145661
0.587220
1.265028
1.448833
0.896710
0.764662
0.829230
0.693711
1.277964
0.538137
0.784997
0.421747
0.925742
1.111627
0.920929
0.478070
1.244492
0.956236
1.532914
0.714094
1.230904
0.640291
0.715772
0.612132
0.566744
0.425013
0.875210
0.395239
0.908567
1.195777
0.808415
0.825873
0.814401
2.063417
0.949557
0.984612
0.685993
0.458773
0.400654
0.428039
1.134099
0.819613
1.481467
1.081293
0.660863
0.700963
1.250065
0.837311
0.555890
0.745568
0.387113
1.321374
0.694123
0.648095
1.428699
1.353988
0.696485
0.794906
0.903057
1.533596
0.871824
1.107219
0.492690
0.869649
0.699284
0.511211
0.342219
0.432171
0.603033
1.180761
0.959138
1.245295
1.063792
0.231284
0.593633
1.031420
1.196256
0.581571
0.722398
1.386730
0.603555
0.537719
0.371800
0.490802
1.746524
1.568704
0.847343
1.400443
0.961016
0.817663
0.655365
1.122332
0.505709
0.303478
0.910050
1.231997
0.727695
1.506394
1.187527
0.835777
0.391333
0.241427
0.889110
1.330318
0.220899
0.393226
0.322672
0.401707
0.640359
0.915072
0.533539
0.969877
0.901631
0.516521
0.436254
1.262387
0.975117
0.958879
0.978691
0.878069
0.911805
0.838140
0.633053
0.630012
1.180841
1.042339
1.337717
0.739856
0.993605
0.571167
0.905012
0.631217
1.029093
1.135979
0.410155
0.914492
1.191752
0.733420
1.265389
1.293193
0.982906
0.970396
1.230366
1.326594
1.443303
0.725305
0.752755
0.435000
0.934590
1.533419
0.878006
1.542905
0.629105
0.434783
0.371515
1.266631
1.080643
1.023015
0.261573
0.265504
0.730141
0.758226
1.173227
0.657555
0.874035
1.385800
0.901200
1.313415
0.609706
1.345839
1.334396
1.000610
0.594346
0.602910
0.513054
0.294311
0.781719
0.639754
0.971847
0.262249
1.374921
0.532914
1.223050
1.355967
0.779467
1.071227
0.544939
0.657829
1.063667
1.152022
1.277789
1.233279
1.170726
0.336483
1.200159
0.973364
1.545444
1.041077
0.572482
0.737766
0.586033
1.586174
1.142008
0.956012
1.086391
0.944239
0.759817
0.798363
0.451130
0.707813
1.395050
0.388315
1.055748
1.144354
0.424898
0.888225
1.369893
0.693733
0.403029
1.312050
0.619593
1.172486
0.924045
1.080053
0.554696
0.475840
0.978727
0.906808
0.520746
0.949204
1.260839
0.767595
0.336925
1.112909
0.461984
0.942249
0.675641
1.166725
1.363234
0.667914
0.934887
2.194334
1.472773
0.991448
1.074490
0.636334
0.809701
0.123157
1.307724
1.850225
0.666903
0.980836
0.712074
0.697156
0.544492
0.915080
1.293170
1.246935
0.119614
0.305693
0.216996
0.664059
0.902766
1.849724
0.321027
0.702313
1.842519
1.685293
0.650613
0.787954
0.968424
0.548934
0.735095
1.137702
0.600139
0.150081
0.919281
0.387138
0.609718
1.270114
0.966523
0.267590
0.904299
0.495308
0.623937
0.500829
0.563078
0.632182
1.621384
0.861708
0.952144
0.454939
0.876738
1.501722
1.088659
0.192693
0.573408
0.780304
1.995285
0.745981
0.782325
0.617513
0.645866
0.832616
1.857808
0.398155
1.061840
0.797311
0.491278
1.189136
0.183019
1.018319
1.154242
0.411675
1.067455
1.106662
0.749072
0.943368
0.991791
0.986778
0.854879
0.734054
1.175304
1.996381
1.396920
0.609873
1.407568
1.124757
0.832453
1.093255
0.819005
0.552565
0.962212
1.366430
0.663957
0.654184
0.883344
1.448308
1.136653
0.603523
0.973785
0.681659
1.229690
0.500524
1.221619
1.298853
0.547842
0.676111
0.758637
1.001745
0.980633
0.491770
0.750973
0.694736
1.401055
0.905973
1.328388
1.285523
0.480756
0.984718
0.811345
0.928794
1.215283
1.187509
0.734702
0.856323
1.150232
1.071989
0.795636
1.057285
0.384872
0.639375
1.033998
0.288603
0.966708
0.937412
0.920023
1.803335
0.858755
0.379763
0.910921
1.244037
0.328948
1.161396
0.694638
0.154397
1.264153
1.648029
0.658310
0.758700
0.794390
0.774693
1.534751
1.335889
0.786262
0.937635
0.844360
1.242015
1.091617
0.186987
0.942795
0.995611
1.401133
0.465517
1.235556
0.496985
0.792953
0.595477
0.798060
0.698012
1.058288
0.861761
1.300046
0.751451
1.231856
1.078558
0.473177
0.817414
0.369757
1.626306
0.692429
0.253831
0.747700
0.749669
1.825329
0.544558
0.773824
0.837581
0.535289
1.283456
1.213383
1.600947
0.553513
1.386398
1.056194
0.322582
0.732146
0.812692
0.244706
0.936653
1.716417
0.271850
1.101033
0.495425
0.708276
1.002047
0.644849
0.946732
1.041574
0.488067
0.570443
0.806207
0.732326
1.217359
0.831938
1.222934
0.510189
0.541081
0.468903
0.695320
0.850554
0.332638
1.268458
1.318919
1.527297
1.124701
0.723200
0.845824
1.466272
0.542595
0.793852
1.905253
0.992289
0.922783
0.360068
1.084931
0.572098
0.711444
0.864149
1.213593
1.213202
1.752107
1.380839
0.422648
1.851349
1.328651
1.062479
0.930455
0.646309
0.900562
1.535567
0.972264
0.672401
0.594000
1.563342
0.908934
0.693233
1.004949
0.805900
0.931370
0.796801
1.179422
1.066290
0.830324
0.892293
0.944590
0.836127
0.839286
1.369183
0.930131
0.878499
0.973036
0.956978
0.826785
1.044484
0.779148
1.120046
0.822189
1.182222
1.733850
1.071729
0.619574
0.436875
1.386757
0.748566
0.980758
0.632583
1.019768
0.765529
0.815704
0.481687
0.860747
1.249957
1.125334
1.430108
1.065424
0.889496
0.588754
0.673992
0.842802
0.656625
0.848432
0.575683
1.000358
0.822120
1.043519
0.602796
0.495676
1.062551
0.808087
0.614585
0.501509
1.554581
1.402125
0.765231
0.697155
0.334439
0.767947
0.856605
0.957751
0.714342
0.889162
0.930244
1.283354
1.508349
0.785980
0.668843
0.924892
1.425177
0.841751
0.799474
0.911600
1.104512
0.824513
0.345139
1.493308
1.475552
0.575269
0.991054
0.883044
0.492084
0.883574
1.061408
0.391398
1.528648
0.567553
0.597513
0.431103
1.005493
0.630288
0.933721
0.976504
0.297988
1.270312
1.307485
0.958138
1.627995
0.808643
1.379489
0.902899
1.011048
1.619911
0.918180
0.605049
1.255722
0.742834
0.918382
0.580446
0.679553
1.686934
0.932572
1.387906
1.122984
0.815191
1.617522
0.340854
0.510101
1.788529
1.096202
0.869836
0.874035
1.425582
0.424618
1.649248
1.282779
0.626166
1.017587
0.443573
0.929389
0.358681
0.585014
0.585690
0.306342
0.168411
0.906486
0.561307
0.647887
0.845371
0.492221
1.601218
0.652130
0.365127
0.729689
0.395322
0.711422
1.438473
1.629547
1.038605
0.880872
0.882718
0.635286
1.097022
0.958077
0.371089
1.292658
0.933104
0.935918
0.409426
0.576224
1.389117
0.883880
0.186689
1.223426
0.786745
0.958271
0.559758
0.482431
0.540958
1.388076
0.511418
1.180282
0.531779
0.529158
0.896928
1.152963
0.724894
0.705825
0.817989
1.003050
0.388534
0.354065
0.717037
1.404613
1.794837
0.795544
1.199411
0.757500
1.162309
0.878940
0.840053
0.285024
1.225641
1.199188
1.186032
0.774116
1.540069
1.173669
0.966777
1.026592
0.532614
0.730209
1.852175
0.929607
0.836812
0.248106
1.617808
0.967319
0.654727
0.826413
0.667281
0.984723
1.038376
0.893636
0.630988
0.342327
1.555633
1.000471
0.615795
0.338549
0.361035
0.951728
0.555813
1.772010
0.971611
1.099911
0.834518
1.317263
0.806467
1.238310
1.166509
0.527815
0.431432
0.906120
0.749634
0.659022
1.005219
0.451599
0.512164
1.611780
1.204168
0.448976
1.507463
0.785170
0.978980
1.173451
1.171253
1.081071
0.611238
0.979890
0.800720
0.817476
0.793232
0.953124
0.843773
1.052178
0.962185
1.066192
0.438567
1.418011
0.943729
0.228038
1.376944
0.559910
0.985041
1.184631
0.690761
0.732476
0.703010
1.221596
1.565297
1.010989
0.757388
0.374464
1.504811
0.540393
0.951046
0.444738
2.150159
1.144751
0.936844
0.623512
0.347333
1.039179
0.990978
1.566536
1.117363
1.188631
1.026539
0.650901
1.446301
0.392956
1.423538
0.624130
1.359466
1.129385
0.612292
0.654962
0.152227
1.302249
0.447760
1.353285
0.556687
0.770275
0.501408
1.796018
0.351958
0.606603
0.827301
0.704505
0.259437
1.001377
0.637634
0.798455
0.871945
1.257029
1.178338
1.279408
1.328131
0.520547
1.410348
1.140895
1.542554
0.763628
0.650389
0.962702
0.737589
0.766214
0.917807
1.576133
0.464025
1.343168
0.703875
1.158377
0.494446
2.113557
1.188746
0.624285
0.654200
0.706060
0.523107
1.214342
1.451798
1.340424
0.905797
0.682182
0.446413
1.097152
0.847983
0.833160
1.564768
0.935999
0.684052
1.486542
0.651120
1.377954
0.446723
1.533755
1.162851
0.435562
0.410026
0.893210
1.079525
0.532832
0.666334
0.759692
0.604832
0.563223
0.202224
1.083186
1.047638
0.957588
0.214734
1.245776
0.659648
1.526106
0.317754
0.638087
0.595049
0.974182
0.667552
0.572626
0.890030
1.593723
1.136809
0.344655
1.053695
0.220597
0.760706
0.807750
0.270915
0.340206
0.339563
1.324577
0.751328
0.849449
0.246951
0.662639
0.646516
0.705673
0.689622
0.921808
0.369397
1.605368
0.939755
1.225865
0.975154
0.883788
0.742520
0.990362
1.404959
0.848431
0.884206
0.836234
0.196512
0.462590
0.602757
0.894483
0.990260
0.400628
0.798473
0.569873
0.670975
1.118904
0.490299
1.172268
0.520562
0.391885
0.645056
0.443491
1.299353
0.324349
1.642230
1.733882
0.696423
1.283288
0.979333
0.628913
0.961331
0.320647
0.820202
0.786618
1.424039
1.487023
1.442559
1.536468
1.022338
1.803419
0.916465
1.078502
0.786781
0.382410
1.293401
0.983613
1.359183
1.133092
1.100217
1.188739
1.107534
1.459850
1.248859
0.456807
0.579606
0.434349
0.995321
1.914969
1.460297
1.642798
0.863262
0.933928
0.779106
0.597019
0.272390
1.141886
0.933448
0.428852
0.714871
0.767715
0.949630
0.830691
0.882237
1.087986
1.492736
0.790915
1.074040
0.917201
0.833918
0.611156
0.870603
0.351421
1.196774
1.071026
1.068902
0.725358
1.214411
1.389455
1.105009
0.750736
0.826831
1.088400
0.778445
1.671947
0.168626
1.294178
0.599108
0.862728
0.483619
0.784679
0.659958
1.329429
0.912607
0.856870
0.516303
0.480848
0.779324
0.867091
0.947926
1.010175
0.754798
0.567896
1.129558
0.687420
1.077344
0.178272
1.063080
0.344816
0.865281
1.233500
1.199597
1.196031
1.562380
0.454200
0.811188
0.361653
1.119222
0.979191
0.752101
0.576998
1.683025
0.936444
0.781068
0.798959
0.754694
1.395839
1.754250
0.628964
0.568587
1.948170
1.753831
0.654426
0.715743
0.886012
0.507613
0.920239
0.809492
0.660116
0.384832
1.366661
1.360258
1.537862
0.826815
1.639048
0.991063
0.807791
1.287172
1.156853
1.027417
1.555122
0.594525
0.371865
0.970662
0.503784
0.911463
0.193766
1.446937
0.970614
0.667887
0.378212
0.197416
0.874851
0.413839
1.613980
0.737629
0.916595
0.520440
0.725798
0.506287
1.489462
2.010621
1.732351
0.736633
0.961112
0.677052
0.430425
1.570880
0.759263
1.032299
0.648128
0.867034
0.623212
0.443811
0.887290
0.638823
0.869463
1.259541
0.952985
0.725029
0.840862
0.728009
1.224590
1.219136
1.226997
0.397773
1.451440
0.336890
0.965934
0.999949
0.954744
0.622499
0.717515
0.732036
0.247143
0.587891
1.898268
0.766058
0.906881
0.722280
0.676584
1.235291
0.906025
0.835250
0.355074
0.958123
1.082842
2.034727
0.672556
1.164531
0.556866
0.491455
0.775443
1.202428
1.477679
0.729278
0.776051
0.448803
1.624312
1.729445
0.937350
1.561251
0.649111
0.869901
0.560046
1.155993
1.575758
0.634007
0.858407
1.008351
0.169348
1.103977
1.282893
1.141286
0.941576
0.677624
1.160855
0.375973
0.602818
1.381833
0.273585
1.558999
0.355947
0.458740
1.901211
1.989551
0.899555
0.484165
1.144965
0.857597
0.870510
0.842130
0.698776
0.993896
0.974630
0.633384
0.359107
1.210491
0.835967
1.115162
0.451681
1.252910
1.073908
1.259728
1.036524
0.833634
0.927157
0.446514
1.479400
0.503078
2.459331
0.810155
1.078067
0.883700
1.135859
1.399956
0.635442
0.866664
0.703125
0.321241
0.883388
0.860068
1.399756
0.777876
0.927192
0.597718
0.545741
0.910076
1.180144
0.571338
1.179500
1.782535
1.026949
0.759795
1.075257
1.235449
0.603746
0.494115
0.769353
0.899962
1.278836
0.906029
1.225714
1.009963
1.007461
0.944065
1.674545
1.414059
0.642316
0.709976
0.512644
0.894307
1.562501
0.778336
0.885743
0.475954
1.223457
0.695577
0.206344
0.754873
0.395833
0.956248
1.360120
1.007489
1.383004
1.380580
1.213576
0.214861
1.210491
0.675023
1.466462
0.667077
0.568741
1.427909
1.331251
0.603686
0.726926
0.657201
0.627250
0.607877
0.876087
0.679637
1.808136
0.883651
1.100303
0.318627
1.032033
1.068168
0.631249
1.749350
1.280528
1.158754
1.309442
0.715168
0.735381
0.942629
0.604432
0.492751
0.940537
0.663447
0.806071
0.731378
0.774262
0.847966
0.519504
0.728914
0.913372
2.000422
1.251031
0.500929
1.079482
0.856681
0.536242
0.520004
1.757271
0.692288
1.675665
0.928219
0.471339
0.544247
0.846032
1.355202
0.661267
0.560147
0.797432
1.549574
1.095432
0.978238
1.128735
1.204904
0.945951
0.614377
0.648044
0.656194
0.229015
1.598554
1.275356
0.611941
1.275715
0.993876
1.293990
0.956275
1.354926
0.869426
1.897087
0.899441
0.663139
0.642057
0.442708
0.856426
2.022937
0.600221
1.497502
0.808517
0.286094
0.896685
0.490787
1.364033
1.408494
1.158455
1.685901
0.532536
0.926662
0.978964
1.724847
0.473259
1.127356
0.900395
0.944782
1.040111
0.547325
0.751172
0.400330
0.751186
1.100935
0.798267
0.855731
0.926176
1.007118
0.680907
0.952867
1.133269
1.002990
1.015710
0.914904
0.274660
0.728728
1.256863
0.945939
1.179640
0.958774
0.617367
0.866089
1.666328
1.324474
0.764048
0.379679
1.338785
0.236619
1.723458
1.072482
0.964456
0.887919
1.145247
0.770128
0.300311
0.973709
0.971443
0.670257
0.617970
1.346535
1.419827
1.854577
1.012721
0.719907
0.243003
0.763377
0.900612
0.919403
1.151062
0.341749
0.747503
1.270026
0.662424
1.348999
0.524714
1.328169
1.407119
0.582953
0.812000
1.201536
1.616960
1.216931
0.686556
0.786694
1.095973
1.120716
1.284082
0.581928
0.695953
1.130397
1.081224
1.227029
0.668139
1.144120
1.280656
0.701700
0.938636
1.240779
0.987374
0.756386
0.965230
1.437314
0.906825
0.609736
0.775689
1.151561
0.819891
1.584828
0.731425
0.853639
0.499582
0.734300
1.961999
0.825089
0.357812
0.921093
0.482270
1.248360
1.523405
1.542031
1.464449
0.835426
0.896161
0.973698
1.380448
1.090449
0.985499
0.532843
0.877371
0.712931
0.600771
0.709790
0.518376
0.685896
1.760039
0.781051
0.698384
0.556159
0.970331
1.335224
1.378480
0.959866
1.584747
0.493484
0.973780
0.407812
0.950111
0.526839
1.746048
1.924885
0.800187
0.766479
0.614357
0.805281
0.262060
0.478587
0.536973
1.027492
2.092416
1.190537
0.915474
0.667328
0.706682
0.975527
0.911001
0.754590
0.683070
0.868898
1.059713
0.858962
0.870168
1.378275
0.779011
1.613219
0.720244
0.950228
0.677567
1.463969
1.558523
0.763892
0.695662
1.163430
0.817515
0.253163
0.665202
0.748760
1.995294
0.761509
1.325506
1.328206
1.345350
0.755080
0.719533
0.791970
0.919322
1.519589
0.724769
1.533320
0.640503
0.587530
0.744965
0.514076
0.960971
1.391455
0.880284
0.284022
0.302627
1.327763
1.496906
1.414258
0.714502
0.305226
0.707527
1.211062
0.301971
0.492120
0.920018
0.913322
1.159957
0.435592
1.135519
0.690458
0.708086
0.522594
1.114921
0.645018
0.872244
0.892969
1.636529
1.575235
1.098272
1.385195
0.624397
0.851460
1.017146
1.116943
1.328492
1.286821
1.533907
0.993869
0.664292
0.937757
0.943747
0.728945
0.783745
0.858501
0.992915
0.475954
0.927882
0.724355
1.233835
0.934626
0.696850
0.790205
0.854668
0.657007
1.254288
0.619951
0.744607
0.649220
0.559908
0.707919
1.665329
0.511192
0.243494
1.640381
1.288198
0.425778
0.544581
0.275827
0.880109
0.731136
0.882296
1.136091
1.047169
1.148299
1.616703
1.021313
1.104608
0.949117
0.899188
0.541786
0.952979
0.707934
0.877518
0.756939
1.318875
1.355790
0.381118
0.944480
0.689796
0.482585
1.330654
0.789544
1.152081
0.971974
2.312668
0.741958
1.924562
1.205383
0.572308
0.696335
1.727252
0.437085
0.945178
1.084466
0.834301
1.575409
1.175041
0.665774
1.065889
1.461735
1.972704
1.176976
0.179819
0.843918
0.654724
0.602113
0.918960
1.051421
0.827619
1.806879
0.989441
0.646082
1.176184
0.392579
0.706912
1.037044
0.547118
0.792853
0.432266
1.316580
0.936233
1.610179
0.947231
0.599033
0.752500
0.755446
0.715389
0.810102
1.429505
0.540864
1.284267
0.505921
0.809811
0.290412
0.830980
1.539525
0.935043
0.902311
0.796582
1.404207
1.048495
0.470284
0.719051
1.102658
1.167170
1.000517
0.835013
1.298339
0.680690
0.478315
1.152991
0.950331
0.856014
0.728035
1.266862
0.203814
0.149812
1.367312
0.576983
0.494339
1.403221
0.932957
0.603632
0.556975
0.626613
0.737847
0.754489
1.074874
0.719727
1.199140
1.500422
1.453645
0.641857
1.527731
0.622180
0.708665
0.758211
0.938210
1.100916
0.557963
0.227459
0.936045
1.010763
0.801473
1.300175
1.030397
0.611325
1.103902
0.747198
1.008009
0.420960
0.253589
0.885845
0.211981
1.332682
0.541140
0.755451
1.061149
1.074959
1.355583
0.886975
0.932763
0.507507
0.943765
0.140851
1.262190
0.573955
0.454602
0.520474
0.969707
1.437213
0.658784
0.667747
0.707518
1.555537
0.938397
0.408937
1.282442
0.911309
1.310068
0.911803
1.244550
0.973810
0.308124
0.799083
0.641259
1.393623
0.881808
0.783664
0.720169
1.155571
0.659893
0.808291
1.276592
0.996596
0.794532
1.122093
1.051185
0.677309
0.933672
1.256716
0.736211
1.340036
1.300299
0.738093
0.740054
0.942664
1.181326
1.681414
0.798855
0.640585
0.377408
1.739275
0.763478
0.828642
0.756242
1.256618
1.855598
0.898159
0.724131
1.343046
0.866709
1.233761
0.715936
0.419029
1.581184
0.925737
0.896285
0.258584
0.998351
1.212908
0.289687
0.699699
0.671224
1.180378
1.325171
1.457149
1.149182
0.773629
0.647910
0.451284
0.922406
0.367950
0.736890
1.036163
0.486509
0.991645
0.872868
1.144650
0.604863
0.569419
0.558724
1.254481
0.586029
0.753131
0.403416
1.080741
0.837797
0.448083
0.824090
1.025907
0.426269
0.866670
0.304232
0.785543
1.553489
0.479189
1.843263
1.659307
0.834174
1.131253
0.830998
0.700553
0.475393
0.316750
1.734625
1.531751
1.450600
1.686671
0.839780
0.683371
1.027850
1.693750
0.601513
0.568995
1.040376
1.153984
1.476110
1.529786
0.735817
1.040007
0.593128
1.066357
0.740313
1.074894
1.170210
0.537444
0.860445
1.188410
1.160291
1.284317
1.071218
0.200139
0.504348
0.356547
0.558028
0.513020
1.441953
0.340533
1.004381
1.160943
0.514920
0.841616
0.426526
0.986901
0.695007
1.204408
0.640252
0.539802
0.789683
0.968612
0.655882
0.437135
1.212129
0.592795
1.091237
1.705501
0.869796
0.455747
1.364275
0.860316
0.542507
0.656153
0.650416
0.474057
0.747505
0.482945
0.119067
0.995409
0.888410
0.456700
0.942480
0.745968
0.561324
1.752033
0.679493
0.475084
0.552031
1.610213
1.072629
0.591573
1.045291
1.388678
0.973714
1.039699
0.413324
1.131790
1.379072
0.553127
0.906605
0.636190
1.119878
1.393049
0.731579
0.364921
0.950238
1.235003
0.498133
1.002834
0.167284
1.286653
1.343657
0.535641
1.210578
1.474066
0.945380
0.787335
1.073492
1.784435
0.156397
0.663827
0.774736
1.264054
1.222015
0.829786
2.024411
0.729438
0.685215
0.727018
0.963091
1.743438
1.494243
0.999181
1.067123
0.736676
0.785025
1.427467
0.455400
0.743153
1.301685
0.789626
1.106256
0.545232
0.737122
0.906158
0.632367
0.999117
0.881113
0.952288
1.505539
0.594785
1.367455
0.725865
0.655877
1.588446
0.578026
1.262265
1.226234
0.214379
1.010089
0.992767
1.232856
0.520966
0.914121
1.219406
1.119311
0.555854
0.777185
0.769872
1.002112
1.288719
0.711921
0.969815
1.313773
0.547945
0.522730
1.420385
1.036121
0.823445
1.193458
0.660526
0.767127
0.154632
1.601104
0.520750
0.535708
1.087389
1.136174
0.856215
0.901110
1.159091
0.390973
1.629847
1.071104
1.686064
0.554857
0.442056
0.738317
1.039035
0.460076
0.715889
1.379974
1.337551
0.464276
1.119103
1.207524
1.045586
1.418455
1.791848
0.483672
1.483573
1.193884
0.498534
0.256285
1.147753
1.217900
0.677278
0.915924
0.589225
1.087401
0.754072
0.825904
0.538621
0.711807
0.595563
1.329810
0.839309
0.874960
1.315174
1.194275
0.989928
0.590381
0.394847
0.366085
0.189769
0.642738
1.596738
0.794386
1.128523
1.215858
0.894403
0.574619
0.999396
1.107271
1.050196
0.530476
0.565930
0.744245
0.167837
0.511868
0.592587
0.672935
0.229575
0.709410
0.583578
0.592767
0.855088
0.756490
0.697283
0.935782
0.874984
0.649327
1.092625
1.131654
0.955105
1.214754
1.218455
0.825533
0.665970
0.763194
1.278759
1.181333
0.796186
0.516816
1.581590
0.938739
2.022699
1.087854
1.298016
0.890140
0.834225
0.399971
0.518598
0.768413
1.141879
1.152424
1.370518
0.885006
0.467748
0.380557
0.433078
1.099712
0.587042
0.408875
0.566996
0.858534
0.800183
0.958196
1.114796
0.912469
0.603007
1.248580
1.103746
1.351792
1.079232
0.385261
0.619433
0.701779
0.995198
1.114413
1.287635
1.317295
1.024553
0.340086
0.527470
0.564786
0.899697
1.386605
1.233706
0.585707
0.922444
0.937574
1.084693
1.410314
1.232263
1.124960
0.501217
0.660820
0.628715
1.093254
0.438221
1.102297
0.971589
0.565176
0.860915
1.350609
0.769466
0.931677
0.732595
0.704428
1.222685
1.195428
1.083714
1.727903
0.887919
0.856034
0.915913
1.423361
0.969831
1.139060
1.034794
0.708797
0.977174
1.062356
0.883566
0.948978
0.294841
0.629357
0.966642
0.536404
0.820744
0.250333
1.788040
0.498957
0.277634
0.882034
0.577618
1.140652
1.183051
0.771925
1.235607
0.654104
1.175182
1.108728
0.638438
1.444207
1.583679
0.546378
1.470731
0.974011
0.285921
0.438698
0.926627
0.726717
1.326818
0.729371
1.746603
1.129752
0.789395
1.173210
1.189170
2.103953
0.236272
0.625528
1.140045
0.656935
0.918920
0.552879
0.752311
1.563090
0.809482
1.717669
1.132324
1.280095
1.043223
1.030169
0.476916
0.676568
1.188342
0.591606
1.724025
0.904340
0.569520
0.426641
0.698057
1.728550
0.414524
1.202124
0.249474
0.629223
1.590876
1.291157
1.919434
0.439014
1.424597
1.285307
0.856931
0.471980
0.398015
1.101337
0.973990
0.675177
0.646065
1.806710
1.029092
1.321769
0.366448
0.498699
0.879463
1.178443
0.456872
0.810502
0.884497
0.542222
0.939145
0.716286
0.705502
0.666175
1.003647
1.497066
0.358955
1.461818
0.758966
1.143492
0.796648
0.973244
0.948271
0.916078
1.365855
1.024441
0.608023
0.905762
0.595295
1.491135
1.323717
1.160170
0.476540
1.454834
1.094342
0.966258
0.453676
0.560484
0.687583
1.096263
0.983590
1.063378
1.112462
1.217868
1.781714
1.144032
0.479953
0.935076
0.985004
0.726741
0.647209
0.816461
0.723731
0.604005
0.986608
0.588453
1.424365
0.652284
0.985722
0.288771
0.694373
0.840517
0.882497
1.121754
0.507888
0.996777
1.329515
1.028981
1.088739
1.040824
0.327188
0.764449
1.056751
1.250959
1.127188
1.039648
1.370804
0.752785
0.926510
0.873269
0.743178
0.660459
0.833837
1.148364
0.408019
0.412799
0.426866
0.936956
0.766927
1.215835
1.334926
0.392315
0.754470
0.181116
1.265245
1.201975
1.059386
0.693024
0.823612
1.141726
0.537233
0.612361
1.602142
0.095750
0.833568
0.461718
0.683083
1.129042
1.039111
0.768510
0.636201
1.564585
0.261904
0.645260
0.600679
0.433370
0.702391
1.130156
0.916841
0.668123
0.116766
0.673735
1.039872
0.595422
1.222704
0.991414
0.629839
0.626891
0.733037
1.000495
0.271378
0.429804
1.120583
0.600217
0.690920
0.851004
1.173063
1.008749
1.416418
0.761656
0.696016
1.186627
0.818202
1.057334
1.126536
0.743656
0.329048
1.324538
0.741526
0.771528
0.938514
0.254085
0.516104
0.431971
0.440740
1.050937
0.549121
1.561420
0.134186
0.274274
1.021766
0.800088
1.306766
0.451120
1.238256
0.952397
1.169341
0.479607
0.289079
0.566076
0.498709
0.806294
1.192284
1.016283
0.834717
0.651798
0.669637
0.909210
0.903560
0.874196
0.311862
0.766330
0.625087
1.210470
0.845109
0.384390
0.762373
0.805483
0.631217
1.372501
0.995191
1.055200
0.687948
0.684774
0.843431
1.300351
1.218591
1.076441
0.788095
0.802528
0.467087
0.352556
0.493665
1.359399
0.868603
0.616111
0.662147
0.635428
1.088779
0.311901
1.479520
1.526318
0.893675
0.479481
1.016018
0.390697
1.465028
0.523224
0.618588
0.689823
0.884067
0.344436
0.210904
0.976235
0.589793
0.817737
0.929481
1.225902
0.482672
0.438634
1.350643
1.663699
1.070068
1.017001
0.082045
1.036745
0.379010
0.436173
1.021137
1.055744
1.689423
0.980040
1.417575
0.950421
0.507494
1.551946
0.573255
1.355829
1.501721
0.360433
1.304763
0.720681
1.069664
1.170044
0.819736
0.557169
0.408572
1.188117
0.543030
0.918213
0.921893
0.839753
0.533083
1.160466
0.816937
0.731615
1.414150
0.611169
1.264217
1.178609
0.834506
0.482139
0.327459
0.906568
0.506986
1.411410
0.613073
1.159989
0.857451
1.235055
0.941403
0.810580
0.588918
1.004896
1.325560
1.633730
1.887706
0.958616
0.762666
0.903392
0.732531
0.827400
0.657635
0.424359
1.179539
1.402264
0.957829
1.531840
1.407940
0.652688
1.217078
0.695636
0.767487
1.070216
1.710318
0.262208
0.813762
1.127889
1.815598
0.636757
1.426751
0.666459
0.722923
0.950156
0.581564
0.471817
0.936496
0.811957
0.756795
0.925712
1.222777
0.979180
0.573535
0.864464
0.761615
1.123610
1.408179
0.621754
0.281234
1.038239
1.413894
0.613826
0.549538
1.123354
1.051904
0.974877
0.236624
0.479327
0.746916
0.948546
0.581192
0.718603
1.024251
0.631314
1.173917
0.825793
0.329495
1.008271
0.992303
1.043056
0.737938
0.377156
0.240451
1.219011
1.620753
1.268001
0.710671
1.331245
0.592427
0.746397
1.262179
0.669734
0.366428
0.522535
0.638466
0.538889
1.120484
1.420164
0.910562
1.394817
0.740789
1.511809
1.017315
1.853114
0.737195
1.200888
1.506675
0.405906
1.350002
2.209248
0.559316
0.649634
0.992882
1.362231
0.425945
0.897730
0.336277
1.690696
1.059553
0.556661
0.782058
0.423472
0.944082
0.617739
1.047224
1.306395
1.106274
1.210716
0.909441
0.394406
1.231727
1.314309
0.353193
0.739363
0.416290
0.360723
0.681550
0.252776
0.341963
0.808581
0.967333
0.629238
0.841203
1.151663
0.634824
0.221926
0.785477
0.499857
0.778052
0.850233
1.348293
1.446191
0.525223
0.156424
0.742835
0.379548
1.030458
1.901282
0.783926
1.011356
0.924463
1.411766
1.172378
0.620938
1.283559
0.925031
1.201228
1.506171
0.237889
1.456835
1.076206
0.622994
0.497535
1.976446
1.327141
0.586415
0.259809
1.292129
1.103524
1.115196
1.343884
0.503551
0.209370
1.683691
1.372624
0.796842
0.909612
0.310919
1.257100
1.047565
1.394587
0.858676
1.641028
1.103074
1.787936
0.601413
1.087875
0.856443
0.587356
1.495167
1.008036
0.502336
0.971725
0.351396
0.580295
0.421346
1.183314
0.228334
0.514728
0.579288
0.958178
1.251823
0.564141
1.426535
0.730631
1.233783
0.617364
0.639273
0.774705
0.998657
0.613727
0.815181
1.250995
1.439610
1.149558
1.185478
0.404702
1.490408
0.257604
0.670303
0.642447
1.286968
1.172313
0.684451
1.242115
0.830832
0.656445
0.778475
1.331295
0.842557
1.047707
1.301643
0.850267
0.950986
1.032989
0.430183
0.496037
0.274662
0.331518
0.678336
0.516475
1.578632
0.372175
0.479819
0.513637
0.988834
1.292635
1.068782
1.270089
0.789832
1.018570
1.247327
0.708654
1.109411
1.069495
0.873740
0.704966
0.790651
0.993198
1.103003
1.340933
1.004676
1.026411
0.973808
0.472131
0.777610
0.964457
1.075080
0.416430
0.848950
1.182988
0.727793
1.613268
0.825219
0.468760
1.122470
1.177908
1.084379
0.235920
0.526624
0.882263
1.239349
0.776277
0.824321
0.536320
0.485591
0.864439
1.582717
0.675980
0.848730
1.189459
1.206116
0.896751
1.218508
0.488260
0.355640
0.506347
0.904408
0.736083
0.323118
1.672712
0.485654
0.414348
0.965227
0.983816
1.357611
0.996548
1.179994
0.577815
1.401164
0.736061
0.397218
0.978782
0.073240
0.670166
1.234869
0.390892
0.601243
0.692055
0.687285
1.509569
1.009821
0.562908
1.316893
0.933848
1.193534
0.484155
1.100154
1.550656
0.995210
0.365510
0.592225
0.594748
0.574931
1.187822
0.947239
1.250594
1.299394
1.175492
0.350684
0.763524
0.971767
0.997845
0.739047
0.289806
0.830178
0.859087
0.894359
0.810387
1.802442
0.659075
0.657687
1.196289
1.263328
0.995669
1.035575
1.994409
0.543954
1.112876
1.526354
1.151325
1.097881
1.282969
1.411497
1.035006
1.246181
1.369617
0.688504
1.718173
0.561002
2.029791
1.560386
1.048384
1.072670
1.116962
1.748614
2.395340
0.738038
1.091135
0.852926
0.796111
1.785199
1.317224
1.101211
0.681266
1.043280
1.209711
0.738444
1.070542
0.885637
0.400607
1.285282
0.929541
1.288749
0.474799
0.619540
0.615651
0.537125
1.184117
1.100230
0.485365
0.439337
1.200453
0.681849
0.671412
0.765081
0.226107
0.429925
1.011802
0.546469
0.738095
1.239846
0.781748
1.042569
1.034253
0.867722
0.488057
1.440737
0.965033
1.485949
1.264776
0.791319
0.473204
1.345767
1.050407
0.408727
0.664235
1.170577
0.385587
1.263582
0.722410
0.537992
1.084588
1.308335
0.842445
0.726738
0.799749
1.233371
2.019563
1.466946
1.440545
0.736017
0.529408
0.663285
0.562310
1.204318
0.233311
1.249105
1.088208
1.086512
1.023295
0.524436
0.603526
0.445562
1.193653
1.057147
1.018749
1.556064
1.203768
0.332437
0.877921
0.587122
0.835728
0.707713
