0.868043
1.163353
1.440085
1.349775
0.963879
1.791837
1.178871
0.269083
1.372159
1.168570
1.308264
0.709858
1.256596
1.333237
1.805966
0.738282
1.016292
1.591745
1.031506
1.727388
1.047428
1.155342
0.759837
0.472177
0.925252
0.899867
1.115086
0.443378
0.351261
1.341272
0.264662
0.300558
1.339766
0.118395
1.290582
0.737871
0.409623
1.094571
0.977118
0.781728
0.868839
0.978977
1.249954
0.979785
1.259985
1.196141
0.610574
1.608706
0.743959
0.749373
0.418239
0.411332
1.116751
1.040492
0.700254
1.220741
0.314579
1.652971
1.267540
0.522449
1.544650
0.516352
0.570281
0.978773
0.514267
0.895926
1.566928
1.489698
1.245970
1.774957
0.604294
0.782395
0.498632
0.749507
0.898958
1.016222
1.570128
0.509970
1.222498
1.125101
0.861512
0.841734
1.621471
1.575892
0.454493
0.484359
1.517463
0.565864
1.540404
1.874274
0.470639
0.918524
0.671558
0.469085
1.457858
0.835602
0.869936
0.340594
0.832013
0.709998
0.959051
1.209234
0.544054
1.453384
0.772378
0.481608
1.183650
0.589159
0.306485
0.493198
0.964793
0.441469
0.666482
1.511661
1.659522
0.875903
0.788174
0.324559
1.118930
0.693870
1.864087
1.629190
0.354458
0.348471
0.387190
1.149306
1.134922
1.024587
1.042824
0.858239
0.507256
1.172913
0.775000
1.163643
1.447726
0.581169
0.827948
0.489166
1.246047
1.790997
2.159663
1.075042
0.891524
1.182924
1.661139
1.365672
0.939585
0.654017
0.897984
0.653618
1.883302
0.360937
0.649888
1.254522
1.271195
1.733166
0.637234
0.827721
1.315587
0.534084
0.777806
0.507985
0.520008
0.932182
1.363206
0.858382
0.569101
1.024943
0.536800
0.980844
0.671314
1.135615
0.520750
0.591155
0.410540
1.348170
1.099121
1.031066
1.444339
1.779492
0.795187
1.145176
1.051897
0.694231
1.438034
0.799911
1.072480
1.104852
1.586170
1.004926
0.643339
1.103046
0.882439
0.962192
0.692577
1.474479
1.804406
1.053353
1.441840
1.432670
0.884514
1.702300
0.454720
0.784288
1.163953
1.242741
1.330849
0.674068
0.285888
0.757140
1.734465
0.957196
1.085413
0.425729
0.393766
1.419424
1.857979
0.943321
1.242264
0.315226
0.974279
0.512928
0.827609
0.506544
0.210473
1.001648
0.423660
1.108830
1.947472
0.971221
0.856218
1.380067
1.187153
0.674075
0.513675
0.591873
1.031466
1.729405
1.443847
0.907510
1.329278
0.469227
1.398895
1.169391
1.478482
0.911530
1.440843
0.795477
0.325636
0.768606
1.387581
0.518666
1.364675
1.066097
0.276938
1.499612
1.802080
1.165620
0.831556
1.509793
0.910336
1.055751
0.855330
0.608238
2.042242
0.718240
0.467541
0.990177
0.349792
0.718302
0.892774
1.389289
1.050366
0.835751
0.801537
1.868424
1.159669
1.255767
0.673655
0.796816
0.769550
0.858755
0.301332
0.478018
0.721949
0.363729
0.656030
1.865920
1.399097
0.857136
1.049909
0.867250
1.150483
2.070274
0.892091
0.687852
1.288744
1.221147
0.892958
0.872432
0.600249
1.421011
0.462603
1.012783
1.588793
0.474139
1.455688
0.754705
0.978740
1.324827
1.379591
1.075672
1.140157
1.175068
0.346299
1.568108
0.878234
0.636502
1.015186
0.859399
0.880311
0.596220
1.139403
0.707236
1.087356
1.644454
0.639693
1.267336
0.808099
0.447045
1.794221
0.938242
0.725935
1.071682
1.665391
0.713886
1.316829
2.030089
0.881620
1.538543
0.533414
1.315973
1.408709
0.860654
1.515600
1.380438
1.159061
0.882827
1.502837
0.838425
1.581166
0.431949
0.627776
0.780162
1.773737
1.104850
1.053286
1.509125
0.378094
0.571241
1.300616
0.624752
1.164962
1.230968
1.226648
1.152087
0.649858
1.551220
1.190968
0.363116
0.703031
1.132934
0.513986
0.462097
1.507650
0.991729
1.460070
0.303581
1.429661
1.214372
1.543539
0.556595
0.941092
0.556209
0.730721
1.204659
1.084695
0.221631
0.830287
0.465953
1.085187
0.589410
0.654214
1.395432
0.934164
0.601238
0.168240
1.130522
1.229510
0.905674
1.013921
0.610739
0.750106
1.533519
1.268292
1.305553
1.388071
0.686629
0.852152
0.787468
0.550156
1.358524
1.389119
0.334641
0.724058
0.677386
1.073394
1.026937
2.143355
0.620819
1.190977
0.381346
1.116492
1.056600
0.834466
1.335371
1.028392
1.226491
1.561280
0.900486
0.587173
0.757844
0.474169
1.080057
0.230052
0.187421
0.626241
0.680399
0.338164
1.048847
0.821120
2.000194
1.103768
1.432130
1.177945
1.396191
0.640555
1.263474
0.760357
0.433038
0.472885
0.724952
1.072919
1.462236
0.346267
0.823050
1.233755
1.795890
0.715814
1.813617
0.384510
0.655074
1.203118
0.980435
1.578458
0.810794
0.989870
1.027134
0.669083
1.257893
1.730857
0.753982
0.860271
1.257717
0.689990
0.839289
0.578280
0.448013
0.972868
0.254517
0.818525
1.281670
1.593324
1.377696
1.089719
0.490142
0.723731
0.878695
0.713036
0.666963
1.127345
0.871644
0.798126
0.481134
1.251965
0.644796
0.500715
1.380752
1.066790
1.543315
0.198392
2.212529
1.121651
0.996108
1.445320
1.302354
0.989431
2.057754
0.543024
1.246766
0.877392
1.707971
1.007872
1.476007
0.872057
0.630405
1.710435
0.369069
0.835404
0.719872
0.578869
0.716957
0.972534
0.793155
0.881731
1.446339
0.907524
1.193983
0.375231
1.069776
0.529086
0.518648
0.922420
1.613720
0.918399
0.893192
1.140103
1.261229
0.794330
1.572229
1.064731
0.489926
1.055805
0.998027
0.360971
1.060164
1.087938
1.017324
0.463177
1.001291
1.145366
0.787438
1.305796
0.831012
0.779850
0.962151
0.817150
1.441253
0.388864
1.005903
0.557356
1.224788
0.879482
0.864239
0.464669
0.297784
0.455517
1.006043
1.534336
1.321708
0.508884
1.314930
0.214526
1.258818
0.677220
0.558528
0.722997
0.565658
0.501067
1.556716
0.938223
0.847823
0.576470
1.098555
0.502911
0.743035
0.255061
0.827451
0.754336
1.329295
0.953892
0.601902
0.890145
1.020985
1.469626
1.090731
0.411723
0.349132
0.361209
1.219881
0.243694
0.963859
0.685899
0.815847
1.558270
1.834466
0.885006
0.469496
1.621801
0.619591
0.941286
1.283709
2.082523
0.685390
0.888919
1.842721
0.608130
1.296375
0.353526
1.970387
0.930046
0.765480
0.653320
0.501856
0.962873
0.827444
1.380105
0.657411
0.615546
0.309965
0.541507
0.812232
0.629325
0.555053
0.761723
1.464586
0.962988
1.408336
0.882758
1.379217
0.639634
1.088880
0.998471
0.890032
0.426242
1.924793
0.167887
1.007192
1.232429
1.080891
0.471905
0.693880
0.425575
0.983310
0.812347
0.588916
1.112731
0.813311
0.578672
1.372167
0.392619
0.904763
0.303386
1.691635
0.907287
0.822913
1.146312
1.333611
0.522010
2.062336
0.747930
1.231439
1.226137
0.933280
0.844013
0.783473
0.743811
1.532490
1.725969
0.592517
1.067362
1.437708
0.648529
1.028581
0.971210
0.271080
1.073530
1.450501
1.746071
0.719468
0.682928
1.251041
0.632803
1.048256
0.879001
1.223938
0.988782
0.624954
1.609617
0.896839
2.273006
1.762409
1.039682
0.176260
1.792775
0.735299
0.994282
0.612538
1.111715
1.514025
1.244273
0.282715
0.827426
0.851218
0.388056
1.049768
0.407449
0.898300
0.566309
1.028172
1.339611
1.293393
1.481721
0.993398
0.438842
0.846573
0.730549
1.060020
1.173703
0.885597
0.616111
0.754839
1.075052
1.392722
1.067413
0.716752
0.798970
0.646178
1.301829
1.478683
0.880866
0.467086
2.159473
0.340887
0.773217
0.614511
0.852155
0.729596
0.767221
0.748986
0.443056
0.683299
0.774531
1.485190
1.033939
0.945545
1.649188
0.493637
0.715792
1.046094
1.089396
1.200055
0.917761
0.754072
0.132986
0.217147
0.393069
1.939441
0.447614
0.774813
0.275413
0.922468
1.249868
2.313930
1.210756
1.009925
1.024256
1.763409
0.654049
1.465242
0.516385
0.981107
0.839173
0.630482
1.462809
0.588267
1.368251
0.364206
0.683859
0.809467
1.106826
1.188104
0.785962
0.577395
1.114265
1.129867
0.076791
1.263506
0.888138
0.751586
1.542078
1.244792
1.535755
1.551096
0.647419
0.513642
0.398519
1.900656
1.428433
0.465169
1.208958
0.800918
1.437591
0.891265
1.109143
0.984957
0.980594
0.460138
1.555885
0.878706
0.923022
1.071516
0.940478
1.462724
1.692231
1.228153
0.700095
1.597673
0.995388
1.181869
0.874398
0.551496
0.890968
0.761301
1.039257
1.212386
0.721499
0.770347
0.735952
0.817847
0.962178
1.343287
0.387903
1.083426
1.579965
0.996929
1.208080
0.761674
1.268690
0.876872
0.716746
1.799325
0.452687
2.421382
0.420583
0.356288
0.842604
1.040385
1.011515
0.655909
1.125823
0.570581
0.625902
1.557821
1.669253
1.197824
1.252590
0.246240
1.356498
0.681720
1.176023
1.240269
0.445336
0.994733
1.116825
1.600143
1.941705
0.991732
0.545108
0.742768
1.082171
1.197814
1.581419
1.330630
1.071187
0.341419
1.282148
1.375495
0.799655
0.424916
1.742301
0.846413
1.769357
1.447921
0.747058
0.912923
0.730556
1.255010
0.135607
0.835060
1.705049
0.451798
0.954262
1.193618
0.417730
1.042276
0.501225
1.892168
1.260081
1.606827
0.817059
1.556042
0.549692
1.048500
2.023756
0.695719
0.441217
1.214770
0.971954
1.241668
1.198397
0.996606
0.447386
1.368843
0.728650
0.728990
0.526362
1.059823
0.474161
0.917477
0.452350
0.995147
1.024898
0.990677
0.708620
1.252328
1.393605
0.855091
0.345875
1.054875
0.686758
0.922897
0.978369
0.865749
0.532811
1.215167
0.768940
1.120332
1.253925
1.117815
1.598747
0.573493
0.983151
1.352999
1.028307
0.497726
1.327052
0.488937
0.466244
0.344185
0.941295
0.678175
0.801841
0.899076
1.506392
1.536678
0.702850
1.265281
0.394173
1.684756
0.430158
0.473388
0.764104
0.933570
0.364178
1.190672
1.146028
0.387586
0.894992
1.064721
0.451076
0.785808
1.594915
1.025114
1.061201
0.614078
0.965337
1.054689
0.707872
0.570644
0.641826
1.701378
0.665801
1.312378
0.223347
0.496918
0.607678
0.547483
0.369900
1.364612
1.265904
0.491715
0.899763
0.839344
0.838719
1.302514
1.163733
0.339305
0.328567
0.338668
1.069494
0.798521
0.982643
0.592571
0.798144
0.591527
1.768818
0.892833
0.648438
1.153965
0.634789
0.682494
0.982365
0.749099
1.248754
1.220075
0.970957
0.683793
0.848837
1.444141
1.655355
1.423634
1.015408
1.172298
1.154696
0.895376
1.170841
1.867377
0.953208
1.107288
1.094302
0.983592
1.160917
0.644082
0.844479
0.739334
1.312288
1.475604
0.647623
0.377191
0.908328
0.988028
0.770294
0.769196
1.155440
1.146245
1.357049
1.100472
1.417185
0.382881
0.718009
1.606153
0.483541
1.563624
1.418951
1.129246
0.822497
1.033991
1.281350
1.321247
1.220380
1.396298
0.665912
0.403616
0.363295
1.490628
1.140882
0.175455
1.238504
1.314221
1.023340
2.040174
0.600657
0.565033
0.411702
0.459072
1.504657
0.852027
0.922665
1.433136
1.266191
0.977838
0.238122
0.582526
1.460076
1.701410
1.509823
1.148069
1.025196
1.332070
1.138495
1.161744
0.766670
0.909129
0.680464
1.337708
1.255575
1.664426
0.640232
0.893762
1.141011
0.810713
1.854867
1.641212
1.084455
1.321223
0.807166
1.068544
0.991361
0.270627
0.456771
0.675364
0.967366
1.505827
0.620696
0.981302
0.931283
0.579680
0.740675
1.348575
1.266553
0.696413
1.271864
0.752415
1.663915
0.710228
0.935801
0.986459
1.438412
1.349642
1.066530
1.537115
0.641281
1.144168
0.923627
1.016130
1.506121
1.100066
0.855033
1.280712
0.729715
1.588613
1.213711
1.121157
0.389042
1.420867
1.836923
0.630426
1.233600
1.074104
0.817428
2.085213
1.302746
1.117234
1.624428
0.839317
1.245605
0.640947
1.779218
0.920242
1.013229
1.075328
0.974445
1.114428
1.105075
0.334955
0.931047
0.904099
1.084904
1.264177
1.645778
0.784001
1.257688
1.757242
1.150470
0.722175
1.275594
0.555426
1.635771
1.478383
0.826904
1.249901
0.646791
1.374907
0.412190
0.716357
1.909595
0.665043
0.652670
1.166292
1.432862
0.778598
1.141646
0.481656
0.533502
1.158480
0.764285
0.827239
0.418383
1.181856
1.009652
0.397374
0.582290
0.843438
1.317603
0.953820
1.203422
0.640328
0.791727
2.050976
0.706342
1.429460
1.018460
1.004031
0.517297
1.586080
0.669554
0.516720
1.406206
1.313855
1.519624
0.763744
1.096978
0.965539
1.436028
0.647055
1.741713
0.506660
1.469870
0.952512
0.767038
0.707457
0.519948
0.814900
0.777500
1.226949
0.457322
1.519384
0.422130
0.304245
0.486229
1.688479
2.088332
1.075813
0.339675
1.420232
0.511737
0.848115
1.033249
1.066285
0.703657
0.657849
1.207933
1.015829
1.452314
1.155405
0.775605
1.467891
1.778969
0.294435
1.296874
0.851763
1.196010
0.693349
0.152071
1.534688
1.837473
1.312490
0.809408
0.911845
1.086150
1.095736
0.954624
0.694938
0.932536
1.613856
0.375549
0.482563
1.450844
1.276034
1.117652
1.441880
0.856684
1.007473
1.766605
1.391476
1.397646
0.622331
0.912649
0.754055
0.554101
0.542538
0.963912
0.224665
0.662712
0.583140
0.142298
1.019976
1.495052
1.399788
0.297054
0.374024
2.073630
1.927793
0.826297
1.235584
1.447637
0.523204
0.962242
0.990129
0.958182
0.457706
0.426238
0.711356
0.429371
0.968881
1.742792
1.503736
1.238284
1.054251
0.831075
1.225303
0.701499
1.320066
0.895490
1.244577
0.660791
1.111213
1.091989
0.703108
0.613460
1.296210
0.854190
1.062413
0.154298
0.525283
1.527524
1.279087
1.388830
1.773261
0.760814
0.464147
1.349223
0.758371
1.253076
0.362685
0.447925
1.300040
0.974418
0.811660
0.331002
0.716559
1.140216
0.670889
1.090621
1.093070
0.960718
1.239553
1.162567
0.843820
0.974103
1.238428
1.648174
0.939348
0.618116
1.166284
0.694773
0.518302
0.596618
0.770137
0.453750
1.860980
1.009701
1.246933
1.119696
0.483104
0.781126
0.526547
1.102043
0.883099
0.987386
0.673306
0.774153
1.120154
1.175626
1.390860
0.124266
0.897460
1.352075
1.395054
0.764113
1.444702
0.938632
1.382731
1.317543
0.998646
1.600396
0.755180
0.772712
1.285588
1.005117
1.010518
1.006380
0.924784
0.174368
0.457400
0.552829
0.677228
1.279061
0.729394
0.934557
0.290277
0.508928
2.031336
0.541130
0.692793
1.547007
0.456260
1.030311
0.724635
1.240718
1.066737
0.948085
0.935874
0.281238
1.037134
0.226764
1.163341
0.832376
1.423663
0.660111
0.965213
0.569574
1.177844
1.290871
0.815570
0.215001
0.975869
1.058961
0.591416
2.224651
0.128743
0.290906
0.520586
0.498739
0.896433
0.658940
1.150413
0.920880
1.583394
1.385545
1.797121
1.297512
0.596853
1.764573
1.193676
0.641680
2.097556
1.289515
1.098998
0.738173
1.170861
0.936360
1.487253
0.994528
0.644368
0.736543
0.595492
0.736901
1.128246
0.440260
1.403896
1.361600
1.138362
0.605663
0.704617
1.297240
1.344177
0.833572
0.850635
0.943414
1.802705
0.603214
1.773133
0.964146
0.506595
0.667038
0.856120
1.217926
0.935886
1.223912
1.169764
1.233298
0.881811
1.136910
0.530855
1.404858
1.357070
0.431307
0.580767
0.829678
0.618035
1.270498
0.720967
1.182924
0.915213
0.497384
0.516901
1.407242
1.105842
0.931713
1.345446
1.178050
0.208220
0.551927
0.485134
0.791284
0.775450
1.123183
0.779953
0.779561
0.941905
0.903263
1.124425
0.410193
1.160331
0.810729
1.079587
0.827952
1.168824
0.666342
0.810028
1.656904
0.989596
0.779758
0.741205
0.783166
0.577178
0.675883
1.938562
0.953525
1.276684
0.504785
1.387836
0.575830
0.937946
0.892865
0.510280
1.189961
0.570842
0.752203
2.472263
0.568537
1.808902
0.980939
0.786150
1.468634
0.721187
0.451261
0.471409
1.171529
0.571931
0.885205
0.869768
0.734221
0.519395
0.508625
0.578427
1.378621
0.657678
1.012693
1.351528
1.066729
1.034478
1.626464
1.336708
0.785524
0.950578
1.060317
0.661262
0.348163
0.489329
1.572255
0.896333
1.133879
0.762678
0.769286
0.373251
0.895191
0.837350
0.279753
1.063254
0.987682
1.088637
1.204876
0.428248
0.611694
0.869837
0.560448
0.387492
1.074702
1.019498
1.410519
0.791946
1.983080
1.378094
1.078547
0.995299
1.098945
1.335715
0.884586
2.387110
0.431132
1.361631
0.996244
0.646820
1.051640
1.314356
1.347515
1.238567
0.647915
0.774253
0.922921
1.021259
0.949272
0.416662
0.634667
1.948283
0.388068
1.625248
1.856578
1.078831
0.280837
1.188756
0.529601
1.390875
0.791892
0.219529
0.811250
1.635102
1.272242
0.463622
1.126490
1.010408
0.678438
0.956209
1.200673
0.632507
0.890768
0.574178
0.482683
0.527384
1.137668
0.728303
0.884310
1.759759
0.910142
1.005641
0.620240
1.337885
1.620983
1.000675
1.344074
1.085573
0.974500
1.225423
0.822218
0.747725
0.440833
0.850301
0.920552
1.243076
0.688480
0.733188
0.949443
1.365212
0.956849
1.725742
0.437328
2.191174
0.766732
2.450318
1.178004
0.767445
0.396800
1.322783
1.439723
1.826441
1.235750
0.945953
0.566154
0.403772
1.661950
1.450348
0.513137
0.806483
1.449440
0.563530
1.143766
0.642708
0.528117
0.805139
0.418205
0.321007
1.587200
0.953723
1.156250
0.445352
0.407749
0.860413
0.715167
0.488678
0.725130
0.598668
0.508317
0.535698
1.426585
0.671127
1.071437
1.120982
0.895550
1.363417
0.162636
0.852398
1.003197
1.167205
1.597999
0.478640
1.045244
0.594065
1.034317
1.108810
0.710208
1.041590
1.235371
0.734953
0.476652
0.591337
0.950942
0.802824
1.171103
0.401039
1.139335
1.301609
1.526991
0.683484
0.414770
0.813095
0.983368
0.891862
1.336569
0.889640
0.994708
0.234283
0.327590
1.227057
2.019112
0.568288
1.407818
0.371641
1.379009
1.223189
0.757907
1.464713
0.997315
1.429759
0.811023
0.407995
0.664807
1.443926
0.488769
1.109188
0.338239
0.296703
0.353146
1.049813
1.638067
1.422461
1.740332
0.588789
0.341124
0.580306
0.815753
0.971739
1.171820
1.323557
1.795883
0.565998
0.298288
1.119580
0.944814
0.196263
0.444289
0.242999
1.263305
1.293520
1.091419
0.688691
0.973142
0.811182
0.947412
1.093520
0.398468
1.259428
0.882576
0.732895
1.072397
1.475495
0.953975
1.407634
0.422883
0.821713
1.245176
0.525348
1.202416
0.786108
1.268121
0.646409
1.024303
0.416604
0.711097
1.114565
0.878722
0.803451
0.478272
1.042243
1.080360
0.239164
0.564623
1.515003
0.624195
0.814757
0.754446
0.397367
0.578441
0.652386
1.007669
0.925448
2.197511
0.536978
1.108874
0.409991
0.690329
0.818603
1.153533
0.681398
0.474006
0.783114
1.136161
0.645801
1.394687
1.093747
0.866122
0.655699
0.327245
0.706082
1.005460
1.184740
0.657364
0.437220
0.985940
1.674173
0.876659
1.202308
0.557900
0.224765
1.221361
1.284973
0.646543
0.151850
0.660371
0.945467
1.343095
0.761169
0.926736
1.037446
0.641848
1.162849
0.821446
0.397868
0.636922
0.937486
1.521283
0.322691
1.025157
1.842235
0.836234
1.092689
1.776438
2.061640
0.468375
0.428091
0.948396
1.203362
0.960796
0.658731
1.565410
1.586905
1.383908
1.350556
1.906599
0.918026
0.769978
0.341697
1.572066
1.032538
0.865698
0.216570
0.879268
0.604096
0.763058
1.970643
1.211031
1.163609
0.195903
1.606498
0.626170
0.756650
0.395312
1.365649
0.126245
0.652940
1.094446
1.536992
1.373597
1.183407
0.421234
1.216569
0.808863
1.357444
0.917226
1.477512
0.783391
1.101742
0.594341
0.918271
0.749301
0.893878
0.671434
1.128052
0.684929
0.606571
1.601640
1.825340
2.149550
0.842505
0.619239
1.047819
1.140921
1.683976
1.214703
0.845241
0.593574
1.349991
1.164252
0.893616
1.322922
0.931078
1.234656
1.090494
1.088144
1.527063
1.353165
0.413569
1.859914
0.604868
1.364445
1.155157
1.139486
0.699761
1.122068
0.738360
0.932081
0.289309
0.681546
0.460413
1.001409
1.595935
0.741862
2.220654
0.771526
0.728046
0.874662
1.817670
1.608829
0.789589
0.943173
1.508023
1.215976
1.263389
0.742300
0.779811
1.289551
0.628600
1.486556
0.480340
0.380024
1.077935
1.228471
1.059513
0.440917
1.401797
1.234128
1.072685
0.411237
0.491973
1.899977
0.509242
0.648767
0.871742
0.945474
1.281974
0.737259
0.962631
0.786989
1.212979
0.973530
1.051155
0.874129
0.888541
0.777507
0.292962
1.038483
0.876101
1.361834
0.785947
1.466365
1.505208
0.834099
1.007827
0.651252
1.273687
0.704577
0.663167
0.604531
0.401072
0.783932
0.791337
0.890703
1.094200
0.557137
0.394289
0.692356
1.427773
0.437707
1.563610
0.881938
1.788913
1.122314
0.473029
0.065817
0.892168
1.305613
0.778322
0.290404
0.556616
1.663462
0.505705
0.787577
0.466980
0.534282
2.421665
1.616368
1.195416
1.359972
1.014537
1.160447
1.377243
0.560089
1.285902
0.680544
0.700198
1.164911
1.282782
0.250386
0.747737
0.638050
0.749118
1.840759
0.999530
1.031682
1.084028
0.506846
1.126770
0.955525
1.153260
0.883856
0.539540
0.941430
1.449485
1.741570
1.251151
0.960161
0.425955
0.126991
0.491828
0.902221
1.287138
0.647885
0.752288
0.965524
0.536499
0.332041
1.415181
1.312845
0.778790
1.065189
1.544412
0.865559
0.739229
0.585844
1.339178
1.142641
0.852412
1.263182
0.534619
0.967857
0.910278
1.475131
1.302358
0.832659
0.580421
0.612635
0.533915
0.160097
0.884099
1.664634
0.743275
0.825412
0.482568
1.242192
0.599285
0.828055
0.649521
0.996903
1.485828
0.971080
0.387130
0.734613
1.383557
0.929057
0.659343
0.760306
0.678061
0.594384
1.292208
1.619162
0.428154
0.659098
0.976296
1.439531
0.983391
0.504998
1.345326
1.616277
0.745553
1.411287
0.623644
1.197802
0.283615
0.757217
0.058899
0.718844
1.224555
0.902504
1.490048
1.037469
1.101230
1.133594
0.338631
0.745424
0.312771
0.673384
1.860028
0.432720
1.033210
0.674905
2.040335
1.335212
1.002209
0.348784
2.464817
1.005421
0.789291
1.652962
1.168114
1.015040
1.130749
1.803907
1.073434
0.596702
1.195517
0.743393
0.994717
0.957261
1.611223
1.286940
0.713854
0.704797
1.021212
0.774614
0.858752
0.416502
0.563481
1.280082
0.969081
0.172448
0.223450
0.843666
1.397882
0.741423
0.920303
0.613990
1.222374
0.285183
0.978314
1.122999
0.886641
0.667373
0.847033
1.397581
1.000508
0.913576
0.894963
1.455091
1.194942
1.328701
1.461041
1.093701
1.500302
0.646767
0.398974
1.213416
2.023730
0.624197
1.132768
0.295100
1.635630
1.153458
2.215352
1.229777
0.797362
1.257531
1.094041
0.346450
0.326600
1.729323
1.201416
0.580544
1.076707
1.171826
0.853734
1.007420
1.428271
0.349338
0.435625
1.145591
0.782790
1.471236
1.390592
0.928190
1.535059
0.621333
1.296602
0.885825
1.671009
0.894714
1.221693
1.479787
1.246900
0.864603
0.648986
0.941051
0.630141
1.150844
1.555699
1.457161
0.817072
1.162964
0.932371
1.215246
1.036196
0.281488
0.690263
0.837297
1.856307
0.859271
0.432423
0.517666
0.941172
1.199581
0.814334
0.973976
1.459003
0.836563
1.325052
1.369902
0.500176
1.413441
0.979514
1.262592
0.633138
0.306581
0.873610
0.924461
1.244940
0.540973
0.873136
1.472705
1.148266
1.528242
1.402606
0.952463
0.673438
0.718844
1.471520
0.982539
1.017123
0.189912
0.600363
0.802382
1.702822
0.941587
1.031280
0.771061
1.040227
0.256744
0.699459
0.972965
1.035533
0.454317
1.074913
0.120403
1.184332
1.464921
1.380895
0.882816
0.785404
0.932566
0.840213
0.780429
0.820489
1.147224
1.666907
0.759841
0.827034
1.148488
0.969382
0.891314
0.672047
1.923545
0.534851
1.154034
1.640735
1.633610
0.914907
1.374452
1.474503
1.082301
1.185868
1.200505
0.771046
1.609568
0.854544
0.228203
1.215440
0.599884
0.969724
0.746004
1.108996
1.226374
0.897373
1.196299
0.977348
0.564261
1.011074
0.359913
1.510154
1.218799
0.957309
1.267940
0.707275
0.935892
1.171640
1.524386
1.245597
1.190433
1.310074
0.866675
0.825874
0.910741
0.391658
0.858079
1.200633
0.444074
0.772484
1.211842
0.540738
0.535555
1.029646
1.391039
1.608643
0.556014
1.187204
0.674834
1.166061
1.346984
0.565915
0.595690
1.352681
1.248863
0.936790
0.461806
0.735843
0.493731
1.184424
0.647421
0.775011
0.909271
1.822838
2.040063
1.125389
0.405747
0.220220
0.586128
0.458865
0.894064
0.910109
1.259914
1.254850
0.668023
0.594859
0.815246
1.312624
0.916979
1.477117
0.308190
0.828615
1.022087
0.556547
0.703676
1.219955
0.152217
0.865737
1.216337
1.232221
0.824219
0.252875
0.484014
0.926943
0.100584
0.442879
1.704181
1.910803
0.862081
1.132062
1.117558
0.864549
0.687440
0.634092
1.188157
0.804765
0.979052
0.954271
1.010388
0.392160
1.624306
0.835482
0.453217
0.875946
1.030916
1.108149
0.388278
1.218620
0.936706
1.329366
1.203695
0.543827
0.865443
0.430879
2.076413
0.841241
0.446586
0.547166
0.947247
0.870859
1.059615
0.338182
1.166069
0.956008
0.916779
0.705085
0.933965
0.392269
0.928806
1.365152
0.501971
0.982500
0.899726
2.367599
0.945616
0.752364
0.978534
1.157082
0.797046
1.460178
1.604181
0.957824
0.726080
0.344107
1.000136
1.150282
1.461656
0.912041
1.325588
1.417449
0.432843
1.035951
1.520625
0.557009
1.482700
0.748010
1.380290
0.222755
1.071561
0.927574
1.144939
0.622585
0.415504
1.812248
0.582397
0.767551
0.701961
1.509971
0.833026
0.458058
1.200301
0.452551
0.992021
0.849047
0.749901
0.552197
1.531203
1.340613
0.755999
0.329219
0.783674
1.358911
1.009389
1.069182
0.795280
0.351588
1.040335
0.956517
0.521976
0.516437
1.676098
0.609612
0.989901
0.767288
1.066662
1.051128
0.527868
0.231431
0.724548
0.972437
1.143330
2.079137
0.504535
0.920264
0.572423
0.695159
0.833367
1.177044
1.081755
0.966502
1.306892
0.874256
0.739564
0.498116
0.800366
0.167836
0.689509
0.681679
0.834033
1.105518
2.178355
1.456087
1.988341
1.537434
0.967003
0.401753
1.059188
1.863793
0.838953
0.596472
0.748796
1.267938
1.186458
1.661572
1.684155
1.208178
0.425407
1.629104
0.637227
1.371824
1.248847
0.964769
0.761743
0.251698
0.577958
0.859733
1.185224
1.204915
0.667692
2.208120
0.546332
0.944243
0.629238
1.206188
0.308397
1.345647
0.815984
1.307967
1.715468
2.293394
1.614723
0.549947
0.226239
0.696998
0.529547
2.332714
1.679578
1.001517
1.307570
1.184636
0.329530
0.930489
0.491221
0.857291
0.815613
0.830892
1.740854
0.583989
0.153088
1.043276
1.018426
0.682133
0.724320
2.052201
2.009843
1.470760
0.937754
0.416170
0.588826
0.694014
0.488920
0.553042
1.370583
0.680711
0.760621
0.616056
0.996381
0.716853
0.951106
0.832782
1.181293
0.750075
0.711545
0.717755
0.960795
0.646915
1.237981
2.241603
1.039128
1.664487
0.967207
0.359797
0.412159
0.730998
0.849860
0.552059
1.518352
1.447722
0.583933
0.694562
0.562164
1.393622
0.658964
0.957563
1.951148
1.295360
0.957019
0.815558
0.830460
0.802856
0.745717
0.628437
1.367625
0.724068
1.464457
0.417174
1.196200
0.828155
1.098159
1.163229
1.339796
0.785587
1.903688
1.016127
0.295131
0.886788
0.537963
0.545287
1.174349
0.802510
1.020427
1.307266
0.603043
0.943549
1.553883
0.684121
0.756447
0.656119
1.054190
0.551086
1.262610
0.731705
0.527158
0.994720
0.386698
1.155150
0.776206
1.577815
0.811100
1.538310
1.119173
0.342807
1.015889
1.119460
1.001306
0.415273
0.670493
1.862976
1.317047
1.030660
0.753757
1.306697
1.247883
1.411273
0.518393
1.506590
0.831597
2.028347
0.718370
0.866204
1.352518
1.831096
0.379699
0.816740
1.694023
0.678335
1.420510
0.372201
0.768323
1.383124
0.471520
1.419907
1.566066
1.128812
1.508577
0.989610
0.995100
0.601611
0.914124
1.086135
0.557244
1.240912
0.588554
0.595585
1.200545
0.989730
1.269958
0.511993
0.908252
1.324050
0.410184
0.469733
1.010817
1.468405
0.819314
0.612579
1.209215
0.890238
0.457029
1.238184
0.774707
0.494472
1.362998
0.635222
1.496960
0.578719
0.750584
1.031980
0.982904
1.184947
1.285894
0.563421
1.301306
1.036981
2.166263
1.017075
0.587163
1.202003
1.513294
1.917294
1.054654
1.104722
0.510533
0.379664
0.953328
1.291295
0.551209
1.294156
1.210878
0.845307
0.739396
0.664881
1.501770
1.150421
1.201191
0.594298
0.460402
0.752018
1.514050
1.566799
1.637930
1.285238
0.593586
1.377235
0.951422
0.939382
0.738256
0.868355
0.262353
1.450066
0.490007
0.791471
0.747064
0.209191
0.853922
0.170217
1.550294
0.490501
1.272868
1.268603
0.826693
0.390095
1.148341
0.980525
1.084423
1.227706
0.759606
0.374233
0.988488
0.970333
1.300645
0.738508
0.598605
1.325782
1.017235
1.174120
1.188258
1.158286
1.077928
1.165183
1.026340
1.782520
0.647988
0.244585
1.146860
0.479902
1.449380
1.126273
0.591043
0.790160
0.898907
1.095340
0.761129
1.410282
1.060967
0.816632
1.227169
0.740608
1.290565
1.687057
0.863533
1.660720
1.300711
1.718804
0.623735
1.130049
1.677045
0.366075
1.110195
0.298443
0.922242
0.946864
1.375206
0.691897
1.310611
1.157337
0.370679
0.527330
0.602370
1.323122
1.010422
1.008169
0.851323
1.886208
1.009804
1.425585
1.411288
0.612702
1.221246
1.247050
1.168466
0.742145
0.934499
0.145722
0.788975
0.800781
0.249241
0.714460
1.188713
0.474679
0.897317
1.562193
0.683637
0.525691
0.711401
0.928097
0.580463
1.545124
0.974913
0.874368
1.963352
1.828489
1.318915
0.694731
0.551219
1.172387
0.692779
1.374938
0.783678
1.174563
0.537897
1.261760
0.619019
1.153494
1.700092
1.695955
0.871484
1.313052
0.470519
1.109581
0.679953
0.397291
0.981309
1.133213
0.882172
0.484142
0.495505
0.771059
0.787414
0.721185
0.406178
1.066726
1.060533
0.668719
1.303053
0.915997
0.319578
1.427530
0.402238
1.445350
1.150782
1.103325
1.165498
1.227855
1.215568
0.775372
0.789671
1.622717
0.801441
0.744135
1.277537
0.777586
0.296555
1.390871
0.396923
1.183021
0.588432
0.797973
0.951305
0.749345
0.558445
0.977725
0.714719
0.832007
1.199740
1.186665
1.183634
0.875339
2.131617
0.829358
1.359388
1.268043
0.367515
0.579306
0.692604
0.606186
1.157889
1.443670
0.965665
0.669689
1.891961
0.809462
0.905333
0.331831
1.298230
1.584200
1.189078
0.785674
1.184048
0.682306
1.125313
0.894109
1.851750
0.858346
0.383876
1.212761
1.021299
0.622484
0.606356
1.243708
0.631153
0.569485
0.566648
0.911214
0.506347
0.755099
1.851203
1.148818
0.170996
1.353271
1.198103
0.744841
1.207805
0.499021
1.129142
0.899847
0.502535
1.397186
0.823367
0.770260
1.579247
1.675649
1.436906
1.173338
0.601006
1.391769
1.504342
1.169917
0.657221
1.117135
0.984110
1.037742
0.899940
1.000208
0.658832
0.719694
1.151482
1.120717
0.954306
1.175590
0.808329
0.905085
0.708290
1.227448
0.772865
1.210210
1.680122
1.179027
1.200957
0.460923
0.565766
0.540999
0.296149
1.181124
1.043475
0.456174
0.750427
1.584912
1.384530
0.934713
0.895965
0.568196
0.618881
0.555990
1.165037
1.303532
0.451007
1.398242
0.433088
0.815623
1.042767
0.409397
0.588946
0.269126
0.594826
0.841841
0.767716
1.251597
0.881905
2.174585
0.695946
1.185768
0.555191
0.686934
1.060774
0.331377
0.772587
0.353424
1.374377
0.888223
0.986308
0.828365
1.292039
0.689995
0.562958
0.861277
0.515475
0.358828
0.615214
1.322260
1.492632
0.740306
0.782627
0.558426
0.571881
1.156688
0.423814
0.921668
0.869656
1.539180
0.982537
1.180701
1.218116
0.755908
0.910250
0.769533
0.821332
1.151056
0.928282
0.933523
0.693390
1.151656
0.275312
1.049087
1.395848
0.739164
1.114123
1.134977
0.388752
1.079918
0.557886
0.527932
1.173836
1.472064
1.038954
0.459981
0.204033
1.619413
1.147986
1.074979
0.411030
0.813458
0.831938
1.886119
0.774799
1.143327
0.736390
1.312025
0.649153
0.861711
0.632988
0.498929
1.071788
0.656528
0.937133
1.306124
1.194156
1.060570
1.192019
1.115837
1.255647
1.146037
1.037470
0.850186
1.149718
1.610520
0.525880
0.915182
1.064065
0.372416
0.436929
1.487446
1.447021
0.296426
0.520811
1.043189
1.328524
1.104923
1.122654
1.377043
1.461584
1.604446
0.641046
0.642933
1.026739
1.560176
0.514051
1.304850
1.179031
0.968246
0.951795
0.887979
1.402493
0.588284
1.180166
0.682506
0.630614
0.403820
0.729384
0.885416
0.639397
1.237531
1.728658
1.194765
1.456621
1.517490
0.924224
0.606570
0.872052
0.954225
0.308502
1.389718
1.314449
0.670400
1.215591
1.701599
0.461795
1.875655
0.525971
1.445833
1.693143
1.024028
1.204365
0.497106
0.805838
0.682109
0.657844
1.098681
1.574757
0.885023
0.246483
0.803291
1.161162
0.917631
1.082358
0.776980
0.902768
0.428289
1.591222
1.485506
0.806554
1.268397
2.040567
0.772219
1.301142
0.475886
0.853973
0.828029
1.009207
1.356888
1.153051
1.166463
1.090568
1.826611
0.421721
0.712144
1.208658
0.786403
1.707752
0.880084
0.912763
0.718042
0.919625
1.723968
0.476315
0.681187
0.404820
2.511222
0.775329
0.519344
0.522445
0.655953
0.663205
1.036771
0.533280
0.618412
1.288581
1.126387
1.304727
1.081775
0.177051
1.163542
0.839618
1.174089
1.716011
0.688316
0.873999
0.497488
1.223975
0.503225
0.738109
0.442840
0.809201
1.332791
1.752485
0.720112
0.854512
0.736165
0.922609
1.467635
1.384230
0.138175
0.600595
1.758225
1.209443
1.113424
1.195176
0.346781
0.960964
1.053033
0.953741
1.477772
0.336843
1.135286
1.096862
0.434873
1.050797
1.896925
1.755948
0.297385
0.985418
0.463494
0.546236
1.580944
1.404192
0.989157
0.273890
1.213737
1.227967
1.152517
1.348383
1.160949
0.663820
1.403908
0.766759
0.605111
1.380012
1.344946
1.311605
0.891163
1.305350
1.246839
0.947279
1.014653
0.806764
0.898945
0.491892
0.897565
0.722771
0.657555
1.314080
0.815378
1.054508
1.013783
0.929730
1.534127
0.365956
0.550988
0.898212
0.836561
0.491971
1.908487
1.179238
1.026505
0.844089
0.920597
0.717039
0.545884
0.728047
1.010949
1.389595
2.067926
0.861152
0.599691
0.825987
0.502410
0.742636
1.228479
1.113799
1.421488
1.080040
0.313615
1.332644
1.576222
1.031900
1.717353
0.595508
0.895308
0.886873
1.294010
0.678051
0.657738
0.998263
0.817482
0.918350
0.335827
0.757291
0.779976
1.074890
0.643353
0.400599
1.097653
1.337872
0.573945
0.954962
1.570946
0.601130
0.985012
1.218092
1.381422
0.727180
0.696586
0.583374
0.264796
1.351756
1.694784
0.709178
0.979002
1.135269
0.767301
1.427083
0.403515
0.784416
0.905314
0.351187
1.198332
0.848381
1.885021
1.273432
1.221531
1.092543
1.388787
0.851683
0.247251
0.991634
1.132456
1.246040
0.994600
0.776937
0.605222
0.461716
1.830978
0.901467
1.229822
0.446085
0.720268
1.566434
0.676816
0.628586
1.314897
1.077222
0.701948
0.407509
0.788500
0.201970
0.884795
1.496934
0.592413
0.373824
1.810228
1.467824
1.647803
0.328831
0.781758
1.443832
0.825527
1.016431
0.496873
0.753978
0.720865
1.345101
0.873358
1.122147
1.224883
1.107543
0.395641
0.897002
0.596075
1.203546
1.368373
0.996173
1.907511
0.530313
0.819629
1.135740
0.852955
0.325456
0.621055
2.059026
0.371589
0.757334
0.652598
0.295932
0.621618
2.070664
1.044121
0.562800
0.906458
0.887422
1.445818
0.658798
1.033591
0.660580
1.250951
1.059486
0.433001
1.018552
1.012566
0.672807
1.108850
0.908020
0.611187
0.921906
1.054829
0.304991
0.952181
0.930540
1.068918
1.680446
1.743850
0.573188
1.459096
0.942316
1.466991
0.850764
0.858330
1.112451
0.412763
1.158363
0.838318
0.625149
1.678658
1.301199
1.276120
0.880506
0.461237
0.476873
0.422630
1.378617
1.412433
1.937533
1.187290
1.189467
1.129729
0.370519
1.311725
0.135309
1.342585
1.109351
0.954658
1.307088
0.993152
0.927658
1.450133
1.848068
1.308585
0.967815
1.061464
1.543480
0.943363
1.530960
0.961704
0.201979
1.229700
1.209914
1.338056
0.628876
0.424045
1.155260
1.314834
1.221452
0.860953
1.473217
0.899440
1.294504
0.969349
1.202007
1.623522
0.877332
0.950276
0.313007
1.378762
1.045669
1.130777
0.624239
1.141640
1.035906
0.572050
1.016985
0.480521
1.030961
0.748405
1.315171
2.108710
0.883967
0.648016
0.460047
0.980890
1.442624
1.194627
0.431632
0.546369
1.209777
1.262000
0.564065
1.330490
1.081153
1.001906
1.053712
0.769072
0.374753
1.359905
0.709512
1.148760
1.013538
1.054490
1.076210
0.735519
1.486520
0.712140
1.381002
0.829027
1.001413
1.279994
1.597850
0.462170
1.400089
0.414917
0.529149
0.932856
0.476473
1.062037
0.693353
0.959449
0.981027
1.125689
0.808550
0.613015
1.146351
0.487854
1.613298
0.819484
0.292173
1.369538
0.955738
1.819605
0.336560
0.828546
0.952859
1.269586
0.539347
1.187884
0.708544
1.969080
0.462972
1.590436
0.585496
0.692365
1.130468
0.907227
1.503083
0.506516
0.783168
1.015693
1.582543
0.577190
0.790705
1.274284
0.841873
1.896206
0.496573
1.263561
0.690014
0.986361
0.870722
1.681974
0.179619
0.966897
1.024745
0.297378
1.159642
0.758629
0.564981
0.768800
1.292844
0.609723
1.158889
0.746300
1.193207
1.246275
0.795275
1.299908
1.289618
0.755775
1.639324
0.467716
1.082972
0.484636
0.348181
1.074074
0.780625
1.236843
1.480729
0.740355
1.047990
0.976928
1.249120
0.837309
1.499439
1.685409
1.266733
0.233540
1.332223
0.707323
0.783921
0.938372
1.365645
0.867308
1.582824
0.851452
1.122579
1.316194
0.294539
1.446381
0.779691
1.086153
0.826147
0.595391
1.319995
0.263182
0.986231
0.551901
0.739752
1.384007
0.960340
0.804189
0.670253
1.585554
1.076284
1.244501
1.530449
0.777071
1.065081
0.909986
1.404565
1.251312
0.702083
0.886298
1.393920
0.580350
0.057104
0.669966
0.746212
1.247165
0.273327
0.718802
1.322886
1.145325
0.660562
0.893216
1.458230
1.137981
2.053819
0.642323
0.599701
0.738438
2.027203
0.505202
1.124050
1.569159
1.507121
0.248860
1.355789
0.952434
0.767754
0.775096
0.975721
1.282053
0.914637
0.854209
1.201309
1.594278
1.907881
1.264977
0.824587
0.377766
1.253048
1.664180
0.451965
0.731215
1.712678
1.037854
0.772370
0.318532
0.701719
0.446228
0.915987
0.176001
1.717898
1.020330
0.928121
1.309822
1.056570
1.337377
0.831105
0.739045
0.861240
1.360735
1.330583
0.702768
1.101576
1.585381
1.420879
0.573083
0.727029
1.120395
1.098477
1.036317
1.082622
1.185162
1.456274
0.707829
1.209604
0.930554
1.678753
0.988307
0.127472
0.523892
1.130753
0.711585
0.622268
0.815669
1.307341
0.801503
1.742288
1.215755
1.445930
1.405829
0.872912
0.860765
1.466932
0.456642
1.030766
1.601287
0.306010
1.394568
0.975443
0.607329
0.544248
1.510938
1.046263
1.583849
1.064806
0.533378
0.742785
1.898225
1.067292
1.572739
1.138436
0.736310
0.938492
1.372185
1.013064
1.356918
0.958444
0.203265
0.937300
1.490445
1.022089
0.967489
1.520011
0.782949
1.802685
0.741081
1.606928
0.750233
0.742095
1.162979
0.958840
0.582215
0.401211
0.957090
1.031848
1.062855
0.951624
0.531583
1.129807
0.626376
0.731858
1.179942
1.542567
1.219264
1.192933
0.525015
1.209585
0.899613
0.590232
1.582276
0.778251
0.816007
0.522914
1.762360
1.114657
1.077844
0.556996
0.756812
1.153535
0.743363
0.807068
0.926483
0.513298
0.741500
0.578224
0.735777
0.717693
0.912565
0.426838
1.064571
1.355523
1.951912
1.281738
0.833006
0.886537
0.670267
0.867663
0.482474
2.084566
0.825432
1.195463
0.412580
0.974685
1.278636
0.893210
1.007582
0.358850
0.990848
1.120125
0.295116
0.826443
1.799579
0.825080
1.396983
1.108188
0.582644
0.930921
1.013503
1.504594
0.742427
0.764882
1.613999
1.186102
0.732572
1.664348
0.567171
0.922300
0.664425
0.411839
0.911683
0.529162
0.864643
0.910234
1.065619
1.084161
1.183583
1.260023
0.634371
0.694950
1.067605
0.733110
1.236755
1.146433
0.531052
1.449681
0.708525
1.823133
0.941064
1.018733
0.650134
0.276528
0.816065
1.275709
0.560668
0.381384
1.716538
2.464833
1.086438
0.937856
0.229279
0.300749
1.143326
1.256070
1.100415
0.936079
1.128017
0.752793
1.152549
1.151033
0.700566
1.066541
1.731826
0.840578
0.619460
1.086175
0.914090
0.625771
0.842396
1.492176
0.483398
0.091527
1.292565
1.488707
1.314753
0.932313
0.716020
1.915666
0.721879
0.191890
0.877993
1.947379
0.567560
0.979379
0.436076
1.076999
1.285722
0.765613
0.509192
0.706445
0.306895
0.505216
0.906339
0.881459
0.952676
0.569763
1.326498
0.460893
0.388603
0.903147
1.251910
0.793057
0.969828
0.552219
0.601905
1.214216
0.933325
1.319703
0.808344
0.607902
1.242208
1.230537
0.979120
1.312253
0.853781
0.799038
1.368092
0.775977
1.818707
1.400082
0.712600
0.792408
0.944651
0.608299
0.296170
0.811688
0.765596
1.031206
0.380865
0.867520
0.427313
0.197381
1.206805
0.965066
0.736671
1.810036
0.278941
1.133237
0.817993
1.257237
0.732906
0.391847
1.059913
0.815074
1.674649
1.344226
1.546597
0.937695
1.309738
0.701074
0.950358
0.611151
0.866880
0.924927
0.579113
0.546452
0.489270
0.902790
0.969364
0.231199
1.388764
1.044515
1.052273
0.606844
0.713904
0.570557
0.678436
0.445734
0.774020
0.853492
1.987494
0.366148
1.852403
1.037839
1.021212
0.922098
1.573079
1.493077
0.525664
1.202312
0.976689
1.552835
0.934669
0.780612
1.074002
0.798219
1.169988
1.234809
1.238684
0.515528
0.902624
0.720241
0.618055
0.617675
0.417865
1.483162
0.614700
1.657090
1.614968
0.222907
1.190395
0.334045
0.972970
0.615434
1.439517
1.165899
1.207034
1.284340
0.845548
1.193266
0.435506
0.614715
0.515987
0.949587
0.831815
0.611847
0.520995
0.826091
0.665949
1.181925
1.519408
0.423829
1.151630
0.862784
1.358276
0.490038
0.832578
1.072895
1.533954
0.735499
0.688149
1.234602
1.266707
0.850318
0.369871
1.198839
0.669564
1.904451
1.238191
0.783206
0.888266
1.095035
0.463325
0.428902
0.916202
1.098312
0.666322
1.225084
1.097889
1.319510
1.475473
0.994725
0.762207
1.832141
1.404868
2.075456
0.854227
1.396737
1.692512
1.045227
0.748516
0.427708
1.232258
0.651971
1.183240
0.787416
1.549898
1.140928
0.975914
0.922336
0.759093
0.891750
1.095614
0.706917
0.763510
1.080287
0.366959
0.231315
1.648672
0.445601
0.731788
0.728459
0.916232
1.643519
1.025338
0.928893
1.135672
0.991893
0.433289
0.669736
0.610596
1.245893
0.955759
1.146627
1.188487
0.640916
0.962186
1.232767
0.292498
1.107041
1.066852
1.582822
0.862070
1.317558
0.292409
0.689734
0.446310
0.445624
1.388641
0.498128
0.758633
0.838307
0.675974
0.583076
1.148941
0.436716
0.822361
0.805142
1.641764
1.107680
1.161712
0.911649
0.924340
1.029143
1.324067
0.195335
1.210544
1.981640
1.155224
1.167221
1.013419
1.248158
1.225389
0.509727
0.611844
0.422358
0.698241
0.597506
0.521739
0.362856
1.478329
0.788720
0.879738
1.160687
1.111110
0.962720
0.722162
1.416485
0.805671
0.624091
0.526078
1.226790
1.070648
0.475769
1.090371
0.975200
0.356274
1.565461
1.271883
1.276228
1.737284
1.548618
0.955374
1.269102
0.361794
1.846203
0.608600
1.118429
1.267257
1.091028
0.783895
0.440468
1.129494
1.758170
1.057526
1.234274
1.277165
1.109022
1.803008
0.838877
0.704071
0.858173
1.046915
0.714033
1.146573
1.821435
0.594644
0.629667
1.535845
0.504000
1.762600
1.200283
0.350414
1.881023
1.020051
1.327378
1.014024
0.780332
0.764129
0.459294
1.450187
0.667903
1.244262
1.481784
2.039852
0.729044
1.578387
0.964653
1.110167
0.409811
1.196941
0.802509
1.019220
1.148931
1.238075
1.158671
0.916883
0.809406
1.308861
1.065413
0.954111
1.304683
0.259845
1.265181
0.697207
0.420391
0.346700
1.115526
0.641843
0.405854
0.690345
0.451310
0.925457
0.759465
0.271944
1.758193
1.164685
0.390084
1.211452
0.857174
1.027959
0.874962
1.435451
1.146738
0.654811
1.394504
0.760063
1.560817
1.281652
1.494657
1.289265
0.820649
0.815786
0.879950
1.103707
0.549953
0.810483
0.844845
1.099842
1.320064
1.055182
1.371794
1.191815
1.600702
1.726123
0.728701
1.129552
1.136394
0.445610
0.734589
1.312727
1.490469
1.098004
0.936076
0.987675
0.475664
1.086173
1.014848
2.237949
0.978667
0.596373
0.945514
1.157472
0.860397
0.802315
1.186279
1.117637
0.408889
0.782100
1.414174
0.711858
0.804410
0.714524
1.127572
1.310284
1.011979
0.629253
1.394479
0.781723
1.007272
1.071872
0.696338
0.910907
0.405415
0.912972
0.880517
0.612205
1.093929
1.155602
1.403112
0.597446
1.316891
0.486371
0.890779
0.774719
0.772999
0.801999
1.185422
1.084979
0.889992
0.651739
1.235284
1.307340
0.576721
0.474135
1.344119
1.597525
0.809943
0.855395
1.300113
0.646265
0.779392
1.438204
1.586156
1.380513
1.018052
1.641302
0.936860
1.263101
1.388216
0.897945
1.171132
0.831929
0.395232
0.977146
0.770726
1.519903
0.975957
1.166943
0.933194
1.049592
1.595972
1.150181
0.512930
1.161548
1.037949
1.200973
1.062151
0.805177
1.383080
1.423367
1.011049
0.842248
1.049472
0.632394
1.035579
1.511460
0.416701
1.523042
1.678435
0.786245
0.446339
1.161020
0.623945
0.804276
1.789575
0.758711
0.948268
0.682823
0.566591
0.599171
0.695815
0.592932
0.909827
0.354925
1.006722
0.473322
0.627784
1.045683
0.645125
1.152733
0.923734
1.135847
0.855985
0.621483
1.035740
0.511532
1.186045
0.478888
0.715446
1.218199
1.549437
0.945958
1.463095
1.143989
1.866792
0.964049
1.417453
0.953058
1.041816
1.437969
1.691874
0.535307
0.721458
1.011790
0.853166
1.289687
0.948062
0.944669
0.874395
0.460804
1.551621
1.070454
1.574649
0.458693
0.726778
0.890223
0.771693
0.812545
1.484466
0.393359
0.813039
1.655671
1.056467
1.247297
0.927160
0.731899
0.716864
1.288472
0.917845
1.517720
1.117527
1.229723
1.532712
1.073081
0.686469
0.302315
1.951666
0.668422
1.082258
0.345849
1.378693
0.318925
1.417224
0.862836
0.176374
0.793308
1.549991
1.089412
1.703864
1.325348
1.436469
0.682239
0.342356
0.867442
1.395080
0.643713
0.953571
1.356134
0.744660
1.623440
0.769582
0.256849
1.253480
1.371749
1.070177
0.770438
1.533341
1.241288
1.595056
1.854501
0.650722
1.019189
1.703086
0.162190
0.874753
1.266854
1.705384
0.553812
0.745499
1.524185
0.590091
1.296547
0.771981
1.270418
0.739068
1.238910
0.664827
0.800656
1.691428
0.405841
0.499497
0.621345
0.661781
0.688975
0.361519
0.619985
0.710620
0.713424
2.007620
1.004186
1.025561
1.883135
1.447350
1.371968
0.147123
0.637038
1.889735
0.933135
0.688868
0.757217
0.628322
0.569867
0.880357
1.626543
1.125965
1.028966
1.545167
0.540675
0.521466
1.278332
1.206588
0.465328
0.805520
0.645009
0.755066
0.895887
1.137020
1.494933
0.364482
1.233453
0.403397
1.246715
0.866172
0.516185
1.419431
0.986789
0.604397
1.860365
1.712513
1.569615
1.544544
1.130004
0.567790
0.763706
0.748943
0.773836
1.135817
0.931569
1.639805
1.170904
0.924103
1.173251
0.734915
0.280971
0.878936
1.543130
0.881555
0.612871
1.207171
1.256250
0.585976
1.047494
0.451450
0.714243
0.956572
0.705606
0.671587
1.124697
1.559936
0.770396
0.562899
0.879689
0.368750
1.155501
0.769381
0.925422
0.967248
1.803211
0.875663
1.006777
0.627379
1.121606
1.910052
1.269450
2.045045
0.928058
0.697218
0.672747
0.772573
1.897206
0.780172
1.118456
1.341748
1.046741
1.454536
0.872437
1.228368
1.614647
1.194221
0.774526
0.596863
1.226831
1.452964
1.058932
0.806491
0.890013
0.467309
0.767157
1.010604
0.911213
0.708064
0.810381
1.187525
0.514476
1.120592
0.526134
0.429688
0.805288
0.843407
1.232611
1.334982
0.525125
1.227180
1.618689
0.910525
0.987091
1.010762
1.189557
0.174534
1.305419
0.849763
0.723249
1.392277
1.000314
1.138225
0.644531
1.717706
0.513407
0.971323
0.852628
1.182459
0.769806
1.007753
0.852223
1.022127
0.999020
0.944781
1.719467
1.492654
1.607445
1.845135
0.113266
1.171125
0.848394
0.718520
1.515275
1.200580
1.246745
0.455290
0.952235
1.066712
0.498085
1.076378
0.516870
1.243108
1.634704
1.045042
0.530664
0.569620
0.819743
1.095494
1.567236
0.528686
0.509062
0.596768
0.828643
1.339277
0.585329
1.464079
0.989176
1.444750
0.492739
0.496801
1.026054
1.755059
0.998496
1.180963
0.744342
1.005646
1.057874
0.885894
0.585589
0.580151
1.292516
0.650318
0.995893
0.818135
0.632825
1.657734
1.071511
0.944754
0.866875
1.765244
1.042831
1.207492
1.049078
1.169748
0.498010
1.462288
1.540481
0.247215
0.470952
0.813090
0.779213
0.185886
0.963408
0.735146
0.854805
1.335317
0.588170
1.362552
1.094749
1.309236
1.215415
1.260360
1.085145
1.215654
1.772025
0.409824
0.646407
1.525671
0.870686
1.265563
0.241687
0.930605
0.957653
0.925364
0.694295
0.671088
0.887362
1.095152
0.694428
1.138616
0.699504
0.474507
1.009350
0.485213
1.386271
0.475261
1.480930
1.113401
1.428407
1.277308
0.530959
0.822796
0.735123
0.890241
0.516678
0.922682
1.323593
0.922210
0.848289
0.783470
1.829302
0.952835
2.442592
0.782597
1.205533
1.046118
0.173527
0.671766
2.034790
0.977953
0.874889
1.006020
0.999364
1.969739
0.413677
1.168196
0.433009
0.496819
0.763159
0.966638
1.419950
1.297717
0.724483
0.848669
1.362550
1.306195
1.073995
1.040856
1.296020
1.489068
0.798500
0.790431
1.000785
0.871166
0.492424
0.187094
1.897587
1.416704
0.294743
2.087764
1.233563
0.519465
0.899289
1.587012
0.713821
0.304201
1.799650
0.422665
1.377874
1.176451
0.992797
0.441721
1.197179
1.635525
1.102205
1.542481
0.647356
1.669607
0.609645
1.106733
0.688492
0.754197
0.308445
0.959768
0.942044
0.792078
0.822975
0.863039
1.480710
1.474704
0.905993
1.578619
0.939790
0.989423
1.001872
0.863925
0.698758
1.145254
1.357406
0.928882
0.629444
1.326880
1.172011
0.539089
1.353015
0.636591
1.102801
1.023659
0.497007
0.727726
1.075912
0.749028
0.977858
1.424393
0.293570
0.778858
0.706833
0.846694
0.437869
0.612281
0.440751
0.813847
0.565961
0.454350
1.281388
1.254204
1.143484
1.163338
0.743981
0.317497
1.001334
1.654476
0.937856
1.721409
0.472428
1.698573
1.343578
0.541623
0.757792
1.023022
1.196580
0.430275
0.857419
1.879826
0.982176
0.698555
1.097748
0.425153
0.848082
0.570328
2.160250
1.170535
0.726962
0.678775
1.250939
0.708920
0.606948
0.736293
0.681687
1.574391
0.595827
1.416431
0.764403
0.989041
0.817068
1.260329
1.363445
0.768032
0.661136
0.211979
1.204280
0.732328
0.886764
1.247460
0.783964
0.374709
0.942850
1.700420
1.693384
0.759616
1.057732
0.534424
1.007226
1.000040
0.924923
0.972348
1.550532
1.116786
0.753232
0.289955
1.002099
1.307333
1.369708
0.563772
1.479985
1.034405
0.839812
0.545814
0.901678
1.672012
0.790098
0.972832
1.654662
1.219255
1.117094
1.068650
1.808253
0.782828
0.862711
0.840052
0.830060
0.861134
1.248268
1.158352
1.514193
1.415570
0.639521
1.241315
0.938097
0.817475
0.655660
0.921898
0.954458
1.255664
1.108186
1.311467
1.583580
0.378278
2.137674
0.292592
1.571761
0.539592
0.908050
0.923375
0.991389
1.123550
0.284900
0.776272
1.263201
1.029003
1.825760
1.262515
0.680239
0.176235
0.883033
0.865047
1.362777
0.804060
0.480566
1.555006
0.995578
1.753600
0.385015
1.131205
1.092590
0.306932
0.867431
1.358766
1.037315
1.357329
1.723406
1.083651
1.236934
0.857974
0.710006
1.038026
1.004580
0.226148
1.465210
0.973559
0.881677
1.309366
0.341093
0.893659
1.062995
0.828552
0.959319
1.988145
1.072198
0.781452
0.687040
1.237951
1.880514
2.006453
0.356454
1.020416
0.842848
0.644816
1.602998
0.540361
1.287733
0.645295
1.022619
0.879751
0.927739
2.396393
1.177807
1.276518
1.184039
0.421822
1.123811
1.355905
0.738771
0.966770
0.741002
0.560081
0.745039
0.825331
1.664384
0.942883
1.021005
1.310888
1.280893
0.970233
1.005204
1.005618
1.951994
0.636299
0.656092
1.218303
0.755981
0.886365
0.876647
0.571728
1.109588
0.916382
1.327078
1.015497
0.648595
1.003836
1.133997
0.560861
0.557169
0.745606
0.848618
1.259857
0.688578
0.520748
0.902054
0.372201
1.237911
0.645214
1.206050
0.373217
1.397656
1.022721
1.092699
0.966222
0.769355
0.580745
0.577242
0.838889
1.527664
1.106010
1.862447
0.300178
0.518669
0.352622
0.753961
1.367235
0.862113
1.394453
1.185406
0.433090
1.822215
1.320120
0.968869
0.996449
0.644512
0.608016
1.763402
1.185420
1.055979
0.876118
0.821581
1.101946
0.154385
1.060220
0.993700
0.944280
0.716300
1.884402
0.909248
0.386548
0.539347
0.807465
0.931983
0.658900
1.578002
0.955484
0.709388
1.103166
1.175078
0.946424
1.381972
0.885107
1.281864
1.454022
1.112507
0.435738
1.514123
1.755272
0.334735
0.766744
1.060814
0.785947
1.746196
0.583624
1.228095
1.244478
1.155810
1.217329
1.886789
1.310874
1.617133
1.501882
0.432445
1.422988
0.528917
1.612137
0.513942
0.271983
0.400434
1.029050
0.855531
1.108817
0.894842
1.086881
0.776337
1.138829
0.750784
1.212065
0.716052
1.133432
1.051208
1.368826
1.640843
0.796217
0.869407
1.156760
0.263010
0.373040
1.876908
2.364200
0.977964
0.604200
0.978908
1.578745
1.077062
0.966549
0.380346
1.516128
1.410543
0.752455
1.165707
1.003212
0.712301
1.246908
0.789470
0.525815
1.414070
0.820118
0.864387
1.048914
1.273428
1.354792
0.632919
1.032156
1.202130
1.313020
1.505597
0.617606
0.822874
1.350248
0.604797
0.616252
0.295373
0.755196
1.802705
0.580352
1.022171
1.113062
0.203561
0.934708
1.104607
1.246697
1.089693
1.013715
1.243294
0.702599
0.890639
1.267319
0.618295
0.907749
0.277008
0.598194
1.367381
1.104630
0.679813
1.228248
0.779008
0.900739
0.895899
1.116946
1.001839
0.483814
1.024891
0.881468
1.717494
0.449558
0.288417
1.459145
0.405148
0.850825
0.723502
1.153246
1.298301
1.165911
0.709158
1.101690
0.700278
0.858695
1.077971
1.543878
0.709576
1.226244
0.486379
0.657110
1.770425
0.725584
1.852309
0.604074
0.880083
0.878761
1.153065
1.304386
0.780758
1.468779
0.899520
0.912568
1.690085
1.370452
0.517460
1.245473
0.549284
0.988231
0.582640
1.222491
1.767045
0.681138
0.694475
0.408797
0.491618
0.936352
1.324125
0.482116
0.990067
0.457062
0.818445
1.827944
1.538079
1.133418
0.920017
1.144837
0.935789
0.354699
1.425804
0.799904
1.326174
0.632470
0.514007
1.086337
1.225571
0.964415
1.463334
1.072268
0.797695
1.126774
0.814106
1.415996
1.270640
1.103231
0.699692
1.485846
1.448159
0.987341
0.666674
0.867045
1.311726
1.117497
0.816446
0.954250
1.295388
1.536392
0.751048
0.610540
1.347706
0.508750
0.692097
0.346206
1.317902
1.280270
1.771944
0.553889
0.863015
0.884671
1.366424
1.371914
0.971897
0.518080
0.396864
1.725528
0.320333
1.412109
0.420671
0.794177
0.371709
0.511303
1.812955
1.444842
1.923688
1.147200
0.888337
0.921974
1.274617
1.431256
1.079055
0.312278
1.183472
0.440878
0.790218
0.816345
0.619122
1.028068
0.340970
1.050080
0.443796
1.280603
0.716796
0.570336
0.907833
1.797208
0.408562
1.345161
0.484973
0.289930
1.500495
0.700092
0.676480
1.710714
0.587813
1.664864
0.781154
0.875089
0.757486
0.593112
2.099816
1.146477
0.678915
1.374276
1.216223
0.785573
0.413122
0.661391
1.080296
0.367794
1.239546
0.697204
0.962007
0.384376
1.189847
1.237709
1.064572
1.569282
0.235186
0.823033
1.644887
1.044013
1.119177
0.467831
0.551228
0.943334
0.710616
1.200235
1.743450
0.659150
1.703481
1.333118
0.742513
1.670173
0.486496
0.718763
0.987524
1.266472
1.041658
0.740674
1.248694
1.157677
0.388796
0.483099
1.341629
1.893804
0.506453
0.253857
0.181997
0.751850
0.133087
0.705135
0.853755
0.378018
1.430274
0.210660
0.425685
0.773634
1.451801
1.063471
1.400442
1.216455
1.625435
0.814894
0.829344
2.304940
1.195712
0.729415
0.389389
1.233723
1.583968
0.607772
2.082407
1.020808
1.028810
0.201552
1.279974
1.062521
0.620231
1.820065
0.560707
0.955164
1.133579
1.239625
1.091315
0.634746
0.652800
0.621902
0.986639
0.498367
0.593098
1.511769
1.216328
1.074973
1.087973
0.374733
0.598802
0.409679
1.187452
0.578728
2.075875
0.865929
1.802989
1.804517
1.840048
0.694751
0.815554
1.926666
0.952466
1.037525
1.654638
0.364691
0.847205
1.428781
0.487511
0.449902
0.377313
1.287365
0.902046
1.130946
0.580753
0.962999
0.421768
1.205201
0.904991
0.614081
1.172423
0.645270
0.745493
0.855213
1.079955
0.776465
0.193708
0.682919
1.523811
1.431246
0.482456
0.520590
0.510538
1.186651
0.241188
0.918562
0.441012
1.537762
0.751720
1.082068
0.337366
0.807052
1.896873
1.570553
1.173377
0.526927
0.525955
0.717302
1.385034
0.962115
0.204944
0.696716
1.356270
1.797619
1.175259
0.839181
0.983282
1.312784
1.335909
1.217552
0.817517
0.934067
1.182693
0.661233
1.303024
0.282653
0.795306
0.399207
0.831823
0.742929
2.033826
1.127130
0.653290
0.681118
0.991494
0.394550
1.115533
0.978111
1.689226
1.187135
1.590633
0.946312
1.265353
1.443733
0.298363
1.391982
0.885702
0.383276
0.204853
0.805593
0.614381
0.856938
0.613811
1.093986
0.974727
1.039814
1.315059
1.138273
1.001767
0.618537
1.143983
1.618294
0.926815
0.977630
1.163335
1.751852
1.039889
0.862353
0.893599
0.580286
1.888519
1.223622
0.743912
1.714621
1.740217
0.578992
1.004124
1.139706
0.567454
1.081950
0.892856
1.560660
1.339457
1.548754
1.612908
0.476361
1.364261
0.787343
0.543328
1.427112
0.129831
1.142877
1.613456
1.255900
0.804552
1.206817
0.588139
0.318104
0.682141
0.695645
0.904007
0.710561
0.438287
0.643254
1.219452
1.149562
1.103276
0.636910
1.070983
0.773228
0.628904
1.003414
0.979476
1.140672
0.640979
1.171989
1.689809
0.760776
0.877736
0.613344
0.690639
1.286989
0.276045
0.936752
0.917281
0.729646
0.447047
1.261909
0.584068
0.507376
1.226776
0.620486
0.996841
1.353382
0.799044
0.933683
1.543172
0.740336
1.020775
1.905799
1.496733
0.965405
1.009928
0.475773
1.247983
0.413814
1.680892
0.641978
1.166908
0.214106
0.795946
1.617669
0.882594
1.621893
1.308133
1.168606
0.724868
0.929019
0.924936
0.888962
1.335866
1.393918
0.620234
1.154575
0.539306
0.445475
1.254207
1.997898
0.893905
1.320171
0.608804
0.325104
0.989600
0.909125
0.517247
0.832510
0.865744
1.636805
1.423274
1.943435
0.409122
0.853630
1.488346
0.942935
1.446620
0.435633
0.153754
1.445012
0.965863
1.238443
1.379058
0.443725
0.938702
0.851951
0.457289
1.214974
1.349939
1.311704
0.655862
1.011122
1.275395
1.174775
0.985583
1.043215
1.297973
1.806126
0.573553
0.419581
1.205820
0.935463
2.062103
2.189708
0.941817
1.166390
0.486751
1.271824
1.844105
1.483607
0.663995
1.135837
1.585504
0.916127
0.855916
0.835417
1.582367
1.345314
1.300966
0.818855
1.146223
0.537925
0.398363
0.785522
1.113294
0.675347
1.055810
0.260056
0.404319
1.568012
0.412476
1.222069
1.449600
1.418317
0.761327
0.772284
0.896161
0.452742
0.751739
2.071512
1.640053
0.851520
1.900442
0.607127
1.340807
0.423971
1.219340
1.581662
1.481835
0.493763
1.123572
0.714917
1.061496
0.761273
1.271692
0.861433
1.155976
1.112206
1.070526
1.258667
1.514595
0.860157
1.192024
1.751735
0.871019
1.623522
0.538630
1.478717
1.656636
0.344962
0.429620
0.521249
0.884083
1.408627
1.071650
0.713188
0.854155
0.380600
1.095101
0.700682
0.535068
1.076561
0.372472
1.028923
2.568486
0.423277
0.276157
0.468783
1.004961
0.798122
0.472538
1.084350
0.941943
0.853501
0.956688
0.810798
0.556001
0.358009
1.559822
1.377401
0.797698
1.537818
0.476313
0.942588
0.582329
0.853031
1.150133
0.593317
1.293736
0.375871
0.955991
0.626133
1.876527
1.054166
1.107314
1.354754
0.949681
1.398132
0.249925
0.940391
0.611643
1.163906
0.332330
0.902563
0.438617
0.550803
0.961480
1.649579
1.305829
1.319201
0.538135
1.410581
0.646178
0.624004
1.089358
0.473249
1.216175
1.271762
0.963351
1.076541
0.969028
0.646912
0.710829
0.865986
0.485518
0.562080
0.869318
1.601468
0.807428
1.096952
0.673554
0.525097
0.851504
0.396061
0.780319
0.694425
0.381361
0.552913
0.763410
0.776424
0.823345
0.440789
0.588661
1.908011
1.064909
0.825279
0.796391
1.114717
1.155391
1.437251
1.327269
1.526420
1.102198
0.950374
1.156030
1.223348
0.317925
0.906220
0.872344
0.669407
0.723699
1.069466
1.305659
1.098336
0.509801
0.995990
0.753014
0.717905
1.381118
1.396623
1.258154
1.008444
1.463449
1.441970
1.361755
1.182696
1.369635
0.805163
2.273220
0.705485
0.843709
0.776880
1.093245
1.639885
0.381575
0.878582
0.925973
1.253465
1.350970
0.767868
1.436652
0.959355
0.897641
0.895316
0.860096
1.057684
1.283063
0.449232
1.387296
0.521892
1.380508
1.329186
0.410783
0.623852
1.506840
1.198972
1.356889
1.335171
0.924263
0.935645
1.391088
0.978293
1.031281
0.691471
0.945415
0.644703
0.947964
0.123270
1.048980
1.213242
1.202395
1.527400
0.083368
0.571103
0.940579
0.357675
0.668543
0.911905
1.703899
1.054709
0.827941
1.153849
0.531623
0.736086
0.782040
0.693147
0.503780
0.527525
0.699073
1.391985
0.323425
0.302446
0.926222
0.422286
1.017658
0.371112
1.352917
0.901111
1.200653
0.364246
1.471053
0.749316
0.569277
0.683667
0.699563
0.740287
0.846162
0.999850
1.017874
0.894861
0.371302
0.686900
1.468452
0.729588
0.873428
0.402172
1.315643
0.841697
1.233477
0.526974
0.987551
0.875565
1.178852
1.282386
0.376358
1.620143
0.411029
0.998863
0.584165
0.727726
0.756199
1.493567
0.184994
0.194574
1.825131
1.204604
0.894463
1.118403
1.369857
0.820066
1.998273
1.023457
0.549586
0.880704
0.334581
1.362727
0.357345
1.343086
1.212363
1.500346
0.503134
1.581395
1.891782
1.081272
0.727994
0.698179
1.318641
1.984576
1.225536
1.111148
1.268933
0.177101
0.648469
1.165933
1.450116
1.037187
1.570130
2.728121
1.252163
1.004576
0.621206
1.401662
1.359365
0.900429
0.878596
0.907392
0.258909
0.397858
1.738545
0.777464
0.743524
0.998256
0.687670
0.569515
1.119467
0.588371
1.244516
1.002215
1.321755
1.295063
0.079569
0.807164
0.780283
0.764171
1.118884
0.830496
0.955243
0.645330
0.381773
2.488010
0.772408
1.473581
1.614447
0.255814
0.516431
1.365377
0.944081
0.642823
1.532349
0.904384
1.923630
0.923063
1.987207
1.179472
1.022290
0.898774
1.623337
1.127177
0.507186
1.377076
0.957289
0.292460
1.400950
1.257375
1.325061
0.705321
1.311284
0.401541
0.591616
0.455027
0.495892
0.958426
0.438954
0.362022
0.929460
1.983612
1.189278
0.917757
0.537505
1.312983
1.292806
1.320355
1.184651
0.875876
0.863777
0.814578
1.112296
0.764621
1.344065
0.724332
1.298868
0.948145
0.565008
0.276189
1.373275
1.392881
0.758987
0.647938
0.870045
0.535757
0.754818
0.766600
1.313549
0.287461
0.968804
1.525736
1.662720
0.370405
1.271282
0.649481
1.199649
0.841548
0.609696
1.875223
0.738552
0.450191
1.615957
1.016423
1.285829
0.277952
1.120598
1.417691
0.780518
1.012290
1.506801
1.288523
1.496642
0.526685
1.392237
0.534101
1.337760
0.620577
0.227387
0.932599
0.775587
1.048912
0.611256
1.225986
0.918048
0.613655
1.103800
1.155492
1.347863
0.832658
1.041169
1.614911
1.206892
1.170145
1.016743
1.061138
1.503595
0.729201
1.590151
0.685106
0.667072
0.301149
1.471279
0.901427
0.784374
0.918195
0.966915
1.711562
1.525411
0.550591
0.350068
0.745490
0.831337
1.497329
0.806109
1.930383
1.252495
1.563863
0.839945
1.153089
0.301489
0.373144
0.937260
0.999822
0.740401
0.705502
0.364887
1.034293
1.231501
1.074175
1.353657
1.760731
1.596700
0.837809
0.860883
0.625991
1.430376
0.768764
0.834614
1.472611
0.942669
1.195402
1.245868
1.722979
0.990099
0.448166
0.355896
0.930744
1.469452
1.062893
0.590924
0.393469
1.162244
0.543525
0.956483
0.745599
1.386530
1.329238
1.277520
1.020823
0.812884
0.235338
0.763284
0.342288
0.736743
0.833591
0.917154
0.307526
1.215842
0.288401
0.606251
0.665296
1.220315
1.363012
0.624536
1.625298
0.350573
0.568569
0.827743
1.181204
0.412682
1.831375
0.439571
0.754836
0.159845
1.420010
0.448471
2.280755
1.709749
1.124418
1.471427
0.754006
1.508202
0.412184
0.640810
1.186645
2.008296
1.430637
0.389310
0.620232
1.154872
1.118555
0.937038
1.158377
0.938446
1.587156
0.569095
1.072733
1.919478
2.036488
0.744210
1.711608
0.995771
0.924037
1.809724
0.505280
1.007941
0.951117
0.582189
1.030102
1.306684
0.867235
0.945505
0.566900
0.365730
1.873376
1.078957
1.534441
0.526278
1.383933
1.027751
1.458564
1.336766
0.618298
1.350100
1.274527
1.289474
0.495542
1.258689
1.282742
1.208187
1.245744
0.961267
0.759738
0.423132
1.343423
1.720404
1.208670
0.810848
1.367914
1.306092
1.576137
1.968955
0.976288
1.580240
1.405124
1.104584
1.132005
1.496339
1.378490
0.976705
1.253952
1.387463
1.039986
0.287196
1.175346
0.588121
0.609952
0.728697
0.899295
1.969667
0.801850
1.010189
0.632128
1.525500
1.560708
0.613034
0.834847
1.181853
0.916037
0.307087
1.483497
0.460605
0.387715
0.950474
0.715699
1.033914
0.771797
1.132623
1.021543
1.213108
0.638203
0.595370
1.289317
0.752892
0.629958
1.097061
2.063629
0.665911
0.560993
2.261317
0.567596
0.205955
0.931073
1.864563
0.991762
1.401040
2.111750
0.720006
1.503699
0.909938
0.335775
1.507975
0.854725
0.813592
0.615920
1.181630
0.889092
0.902017
0.676398
1.171950
1.635264
1.014248
1.564962
1.098386
1.288357
0.927844
0.184704
1.192099
0.741039
1.569457
0.561628
1.279928
1.180081
0.933076
0.624507
0.368873
1.087695
0.174419
0.970566
1.426011
1.467077
0.377998
1.525751
1.164854
2.035352
1.239771
1.313042
0.397168
0.572469
1.447764
0.584662
1.262105
0.285576
1.674749
1.967358
1.033174
2.281711
0.903221
0.954548
0.718972
1.487886
0.556681
0.945162
1.682709
0.834508
0.473018
0.478408
0.646080
0.620295
0.661794
0.766420
1.091095
1.298382
0.412180
1.299476
1.377466
0.808435
1.088419
0.467070
0.598744
1.234457
0.960890
1.081911
1.188735
1.401116
0.894333
1.222049
1.706908
1.034349
0.985128
1.125146
0.578313
1.127761
0.488511
0.824624
1.009251
1.645878
0.257408
0.644011
0.505701
0.468618
1.345745
1.567442
1.445048
0.734754
1.350737
1.156164
0.683826
1.398499
0.779930
1.313000
0.717459
1.463553
0.635823
1.675967
1.780685
0.513988
1.466246
0.808949
0.764548
0.665581
1.115051
0.814140
0.507841
2.098590
1.201447
0.763772
0.693417
1.650386
1.253845
0.330681
1.384139
0.648588
0.499643
1.239816
0.996010
1.900123
1.283185
0.790307
0.372913
0.461849
1.891826
1.169216
0.201784
1.771922
0.889641
0.907784
1.123651
1.240959
0.614842
1.176755
1.307228
0.778883
0.653121
0.635401
0.946737
1.445690
1.533536
0.566761
1.569800
0.696459
0.482256
0.601451
1.613053
0.536715
0.965140
0.631113
1.250942
0.433038
0.905007
0.329420
0.987762
1.381211
1.166411
0.474964
1.929640
1.043245
1.634135
1.451307
1.180709
1.238406
0.879562
0.510309
1.617063
0.788069
1.561799
1.356348
0.996615
1.033626
0.890861
0.421831
0.679045
1.678164
1.152434
1.389824
1.691160
1.076296
1.000460
0.287694
0.677797
1.362337
1.112150
0.683776
1.366797
0.255905
1.847785
1.647287
1.302466
0.915445
1.673599
1.429073
1.005553
1.063795
1.308491
0.613278
1.206010
0.973590
0.509775
0.244216
0.877820
0.236957
0.906287
0.789555
1.317629
2.183515
0.998836
0.609267
0.873283
0.865395
0.467796
0.464524
1.601383
0.308206
0.786289
0.313810
1.980615
1.288380
0.872607
1.162937
0.663565
1.186653
0.647060
0.954392
0.805830
0.912613
0.809082
0.984303
1.406232
1.121724
1.176870
0.902066
1.429705
0.319693
0.863832
1.546147
0.472581
0.764533
0.784131
1.516215
1.335586
1.332892
1.668614
0.896410
1.109982
0.758912
0.997212
0.674317
1.353786
0.800761
0.469322
1.191064
1.312202
0.896191
0.579092
1.205473
1.007316
0.693132
0.544751
0.282954
0.357984
1.020402
1.169783
1.235142
1.003051
0.868378
1.422506
1.236349
1.669685
0.447464
0.334490
0.901025
0.897698
1.573693
0.429566
0.206645
1.589243
0.468179
0.483154
0.259540
1.014642
1.318227
0.586849
0.519563
1.030250
1.094387
0.578484
0.309725
1.158203
1.128510
0.904635
0.526849
0.506544
0.914096
0.461758
1.392264
0.859117
0.805219
0.302420
1.248389
1.122389
0.346415
1.484569
0.753542
0.936292
1.721449
0.917779
0.448170
0.795224
0.534428
1.098159
1.168185
1.141393
1.620770
0.598180
0.879681
1.161022
0.862208
0.766234
0.468531
0.604323
0.999595
1.533564
1.131938
1.599141
0.691517
0.593354
1.024154
1.384235
1.129934
0.758318
0.767249
0.921323
0.865743
1.258305
0.872149
0.705426
1.508158
1.157080
0.761893
0.187300
0.977849
0.274315
1.501801
0.754344
0.963488
1.789418
0.873436
0.339135
1.977094
0.657026
1.409051
1.389433
0.933776
0.674895
0.453096
1.243330
0.909507
0.635421
1.232004
0.824658
0.372728
1.296102
0.644565
1.529674
0.910247
1.967298
1.483566
1.297973
1.071459
0.623752
0.902581
1.158930
1.067134
1.682183
0.217385
0.963824
1.382984
0.851480
1.083650
1.786875
0.832871
1.059556
0.862562
0.994093
1.166067
0.171845
0.963962
0.784966
0.675471
1.120491
1.073658
0.776750
1.601926
0.703283
1.152108
0.833550
1.040327
0.456815
1.359368
1.611479
0.710536
0.635826
0.756226
1.018980
1.340419
0.485493
0.936019
0.971322
0.675077
0.855101
1.556216
1.617990
0.402721
0.972665
0.586917
1.320839
0.951687
0.924691
1.294268
0.444416
1.173715
0.900084
0.822204
0.649022
1.102571
1.089646
1.045609
0.746811
0.859558
0.535018
0.620730
0.869144
1.268137
0.892382
0.514771
0.548149
1.252059
1.499483
0.614792
0.415921
0.830501
1.424677
0.660977
0.533081
0.378620
0.875309
0.567857
1.669603
0.686321
1.012514
0.999801
0.989953
0.194901
0.442722
0.485121
0.927542
1.086683
1.206087
1.349942
1.306020
0.907128
1.199091
1.014440
1.579392
0.602292
0.743941
0.664169
1.297298
2.247021
0.995928
1.173431
1.387198
0.459649
0.998780
2.064000
1.505116
1.501190
0.581294
0.938102
0.735748
1.182443
1.253953
1.041328
0.168414
0.898782
1.186008
1.487109
0.653594
0.887437
0.686521
1.335223
2.830389
0.274420
0.346694
0.711007
0.421354
0.807122
1.382037
1.889348
0.296552
1.028735
1.047751
1.131955
1.440415
1.408824
1.896732
1.671660
0.722685
0.839469
1.154216
1.383533
1.395284
1.172233
0.910991
0.610545
1.402625
0.938570
0.308271
1.741956
0.889463
1.148790
0.514987
0.848859
0.723241
0.970509
0.649074
1.597522
0.243229
1.141492
0.491832
1.253726
1.694106
0.332840
0.965760
0.228094
0.591796
0.964545
1.141284
0.717324
1.137190
1.194883
1.554942
1.360466
1.344033
1.206909
1.411614
0.852465
0.611499
1.406198
0.960072
0.449319
0.734706
0.363520
1.412625
0.427940
1.493186
0.494689
1.170719
0.923749
0.587584
0.416784
0.506804
0.557005
0.787263
0.860579
1.481430
0.733724
0.702410
0.968007
1.229726
0.777819
1.057034
0.560027
0.560530
1.087346
0.910502
1.409487
0.767692
0.484250
0.936372
1.260858
0.774975
0.961376
0.949516
1.091254
1.000663
0.248814
0.726654
0.285458
0.670720
0.478038
0.556856
0.399230
0.955766
0.307365
1.002497
0.766098
1.099341
0.559620
0.935562
0.473579
1.485174
1.463467
1.111634
0.846049
0.619283
0.976969
1.283652
0.868317
0.456849
1.713313
1.472525
1.971957
0.913138
0.530266
1.751535
0.521607
0.522509
0.327462
0.580590
0.849033
1.517321
1.015053
1.896748
0.522926
0.524428
0.502275
1.228700
1.552768
0.233829
1.987433
0.863036
0.469804
0.535983
1.027383
0.656977
1.111125
1.449884
1.084833
0.972012
0.695008
1.117429
1.208444
0.950898
1.790998
0.800883
0.608621
1.115937
0.572226
1.494034
1.696811
1.756868
0.421882
0.679350
1.318288
1.407544
0.452860
1.167768
0.824108
0.873724
1.510046
0.790409
1.436488
0.641205
1.380733
0.508212
0.750399
0.415811
1.355596
1.356122
1.089721
1.014321
1.388715
1.015608
1.198397
0.417847
0.516236
0.186718
1.238643
0.667064
1.210347
1.344729
1.246184
1.277268
1.193008
0.915002
1.375171
0.702257
1.070808
0.988048
0.777316
1.346722
1.468476
1.659624
0.691296
1.459358
0.860761
0.729152
0.988398
1.212197
1.280877
0.576923
0.747024
1.084645
1.065499
0.645946
1.199205
1.699192
0.681541
0.978788
1.672825
0.796909
0.800097
0.909323
0.935416
1.051357
1.267501
0.615994
0.560047
0.190666
0.655606
0.911977
1.368928
1.432974
1.168238
0.987916
0.659996
0.839676
0.413700
0.982159
1.158144
0.857117
0.994658
0.901958
1.634654
0.730104
0.474217
1.234529
0.704010
1.451054
0.456901
1.060686
1.600585
0.727585
1.291121
1.091618
0.946254
0.841709
1.320656
2.161076
0.671083
0.461203
1.089490
0.781243
1.274745
0.685155
0.675795
1.299746
0.856454
1.312805
0.812409
1.884281
2.053532
0.834571
0.497046
0.792978
0.974282
0.804803
1.332132
1.447932
2.405038
0.946364
1.742637
1.203735
0.713492
0.707442
1.301820
0.670988
1.296798
0.469116
0.221231
1.881341
0.989286
0.266613
0.777861
0.535877
0.572776
0.705877
0.686801
0.527451
1.249648
0.842109
0.814436
0.588618
1.310923
1.544315
0.937215
0.910316
1.504628
1.267998
1.619136
1.297743
1.540363
0.344322
0.874288
0.669937
1.033759
1.080635
0.758307
0.850812
0.822809
0.537303
1.179253
0.891715
0.418656
1.019497
0.913008
1.023658
0.474803
0.276295
1.545183
0.936175
1.997383
0.603770
1.036416
0.684287
1.023157
0.371803
1.032170
0.638189
1.309330
0.901171
0.485890
1.914984
1.228425
0.683618
0.340198
0.672472
0.841184
1.029242
1.228369
0.793360
0.951084
1.623794
1.207881
0.855911
0.400404
1.520047
0.809803
1.257053
0.437555
0.722111
1.307942
1.170134
0.890326
0.710937
1.028672
1.013659
0.757319
0.523002
0.715540
1.333441
1.293880
1.072131
1.335871
1.273528
0.963277
0.518827
0.446245
1.245517
1.464583
0.614400
1.109302
1.313519
1.947705
0.739418
0.536062
0.945546
0.699589
0.550914
1.061676
0.789679
0.905353
1.146520
1.254552
1.596647
0.726410
1.678018
1.115673
1.116272
0.988039
1.991991
2.094218
0.801341
1.148766
1.066533
0.413084
0.886630
0.575799
0.511858
1.796653
1.133322
1.610376
1.057355
1.274667
1.042788
0.618138
0.899540
1.583887
1.241636
0.954250
0.909988
2.006373
1.151155
1.174438
1.129897
0.970520
0.748614
0.613546
0.904677
1.498203
0.954507
0.886166
1.572351
0.730641
0.750668
1.272951
0.564071
1.329261
0.595046
1.320516
0.330842
0.766197
0.635440
1.220892
0.563422
0.989143
1.021759
2.117344
0.982866
0.463525
1.035130
0.507984
1.089053
0.923622
0.742422
0.950362
0.820316
0.710961
1.219655
1.581744
1.051279
0.494009
0.803157
0.164627
2.225825
1.534545
0.816273
2.263097
1.106457
0.396708
0.820805
0.846951
0.947387
0.817958
1.135332
0.826229
1.079992
0.633019
0.841304
1.197939
0.804015
1.163022
0.542286
1.252132
1.592704
0.971668
0.647475
0.564948
1.037790
0.820194
1.115893
0.936672
0.586853
1.131033
1.234204
0.638893
0.789530
0.857184
0.875128
0.997302
1.071724
0.813820
0.472317
1.343236
0.972018
0.465020
1.207859
0.778758
0.608851
0.978674
2.002613
0.694203
0.969357
1.302705
0.291460
1.123470
0.595828
1.164130
1.613159
0.957725
1.062484
1.090482
1.753149
1.246493
1.569232
1.978630
0.761421
0.974377
1.179980
0.607401
0.899380
0.496382
1.309564
0.939201
1.082496
1.106429
1.285996
0.884565
0.648925
1.334879
0.631442
1.683933
0.530724
1.330855
0.486327
1.009231
1.072746
0.468263
1.276445
0.792840
1.246341
0.526910
0.620538
1.119423
1.409757
1.247737
0.373524
1.024888
1.052595
1.653263
0.990377
0.316024
0.703575
0.940461
0.577576
0.649041
0.876772
0.272131
0.536247
1.739332
1.486931
0.428139
0.910193
1.010211
0.697299
1.726376
0.328676
0.517039
0.624214
1.273864
0.995096
1.764923
0.407272
1.470395
0.751912
0.698513
1.180279
0.250783
0.744970
0.931133
0.796733
0.570092
0.299365
1.012184
0.942303
0.645404
1.599053
0.847562
0.783664
0.910437
1.011716
1.003303
1.300802
0.724287
0.614248
2.198588
0.674108
1.155480
1.426675
0.242332
1.143271
0.661238
1.193549
1.141242
0.418354
0.981620
0.978003
0.982251
1.381730
0.469686
1.745471
1.059003
0.760264
1.076077
1.124714
0.795996
0.219762
0.692795
0.792053
1.252330
0.726225
0.620505
1.282000
2.040263
0.897004
1.569255
1.492610
0.650432
0.502080
0.781092
1.086217
0.976103
1.084104
1.338643
1.100618
1.004780
0.827273
1.498177
0.712042
0.618333
1.305787
0.217048
1.356632
1.318470
1.246462
0.537709
0.657272
2.075852
0.506336
0.712562
0.973024
0.853072
0.787733
0.489139
1.543035
1.691201
0.382545
1.359116
1.124735
0.725722
0.335846
0.468582
0.586816
0.462633
1.060510
1.415875
0.930152
0.102556
0.572064
0.246445
1.111529
0.798514
0.642428
0.811599
0.399089
1.807047
0.357732
0.901191
0.775550
0.490881
0.763533
0.864810
1.449293
0.292951
0.927344
1.527945
1.451764
0.693870
1.160306
0.859688
1.191688
0.447657
0.592625
0.939923
1.231385
1.549411
1.619643
0.911031
0.665268
1.084461
1.196630
0.789763
0.954120
0.666134
0.802453
1.124829
0.365432
1.379352
1.438812
1.386222
1.052853
0.593563
1.540984
0.167069
1.312181
0.918919
1.289199
0.557761
2.057965
0.377524
0.898150
1.794972
1.506261
0.955516
1.570476
1.682415
1.128108
0.654911
0.676044
0.165429
0.440508
0.839143
1.439618
1.202324
0.910909
1.151641
1.852086
0.502056
0.979402
0.528504
0.914488
0.481143
0.534181
0.810175
0.112267
0.969251
0.699637
1.151684
1.209193
0.926359
0.910630
1.639405
1.819917
0.165527
1.321628
0.671581
1.116055
1.020156
0.792501
0.984219
0.729323
1.357731
1.026436
0.451280
0.240239
1.372568
0.922773
0.845182
0.604897
1.137348
0.822573
0.591777
0.907528
0.973733
0.528083
1.239142
0.631861
0.852594
1.474689
0.833162
0.843090
0.733722
0.911329
0.376012
0.929721
1.201007
0.955630
0.703527
0.627748
1.192442
0.824708
1.330614
1.314846
0.674747
1.440425
0.974365
0.992137
0.675752
1.038901
1.195736
1.239340
1.848181
1.351206
1.290981
0.946327
0.946532
0.212636
0.790381
0.828028
1.333784
0.766319
0.800503
1.383185
1.201974
1.049065
1.608273
0.819374
1.274961
0.926926
0.534827
0.666701
1.473562
1.077900
0.828471
0.873869
1.013286
1.197975
0.598749
1.411614
0.530139
0.996776
1.413018
0.647415
1.227665
1.505593
0.709287
2.083622
0.726007
0.515757
0.725809
0.979647
1.389369
0.522364
1.456392
0.848344
0.526957
0.335360
0.780088
0.856917
0.751876
0.425160
1.670537
1.145281
1.540573
1.186239
1.091479
1.355648
1.778033
0.596383
0.889945
1.185487
0.734388
0.822115
0.536725
1.334038
1.032199
0.450573
0.799575
1.079231
0.914669
0.493296
0.767560
1.052111
0.697694
1.117202
0.998618
1.546114
0.337899
1.176665
0.888548
1.316900
0.945040
0.918426
1.531572
0.612536
0.618342
1.531447
1.587580
1.311080
0.389222
1.011464
1.232841
1.414080
1.039099
0.761166
1.138811
0.710717
1.493049
0.290179
0.695261
0.353182
1.472467
0.629409
0.935274
1.223582
0.943846
0.511744
0.451133
1.015813
0.687684
0.994060
0.765905
1.038857
1.096084
1.074275
1.305826
0.606882
1.028428
0.927316
0.192984
1.345454
1.301340
0.835392
1.064260
0.819059
0.501710
0.652403
0.854061
0.539262
1.283077
2.005972
0.278800
0.969118
1.178664
0.954468
1.849830
0.858145
1.453129
0.918953
1.119392
1.239435
0.912445
0.744862
1.044219
0.197419
1.422104
0.962284
1.408935
0.644987
1.225208
0.932778
1.088475
1.004180
0.773118
1.422409
0.311565
1.462349
1.184344
0.689059
1.124629
1.571218
1.018997
1.228721
0.813623
0.586059
0.720157
0.487174
1.063202
1.055579
0.594745
0.921554
0.954227
0.990546
1.099957
0.991638
1.694910
0.656573
1.251576
0.849843
0.736613
1.843548
0.694044
0.594584
1.145934
1.274153
1.205366
1.074573
1.202036
1.441460
0.692665
1.289349
0.886161
0.572376
1.200463
1.358257
0.674172
0.799591
0.811163
0.958795
1.205148
1.216802
1.369700
0.357872
1.717657
0.810475
0.792571
0.420998
1.059223
1.052693
0.859849
1.143857
0.557021
0.402251
1.796012
1.418522
0.894014
0.469760
1.784263
1.299457
1.251221
1.133278
0.395810
0.963292
1.101714
0.845031
0.477808
1.418106
0.927093
0.761221
1.364714
0.316729
0.613953
2.202712
1.186289
1.498916
1.147355
0.964636
1.988644
1.654310
0.830464
1.274089
1.067709
0.992115
0.732889
0.832462
1.008564
1.369481
0.636821
0.672960
1.156054
1.012195
1.364190
0.860527
1.041161
1.077606
1.254296
1.767228
1.381419
0.627748
0.274262
1.152247
0.424842
0.941409
0.477063
1.029368
1.456993
0.518141
0.798180
1.326944
0.576949
0.631862
0.849318
1.501126
0.872478
0.751955
1.712156
0.620911
0.684453
1.197770
1.320339
0.760153
0.338643
1.019924
0.722165
0.698652
0.816154
1.587167
1.891043
0.590083
0.794982
0.793949
0.676035
1.059820
0.991980
0.296385
1.100866
0.945974
1.033154
0.704483
0.401457
1.130368
1.164682
0.535449
0.327111
0.759191
0.698845
1.025303
0.962604
1.283986
0.714704
0.893417
0.552164
1.183974
1.199777
1.011070
1.535953
1.228346
1.152127
0.769711
0.702499
0.584379
0.789698
1.011835
1.003722
1.226115
0.674492
1.151024
2.020273
1.359039
1.332775
0.522347
1.339797
0.564633
0.930017
1.802377
0.751241
0.328969
0.702348
0.992053
1.670425
0.408214
1.213086
0.772645
0.362318
0.873215
1.479457
1.820422
0.340492
0.251889
1.407299
0.431195
0.484858
0.564364
0.563243
1.085602
0.705344
0.604477
0.294751
1.474205
0.802701
1.239575
0.975522
0.116277
0.936811
1.176859
1.286848
0.658992
0.811927
0.161305
0.845855
1.393197
1.189717
0.885148
1.642475
0.764411
1.358535
0.438611
0.460318
0.509539
1.563276
0.895405
1.446529
1.489926
1.532881
1.177260
0.969605
1.496866
1.274511
1.316711
1.117256
1.631915
1.812883
0.718983
1.192872
0.280070
1.569849
0.829115
0.723007
1.152245
0.625072
0.690847
0.953187
0.837490
0.847931
1.342909
1.646186
0.773666
0.407765
0.515568
0.625499
1.115591
0.295062
1.273623
1.119844
1.097423
0.561916
1.432914
1.043569
0.296683
0.820754
1.213342
0.970128
0.495269
1.709549
0.751728
0.471939
0.665549
1.226575
1.063613
0.923253
0.518644
1.227717
0.943483
1.127435
1.012645
1.104496
0.863697
1.667921
1.830002
1.205539
1.692702
0.844727
1.161756
1.023001
1.016410
0.698302
1.339717
1.130159
1.421373
1.758053
1.116623
1.342160
1.686083
1.261803
0.430663
1.043091
0.897288
0.605241
0.775286
1.403121
0.750934
0.381534
0.624487
1.564730
0.923749
0.677319
1.314537
1.012772
0.246575
1.529972
1.379973
1.296602
0.450992
1.842887
1.022651
0.571630
0.314968
1.073435
1.265708
1.285006
1.529695
0.626082
0.420990
1.727963
0.961872
0.933736
1.215847
1.003546
1.845211
1.011131
0.799181
0.736566
0.153519
0.538401
0.750405
0.734470
0.862033
0.205982
0.607085
1.234059
1.293008
1.486162
1.339528
1.785421
0.998551
0.432516
0.969116
1.831030
1.629727
0.938443
0.625534
0.353719
0.674212
0.811953
0.692891
0.599343
0.694242
1.209557
1.139673
1.048153
1.294831
0.878941
0.882484
0.461561
0.755744
0.831590
1.301265
1.778355
1.850811
1.645264
0.454962
1.109791
0.744401
0.971087
1.438106
1.216201
0.735381
0.348975
0.528224
0.879266
0.286123
1.239604
0.375144
0.791465
0.678701
0.769804
1.016879
0.891334
0.770016
1.235870
0.591806
1.280397
1.802919
1.059296
0.830246
1.126914
1.331639
1.231496
1.036408
1.701015
0.483414
1.587281
1.397371
1.865062
0.704977
1.243256
1.631867
1.440069
0.953614
1.292382
0.841800
0.892154
1.788701
1.245277
0.656597
0.674900
0.647211
0.850585
1.378489
0.803929
1.081839
0.918012
1.104667
0.589963
1.182362
0.858860
1.910659
0.904667
0.409362
0.718836
1.047340
0.426844
1.776255
0.852140
0.905087
1.251256
1.282916
0.790043
0.399721
1.117995
0.574504
1.034984
1.109994
1.127172
0.426438
0.557258
0.880590
1.449994
1.253708
0.536857
0.637719
0.771803
1.403190
0.869288
0.492234
1.144760
1.071628
1.406753
0.840743
1.095648
1.392011
0.938760
0.832893
1.260828
1.780579
0.922789
0.680850
0.558817
1.414328
0.638303
1.068679
1.311307
0.969336
1.104649
0.416805
1.115670
1.021338
0.667759
0.250534
1.322769
0.901556
0.534901
1.218271
0.817355
1.237064
1.025215
1.126222
1.523665
1.596280
0.659607
0.756922
1.066911
1.257984
1.023655
1.063068
0.714291
0.660691
0.842688
1.584183
0.242374
0.237589
0.741093
1.482718
0.956177
0.436262
0.738448
1.543622
0.831271
1.441341
1.179920
1.251980
1.388705
0.549094
0.734332
1.243743
1.297609
0.725384
0.972937
1.435734
1.156683
0.725318
1.550425
0.855455
1.109608
0.752172
1.117837
0.542395
0.524960
0.433796
0.395450
1.134220
0.944117
1.080295
0.744089
0.787013
1.222814
0.515090
0.829234
0.775258
0.593999
1.106520
0.649687
1.670268
0.512388
1.196886
1.187663
0.756843
1.158015
0.616921
0.792552
1.024953
1.833570
1.417993
1.443780
1.243840
1.301525
1.252794
1.626081
1.150681
1.403624
1.117941
0.774923
0.586182
0.523598
0.691198
1.568210
1.472198
1.289645
0.418696
0.354982
0.467457
0.370892
0.455274
1.011316
1.674433
0.952468
1.304275
1.322594
0.945942
1.115341
0.655659
1.270387
1.016460
0.633470
1.517239
1.616356
1.094200
0.647372
0.798004
1.283074
2.659278
0.226844
0.990616
1.390222
1.408436
1.725103
0.337410
2.406327
0.805353
1.388100
0.613808
1.042361
1.260653
0.657989
0.775273
0.991064
1.110818
0.568687
0.439356
1.232720
1.119452
1.124477
0.783274
0.919263
1.393787
0.998283
1.303614
0.506896
0.425109
1.449934
0.939363
1.038594
0.587769
1.290486
0.707359
0.516009
1.141751
0.507089
0.692883
0.860715
0.749666
1.179595
1.151121
0.825696
0.508615
1.261570
0.818315
0.679762
1.279458
0.826762
0.938029
1.053801
1.794335
1.058640
0.597275
0.659906
1.021656
0.792355
0.556017
0.810762
0.903202
0.509064
1.488936
0.435396
1.184973
0.979224
0.417442
0.705706
1.084889
1.699201
1.856539
1.969818
0.379934
0.072923
0.991061
1.031370
0.518074
1.068841
0.835668
1.204972
0.946363
0.796679
1.228708
1.559609
0.837323
1.171357
0.950598
0.556185
1.812948
0.609500
0.425022
1.297584
0.679202
0.887616
1.742639
0.663624
0.783107
0.621401
2.105422
0.792741
0.528412
1.145145
1.382141
0.253394
0.844458
1.043874
1.251242
0.854674
0.993818
1.566136
0.572950
0.287293
1.065224
1.316843
0.486444
0.882393
1.238550
0.573465
0.587288
1.020070
0.923839
0.551804
1.301207
1.040361
0.861391
1.044989
2.078481
1.573084
0.842001
1.225942
0.627210
1.137394
0.760329
0.723682
0.918661
0.567809
0.876779
0.841168
0.691461
1.167554
0.720758
1.049113
1.118534
1.604148
1.572307
0.700311
0.429166
0.363923
0.416558
1.084586
0.552422
0.995553
1.194877
1.948259
1.305673
1.118518
1.012552
1.391686
0.649588
1.239497
0.936785
1.046784
0.436020
0.984440
0.464510
1.677734
0.934013
1.663039
1.181277
1.312350
1.133475
0.923045
0.626441
0.380132
1.133767
1.285845
0.948410
1.102097
0.455114
1.443494
1.081302
0.682988
0.978075
0.304559
0.865079
1.431112
0.992717
1.333815
0.665302
1.568190
0.701572
1.077229
1.308907
1.499381
0.920325
1.666505
0.868125
1.294918
1.996659
0.714529
0.799369
0.808303
0.263475
0.736870
0.964538
0.894020
1.238972
0.948890
0.258548
0.729605
1.258681
0.727127
1.077057
0.318041
1.263769
1.051237
0.957375
0.971490
0.885349
0.837722
0.683156
0.381028
1.167492
2.025767
1.094839
1.226992
0.706192
1.191789
0.949417
0.711086
1.304659
1.529696
0.659145
0.400052
1.197647
1.421739
0.560225
1.160972
0.852079
1.114580
1.249845
0.761163
1.216626
0.662399
0.464521
0.698641
1.169433
0.459667
1.050771
1.026940
0.865596
0.707369
1.163904
0.506401
0.981495
0.626900
1.413962
1.082465
1.337530
0.721970
1.044761
1.049337
0.481919
0.989820
1.238291
0.908903
0.644098
1.042269
0.429265
2.003092
1.004091
0.761549
1.374173
1.417966
1.296161
0.887589
0.451003
0.655588
0.721621
0.764233
0.976145
0.814938
1.411257
0.706460
1.290847
0.820086
0.538218
0.718234
0.794294
2.422564
1.051506
0.397727
0.449795
0.493590
1.012781
2.033131
0.766493
0.603684
0.413352
0.670031
1.799775
0.736960
0.815799
1.174734
0.592546
0.364500
0.791120
0.508883
1.355950
0.998737
0.701041
0.344751
1.332394
1.122676
1.458962
1.859371
0.823039
0.477897
0.304411
1.049185
0.258963
1.274666
1.146894
0.389359
0.391966
0.910155
1.384663
1.804962
0.902276
0.532244
0.722191
1.411060
1.897817
1.373611
0.573294
0.857707
0.744077
1.135270
0.795355
0.998366
0.613238
0.787800
1.310839
0.717829
1.270832
1.483492
0.910875
0.396599
1.735636
1.330206
1.741556
1.454910
0.810132
1.381916
1.139410
1.413097
1.168203
1.570085
0.513344
0.795446
1.482194
0.526158
0.402805
1.088540
0.633340
0.644980
1.360975
1.451964
1.670896
0.682306
1.262503
0.805965
0.993053
1.882158
1.490906
1.359657
1.740220
1.263339
0.222022
1.299695
1.414089
1.512986
1.506463
0.405734
1.604179
1.819335
2.015077
0.609037
0.975590
1.551425
0.746488
0.541957
0.695400
1.120033
0.147011
0.715876
1.262798
0.610190
0.502676
0.420865
0.833201
1.008991
0.924977
1.228048
1.200148
1.163326
1.694435
0.812002
0.905884
1.126661
0.605931
0.789070
1.301103
1.412851
0.714608
1.449681
0.925529
0.499195
0.788775
0.547567
1.172100
1.014224
1.279235
0.659437
0.505532
0.512328
0.757104
1.410055
1.125465
1.031719
1.067027
1.076864
0.710840
0.693758
1.051984
1.182358
0.910434
0.564374
1.360690
1.163530
0.982795
0.792360
1.093495
0.833659
1.035147
0.501145
1.281107
0.696710
1.009464
1.149960
0.311875
1.154943
1.450084
1.161071
0.493026
0.547639
0.871772
0.398331
1.051852
0.820920
1.066989
1.569550
1.067409
1.105831
1.076430
0.866962
1.024859
0.815557
0.728625
0.806407
1.448666
0.474693
0.804682
1.322288
0.579352
0.710373
1.365796
0.784877
1.087997
1.372839
1.355838
1.419683
0.475980
1.442709
1.636290
1.518503
1.225875
0.832309
0.670771
1.241875
1.618960
1.449705
0.507631
0.627877
1.221660
1.096629
1.231817
0.834426
0.741296
0.714832
0.808075
1.088053
0.964021
0.817345
0.712599
0.708956
1.212226
0.585001
1.193263
0.581005
0.255310
0.978610
1.128068
1.116463
0.927041
0.503554
1.064281
0.517811
1.347129
0.521364
0.444123
0.806241
0.600350
0.897207
0.802278
0.453070
0.916367
0.461961
0.845698
0.466932
0.842506
0.851036
0.670718
0.685874
0.919576
0.660572
0.356493
0.452723
0.437250
0.806250
2.113982
0.992758
0.541647
0.701814
1.488714
1.493251
1.732423
0.675892
0.624030
0.582109
0.719692
1.168949
0.443733
0.573085
0.315986
0.757127
0.609973
1.284860
0.701855
1.261404
0.711476
0.936375
1.463265
1.550649
1.049855
1.441519
0.365268
1.077673
1.423746
0.621858
0.882315
0.977833
1.250999
0.887205
1.089001
1.492222
0.814905
1.159674
0.984931
0.916724
0.396413
0.750845
0.772170
1.012813
0.603640
0.641349
1.101364
1.480374
1.363415
0.489065
0.894575
1.717711
0.743675
1.212078
1.315695
1.677546
0.741261
1.090113
0.336213
0.835237
1.258407
0.605356
0.770355
0.966607
0.546099
1.088023
1.119594
0.527067
0.942857
1.621050
1.478691
1.159699
1.387929
1.015537
1.680802
1.192772
0.495682
1.082748
0.723323
0.927172
0.557267
1.200823
0.889683
0.454004
0.579145
1.056110
0.615724
1.174507
1.128837
0.577831
1.354040
1.125327
0.981204
1.021581
0.548708
1.237526
0.370110
1.266786
1.257716
1.750607
0.633180
0.943887
2.216149
1.729356
0.536439
0.757623
1.077130
1.358458
0.733935
0.940148
1.074294
1.358948
2.176907
1.182328
0.405194
0.627405
1.017313
0.909223
1.175527
1.045511
0.717431
1.341374
0.649541
0.252113
1.671880
0.482171
0.824474
1.168538
1.020312
0.331570
0.934421
0.578477
0.465557
0.563958
1.036756
0.950478
0.777484
0.782385
1.293249
1.482828
2.028295
1.619804
0.829838
1.154116
0.597283
1.292949
1.173878
0.557668
0.408365
0.678673
1.161878
0.922355
0.979550
0.541528
0.558321
0.838830
0.789793
1.039847
1.437703
1.838429
1.185869
0.356501
0.568383
1.361986
0.709151
0.706169
1.258261
0.609197
1.543872
1.135149
1.286656
0.710978
1.282666
2.201577
1.649901
0.655439
0.727072
0.930592
0.611585
0.895321
1.337752
1.271815
0.886301
0.654321
1.822432
0.542604
1.211456
1.584682
0.665604
1.409054
1.933136
1.576740
1.451364
0.499578
0.614732
1.264174
0.855297
1.080949
1.514728
1.479924
1.426239
1.327945
1.191418
1.215382
0.472284
1.055759
1.366030
0.645651
1.267447
0.224116
0.566454
1.714056
0.562645
0.763817
0.567160
0.275386
0.461557
0.929098
0.963953
0.755483
0.771229
0.289737
0.815403
0.857274
1.157775
0.796680
0.145586
0.926822
0.404429
1.295614
1.583047
1.316249
1.015138
1.339798
0.877112
0.603329
1.977982
0.361858
0.770572
1.338572
0.971981
1.085552
1.210255
1.173827
1.042200
0.772444
0.726517
0.412914
0.447538
1.966715
1.484688
1.256309
0.642204
1.162843
0.740027
0.754908
1.113952
0.477089
1.118052
0.779977
1.276105
0.973387
0.850688
0.869383
0.875855
2.064628
0.644203
1.114381
1.702284
0.575374
0.748427
0.301167
1.003635
0.519595
1.645615
0.902511
0.874996
1.270083
1.058794
0.482212
0.564761
0.942237
0.961946
1.072537
1.231311
1.343579
0.737836
0.805360
1.054990
1.001399
0.836841
0.684607
1.086738
1.125377
0.887755
0.963153
0.479877
0.980220
1.848367
0.843839
0.705992
0.422554
1.346976
0.605947
0.623364
0.322779
0.712875
2.020837
0.525105
1.251699
1.015190
0.687809
0.900612
1.065955
0.901066
0.844702
0.657250
0.997708
0.588349
0.810009
1.223844
0.539914
1.018940
1.988304
0.555917
0.907866
0.698397
1.642163
1.542269
1.267810
0.660778
0.621849
1.397752
0.879939
1.468950
0.581320
1.200372
0.701604
0.897389
0.622624
1.050885
1.376080
0.480732
1.685835
0.702325
1.201826
0.807680
1.360785
1.046719
0.985326
1.445743
0.868563
1.125614
1.462883
0.851117
0.684246
1.282651
1.427275
1.032148
0.390680
0.523753
1.170275
0.790466
1.401608
1.368536
0.778387
1.030770
1.326683
0.862035
0.878875
0.299103
0.929504
0.198801
1.380386
0.845606
0.967611
0.794240
0.611842
0.730537
0.622357
0.509280
0.725816
0.427754
0.550827
0.124920
0.510217
0.847375
0.362385
0.250484
1.336870
1.221253
0.984831
0.426323
1.592341
1.137294
0.688557
0.620372
1.199944
0.559087
0.922855
0.836827
0.596935
0.308801
1.177540
0.671116
0.929696
1.512752
1.186550
1.086524
1.175069
1.178808
0.744889
0.894084
0.699014
1.845280
1.015376
0.427773
2.046913
1.330998
1.631187
0.297336
0.419761
1.746385
1.010329
0.948593
0.360835
2.013120
1.334452
0.823847
0.935662
0.657006
1.438762
1.329953
1.094969
1.200962
0.427303
0.862017
0.518047
0.674891
1.300662
0.600487
0.879466
0.442272
1.542013
0.934743
1.340492
0.980174
0.570013
0.872981
0.634400
1.075071
0.639291
1.206120
1.001672
1.818321
0.679290
0.710358
1.103082
0.544753
0.501161
1.008969
1.286909
1.227627
1.195335
0.641993
0.448496
1.032920
0.567601
0.484008
1.707084
1.856905
0.932108
1.451813
0.569550
1.687693
1.571427
0.616186
0.971617
0.755345
1.067966
1.815283
0.591966
0.724011
0.283869
1.185116
1.215705
1.339064
1.531362
1.264085
0.494384
1.493816
0.622855
0.997309
0.762488
0.711553
1.035444
0.839724
1.314970
0.494999
1.341578
0.599447
0.630808
0.570083
1.165275
0.226251
0.654183
0.327560
0.137233
0.322474
0.599462
0.991154
1.078395
0.353212
1.090807
0.646781
0.996870
1.123329
1.192708
1.027341
0.801449
1.459454
0.509329
1.726038
0.754190
1.568548
1.454028
0.947071
0.566207
0.550046
1.406968
0.360478
0.671210
0.703604
0.944499
1.276918
0.654652
0.869401
0.508699
0.143036
1.127881
1.145071
0.694212
0.414943
1.227924
1.213584
0.210977
0.850826
0.790111
1.404238
0.195224
1.553781
1.237550
0.914479
1.098180
0.828789
0.897033
0.937818
0.431747
0.962337
1.629896
0.553782
0.477572
0.595991
1.349199
1.511155
0.692900
1.238107
1.882824
0.265211
1.618386
0.879896
1.009124
1.265611
0.911616
0.988734
0.858133
0.644028
0.409259
1.060226
1.139743
0.817509
0.639008
0.370164
0.923528
0.840369
0.405291
0.961000
0.413014
0.725423
1.273867
0.091572
0.573302
0.598498
0.726864
1.414452
0.677439
1.499027
0.441073
1.432302
1.830431
0.896493
0.912713
0.952096
0.223478
1.154796
1.849078
0.962947
0.672747
1.327200
0.563787
0.606715
1.182009
0.738693
1.336539
0.807606
0.639093
1.075558
1.238072
0.630395
1.150651
1.600145
0.650360
0.846310
0.485289
0.776845
1.683125
0.633634
1.112644
0.856564
1.154808
1.964515
0.912164
0.894850
1.482304
0.572961
1.403397
1.425187
0.901434
0.809757
0.539892
0.509288
0.931612
1.012342
0.694344
1.043780
0.523063
0.722332
0.794041
0.830289
0.280042
0.771647
0.316379
0.831646
0.447446
1.142666
0.795953
1.573864
0.657087
0.734010
1.517964
0.723384
1.758382
1.525714
1.523937
0.854321
0.658925
1.428356
0.566053
1.187289
1.403355
1.039839
0.569185
0.323640
1.146566
1.525611
1.024917
1.528735
1.916057
0.847790
1.527919
0.780769
0.841302
1.852709
0.699183
1.556870
1.844282
2.057029
0.213372
0.941373
0.942775
0.496456
1.123098
0.667068
0.831353
1.538534
0.319774
1.488146
0.783210
1.552700
1.839479
1.088731
0.360690
1.287249
1.017801
1.362712
0.830576
0.775846
0.902237
1.052215
0.504817
0.646017
1.022800
0.509700
0.610942
1.019036
1.834138
0.725594
0.639577
1.633241
0.892031
0.969776
1.901510
1.181778
1.303900
1.748725
1.178582
0.383296
0.301495
1.055407
1.338670
1.532717
1.004066
0.655288
0.513354
0.663130
1.465771
0.491998
1.340361
1.158672
0.253158
1.099124
0.920915
0.849792
0.727252
1.811437
1.229738
0.937877
0.638320
1.596951
1.552006
1.052649
1.542123
0.973288
0.627138
0.733684
0.443636
0.854210
0.987818
0.159124
1.114777
1.039863
0.986194
0.775023
1.404612
1.218397
0.644588
1.153230
1.265322
0.687101
0.768551
1.088042
1.956868
0.891218
0.760691
1.333408
1.098038
0.429690
0.558314
0.787811
1.258207
1.296566
0.815012
1.080789
1.074772
1.231220
0.716912
0.921085
1.434460
0.753538
1.024055
0.954529
1.271554
1.085533
0.501629
1.619905
1.701842
0.807025
0.810242
0.987592
0.859376
1.413889
0.660019
0.609788
0.664670
0.736711
0.921867
0.888550
0.453280
1.042961
0.883227
1.194162
0.374855
1.122627
1.122706
1.484733
0.952026
0.745030
1.616117
1.654664
1.863610
0.740744
0.702329
2.688443
0.620215
1.477992
1.970654
1.546805
1.300016
0.414711
1.151307
1.414052
0.852392
1.021063
1.326725
0.631822
0.627290
1.628364
0.881064
0.999084
0.743300
0.891833
0.688332
1.571402
0.597741
1.298459
0.620862
0.967673
1.308664
1.712669
0.875492
1.016105
0.362953
1.239848
1.154366
0.328060
1.663658
1.300695
0.759031
0.381719
1.019872
1.265606
1.187780
1.043532
1.119237
0.213797
0.958660
1.189303
0.816468
0.601174
0.797052
0.764897
0.668112
1.280537
0.367347
0.727885
0.626685
1.849676
0.451645
0.436379
0.770247
0.724543
0.899511
0.767553
1.274435
0.655020
0.937884
1.034661
1.773529
1.272940
0.138788
0.723049
0.578400
0.930675
0.648800
1.438397
1.157085
0.364599
1.028122
0.304698
1.885186
1.173517
0.937794
1.282805
1.284811
1.378337
1.201329
0.856753
0.568391
0.922201
1.159411
1.354352
0.621590
1.109159
1.392593
1.361115
1.112011
1.187984
0.509952
1.303911
1.457496
0.887578
0.778508
0.828023
1.253389
1.310423
1.275250
1.508923
0.943864
0.853894
0.708613
0.364732
0.990686
0.973009
0.930429
0.280486
1.226107
0.975530
1.361657
1.287106
0.828440
1.466077
1.214166
1.517241
0.876902
0.412482
1.000043
1.520351
0.609279
0.757987
0.564164
0.669384
1.404832
1.086626
1.253175
1.176368
2.020245
0.850436
1.041175
0.471153
1.178631
0.314251
1.070103
0.889169
0.237935
0.342640
0.378986
0.313286
1.189538
0.520709
1.396760
0.934242
1.453955
0.783322
1.175959
0.800070
1.136156
1.494277
0.433549
1.107049
0.279867
0.915230
0.657834
0.752273
1.907151
0.934079
0.881259
1.377536
0.678775
0.553432
1.443617
1.000012
1.200363
0.728492
0.816973
1.405366
0.831102
0.815842
0.787164
1.265211
1.095908
1.467036
0.596542
0.867118
0.562719
0.542864
1.213839
0.688949
1.028831
0.420886
0.640611
0.792531
1.297815
1.882893
1.116841
1.141072
0.942259
1.337110
0.968956
1.453863
0.518464
0.909058
0.665811
0.808371
0.975009
0.856675
1.189531
1.964259
1.211098
0.613719
1.277106
0.482757
0.610568
1.033883
0.900867
0.872651
1.501232
1.392937
1.013545
0.739322
0.546555
0.365425
0.752946
0.829282
0.280429
0.836260
0.735058
0.794690
0.289438
0.752296
0.903016
1.155355
0.623619
1.300682
0.864674
1.280651
1.169670
0.811842
0.760172
1.940319
0.818078
0.574539
1.928601
1.197398
0.440250
1.041738
1.178294
1.254239
0.648065
0.346385
0.343786
0.400054
1.640928
1.317441
1.688452
0.979337
0.425234
0.819162
0.727123
0.887126
0.697755
0.962177
0.560745
1.180763
1.503047
0.707836
1.729521
0.864646
1.477566
0.937556
0.892486
1.152062
0.896850
1.096365
1.581327
0.404329
1.045472
0.716714
1.200932
1.179190
0.608460
0.496611
0.492030
1.037562
0.803973
0.454103
1.461187
0.977054
0.445645
1.570907
1.766036
1.269788
1.263088
0.637562
0.660352
1.378399
0.725157
0.980221
0.792238
0.662869
1.383031
0.944076
0.839868
1.074597
0.574084
0.505140
1.080029
1.013149
0.616300
1.158424
0.505114
1.433716
0.350360
0.616072
1.016819
0.361082
1.173026
0.942796
1.072828
1.027435
0.345748
0.663516
0.803519
0.692861
0.562428
1.209542
0.479724
1.633347
0.923101
0.688524
0.858969
0.424954
0.696878
1.106725
0.981038
0.653727
1.024255
0.575495
1.437477
1.643174
1.430532
1.048426
1.497253
1.040281
0.949195
0.932835
0.622362
1.270818
1.273991
1.198039
1.222736
0.847388
0.739833
1.180613
0.544437
0.518178
0.718819
0.926520
0.766274
0.909879
0.789011
1.757823
0.558752
0.568572
1.201879
1.149175
0.760769
1.051135
0.746792
1.577894
0.305372
0.755152
0.417296
0.779472
1.762045
1.194617
0.536304
1.001311
0.590422
1.241550
1.536136
1.530152
0.920615
0.853664
0.679044
0.869605
1.212200
0.127625
0.685662
0.939043
0.755200
1.756828
0.499042
1.374811
0.855991
1.065009
1.550396
1.107691
0.641247
0.390782
1.184168
0.711279
0.985569
1.110066
0.949344
1.506872
1.229647
0.732256
0.457542
0.989493
0.782804
0.364565
0.133111
0.921097
0.760419
0.671879
1.170102
1.229142
1.493213
0.971223
1.275722
1.325376
1.553002
1.669196
1.415319
1.025024
1.384531
0.799616
1.231477
1.880749
1.056975
0.676015
1.861745
0.703962
1.392444
1.605499
1.786284
1.162412
1.482763
1.299184
1.179429
1.068408
0.438362
1.197885
0.407790
0.489828
0.654232
0.930350
1.013928
0.675647
1.292600
0.691966
0.605238
0.809509
0.936012
1.540907
0.887753
0.730592
1.061077
1.283770
1.228982
0.990933
0.654029
1.238609
1.043748
1.326991
0.938335
1.373348
1.514604
0.413261
1.241487
1.201652
1.552772
0.725653
1.587747
1.460790
0.850591
0.357388
0.621541
0.955596
2.198033
0.530875
1.106179
0.913322
0.487446
0.629098
1.498843
0.557502
1.503108
0.412833
0.721986
1.686865
0.571228
1.171161
0.907031
0.919769
1.603954
1.251361
1.375621
0.838348
0.688899
0.296931
0.483200
0.567953
0.886993
0.329595
1.238581
0.706642
1.007003
1.054378
0.627738
1.037952
0.565034
1.363285
1.255024
0.860829
1.702005
0.896710
1.233296
1.336046
0.247302
1.170941
0.847255
1.187515
1.626803
1.471030
0.699473
1.394099
1.743421
0.859182
0.908151
1.767970
0.712241
0.938546
0.596659
0.608214
1.043928
0.388435
1.067123
1.406490
0.731696
0.872330
0.598753
0.741257
0.715045
0.844643
0.693488
1.363001
1.079829
1.885094
1.586748
0.527923
1.017201
0.830440
0.372829
1.314766
1.055019
0.387855
1.072328
0.800258
1.135338
1.052582
0.198893
0.651830
0.459183
0.370759
1.044265
1.401139
1.119954
0.540239
2.095835
0.972869
1.263152
0.463456
0.998375
1.721246
1.641472
1.553150
0.928710
1.031773
1.359529
0.981144
1.208609
0.810332
1.177024
0.618828
1.086767
0.707724
1.639580
1.307350
1.300938
1.483088
1.078119
0.366540
1.490716
1.191870
0.576387
0.860543
1.090474
0.913584
1.094159
1.981911
1.272889
0.923017
1.270843
0.895379
1.455726
1.623931
0.988382
0.905113
1.764890
0.924114
1.364871
2.015695
1.084169
0.614720
1.350091
0.142376
1.458265
1.080859
0.764497
0.397651
0.652296
0.942424
0.740261
0.939893
0.717807
0.833853
0.509113
1.163785
0.487708
0.491032
1.288549
1.350439
1.117585
1.282646
0.378155
0.836936
0.755354
1.144632
0.712442
0.973610
1.388417
1.208795
1.464307
1.623548
1.200484
0.760882
0.381320
0.780573
1.308573
0.592288
0.939727
0.767575
0.634029
1.751178
1.200928
1.081996
2.006908
1.043376
1.269450
0.244008
1.735572
1.726092
1.186329
1.429426
1.227428
0.833473
0.894684
1.752198
0.642417
0.516624
1.527746
0.972431
1.405360
0.462360
0.363089
1.109010
0.826011
0.538460
0.686122
1.575589
0.830936
0.480124
1.297938
1.441287
1.098689
0.735491
0.112397
1.647760
0.496771
0.707704
0.790772
1.432679
1.679563
0.785737
0.877724
0.671090
1.412399
1.131137
0.784130
0.905487
1.116806
0.600595
0.650502
0.336394
0.882836
1.242425
0.573584
1.055622
1.044000
1.268716
0.412963
1.208021
1.636835
1.138844
1.530006
0.963200
1.118353
1.187442
1.446317
1.049834
1.411250
0.732284
1.608719
0.565877
1.345636
0.955229
1.501021
0.996112
1.966280
0.694853
0.662031
0.686137
0.857943
0.593054
0.333197
0.181970
1.517871
1.486272
0.505565
0.244170
0.653711
0.435206
0.736948
1.285087
1.810667
0.869941
1.423466
0.866285
1.388236
1.134269
1.039548
0.560007
0.674949
0.456706
0.942253
0.900090
0.248840
0.932070
1.131392
1.300993
1.315151
0.472634
0.973069
0.579138
0.852529
0.642356
1.228550
0.637419
0.553551
0.643416
0.860710
0.881653
1.609523
1.516086
0.855170
1.189927
0.778667
0.180168
1.448634
0.787549
0.934648
0.931368
0.540539
1.385743
1.067568
0.381119
0.323123
0.286210
1.623340
1.382221
0.909836
0.461617
2.255878
0.588765
0.542724
0.900621
1.001705
1.400878
1.513565
1.645454
0.780134
0.480766
1.088978
0.798563
1.283576
1.961049
1.206707
0.879847
1.319811
0.479510
0.350747
1.137748
0.799114
1.047033
0.728711
0.788694
1.395970
0.753229
0.263689
1.102695
0.629208
0.506144
0.811504
0.757395
1.438473
0.658499
0.729949
0.882916
1.320291
1.330167
1.394369
1.038980
0.983914
0.790938
0.883325
0.118777
0.801515
0.582813
1.410773
0.170388
1.276308
1.516136
0.437911
0.234501
0.694646
1.003035
1.021376
0.497255
0.389203
0.715605
1.246328
0.743813
1.507629
0.819925
0.465302
1.723525
0.179703
0.803567
1.011173
0.851608
0.678496
0.429115
0.836897
1.597613
1.170246
0.868151
0.569922
0.940830
0.819535
1.050860
1.671253
1.469123
0.958184
0.594674
0.976943
1.116443
1.249131
1.015627
1.226569
0.372832
0.859106
0.711486
1.041180
0.843486
1.563419
1.476809
0.365171
0.084508
1.696099
0.685921
0.650990
1.419872
1.441666
1.617166
0.509440
1.184428
0.628654
1.039874
1.353561
1.223745
0.743006
1.109408
