1.282646
0.865426
1.668025
1.879380
0.987693
0.500706
0.995791
0.595079
0.226918
1.000916
1.534600
1.738228
0.905682
1.481834
0.617922
0.932468
1.845031
0.312173
0.488822
1.415242
0.898794
0.518335
0.944508
0.731778
0.714066
0.459906
1.014794
1.589193
0.597069
0.576326
1.322656
0.942537
0.631648
0.632582
0.768257
1.073107
0.327761
0.248649
0.238564
0.839456
1.866161
0.871122
1.228537
1.163942
0.714535
1.046221
1.720868
0.546667
0.415954
0.967928
1.094465
1.151580
1.619197
0.563824
0.812521
1.831742
0.920822
0.377153
0.786952
1.158116
1.897250
1.389837
1.116890
0.449059
1.694261
1.340529
0.614196
1.337473
0.752031
1.080646
0.435533
0.859977
0.537678
1.227617
0.664734
0.979969
1.359306
1.576845
0.669523
2.209068
1.197264
0.703595
1.740177
1.312032
0.138701
0.489423
0.844925
0.269017
1.528123
0.538499
1.575562
1.328367
1.324622
0.916251
1.202551
0.851938
0.363256
0.911075
1.048993
0.778004
0.714877
0.556106
1.389603
0.626128
1.292688
0.924014
0.660239
1.131587
0.660950
1.262134
0.696803
0.952063
1.821266
0.971546
1.274689
1.093771
1.300904
1.123482
0.474193
0.913780
1.024099
1.175292
1.153767
0.815255
1.203476
0.584618
0.765201
2.113690
1.096910
0.258465
0.848179
0.674604
1.572164
0.870114
1.411382
0.577371
1.055387
0.419850
1.552508
0.953197
0.741208
1.203280
1.315200
1.840439
1.947861
0.633559
1.044542
1.711506
0.890217
0.652140
1.082081
1.077061
1.842579
0.781631
1.101443
0.561062
0.675831
0.349634
0.682894
1.572917
0.259283
0.548219
0.881054
0.945515
1.047100
0.336090
1.232180
0.448542
1.587257
2.110325
1.028330
0.970948
0.652373
1.095128
1.440576
0.574841
2.034456
0.915440
0.428116
1.360033
0.654000
2.105516
1.102015
1.348294
1.575467
1.028979
1.181114
0.752568
0.652366
0.463789
1.389885
0.320826
0.991083
1.380142
2.259564
1.128036
1.277754
0.562175
1.721144
0.962395
0.601604
0.972138
1.063237
0.603110
1.075730
0.955634
0.861029
0.695810
0.576749
1.264205
1.213040
1.182125
1.153812
1.400469
0.855168
1.177394
0.636067
0.951547
0.661071
0.764322
0.954886
0.986785
1.557057
1.027656
0.933727
0.488651
0.919939
1.241509
0.632229
0.636399
1.193769
0.880938
0.630302
0.976971
1.255378
1.390965
1.233445
1.561966
1.222912
0.515059
0.707039
0.714923
1.414851
1.508620
0.718298
2.114677
1.232950
1.270328
0.865573
0.854158
0.388408
1.302699
1.279479
0.715490
0.891461
0.792699
0.625171
0.523965
1.146752
0.459371
0.946540
0.731163
1.151147
1.290725
1.590138
0.722326
1.046665
1.348080
0.698914
0.923758
1.673409
1.141854
1.644028
1.032198
0.798117
1.449072
1.204976
1.074690
1.040512
1.805837
0.518006
1.428209
1.218110
0.827959
1.689654
1.275228
0.209492
0.585407
1.318337
0.958341
1.686878
1.369193
1.420670
1.148321
1.426973
1.073604
1.267494
0.649524
1.228224
1.297164
0.369742
0.609072
0.558439
0.663805
0.928299
0.743613
1.262939
0.999718
1.742331
0.594525
0.811550
0.330599
1.108423
0.330840
1.021965
1.505352
0.288279
0.919796
1.628841
2.076068
1.682677
0.832292
0.794054
0.881581
2.240547
0.862258
0.546786
0.954344
0.963118
1.437123
0.074745
1.121917
1.019188
0.234167
1.545490
0.666062
1.008680
1.137686
0.608177
1.215078
1.107295
1.322517
1.079027
0.821395
0.908158
0.636411
0.126152
1.140340
1.081993
1.025052
0.966649
0.786011
0.486476
0.589586
1.484300
0.898571
0.634359
2.111139
0.924426
1.041939
1.713738
0.898622
1.158665
0.525780
1.411366
1.987222
0.405178
1.216436
0.845055
0.488560
1.097315
1.525427
0.889892
1.222531
1.716911
1.209465
1.619385
2.117588
0.647437
0.843312
0.647902
0.560465
1.514842
1.101605
1.110673
0.717743
1.513552
1.231664
1.015830
0.958364
0.740191
0.895942
1.127615
1.476073
0.973620
0.817566
1.098699
0.924547
0.867652
0.907490
1.079442
0.161605
0.822910
0.517143
1.581425
0.764656
1.847944
0.779582
1.009087
1.203500
0.777701
0.973740
0.912476
1.013863
1.526284
0.785209
1.174786
1.122888
1.098881
1.228360
1.312338
1.044492
0.745093
1.348510
0.774894
1.123467
0.952177
1.028371
1.397970
1.197220
0.869088
1.445918
0.662545
0.850670
1.552032
0.118572
0.190717
1.649298
0.898249
1.426050
0.796186
0.447342
0.926985
0.627157
0.752342
1.726894
0.387735
1.291580
0.583766
0.718204
2.311312
0.696585
0.482891
1.335294
0.920229
0.898425
0.826693
1.514430
0.745205
1.072109
0.814859
1.641254
1.509569
1.446903
1.187386
0.767437
1.366724
1.096626
0.877525
0.386688
0.894380
1.684450
2.008595
0.692617
1.598660
0.965476
0.757832
1.390381
1.332167
1.827083
1.019508
0.782099
0.664330
0.814834
0.951437
0.470558
1.452023
1.534828
1.220832
0.729177
2.012809
0.723796
1.337615
0.836663
1.178689
1.838163
1.198355
1.035308
0.669618
1.737942
1.080723
0.726169
0.367312
0.731398
1.057465
1.389954
0.702783
1.648506
0.883271
1.575741
0.467192
1.716545
0.228422
0.577329
1.548526
0.631849
1.159336
0.967879
1.906552
0.745761
1.682657
1.280461
0.580198
0.644135
0.845907
1.244348
0.566332
0.799957
1.600563
0.732748
1.160637
0.922773
1.636313
0.378760
1.954286
1.600972
0.851572
1.318770
1.108483
1.284296
0.803731
0.816041
1.275368
1.735131
0.583178
1.250569
2.315688
1.320822
0.500706
1.158653
0.943531
1.043791
0.843037
1.091010
0.338300
1.073159
1.652331
0.665212
1.087277
0.585733
1.177906
1.613736
1.124802
0.434527
2.203557
1.567240
0.506213
0.644533
1.879739
0.859650
0.585947
1.303869
0.990776
1.785271
1.212442
0.454982
1.109856
2.148021
0.735732
1.063729
0.801637
1.487555
0.726340
0.434859
1.122327
1.148136
2.376670
0.937143
2.260997
0.614915
1.354892
1.143692
1.402090
1.049123
0.337406
0.902342
1.682486
0.900229
0.784550
0.823777
1.703235
0.862020
1.105409
2.239919
0.544802
0.512656
0.997219
1.373866
0.907091
1.404901
1.366494
0.710186
1.247864
1.241743
0.520313
2.088183
0.769924
1.394511
1.443340
1.613269
1.110340
1.816686
0.787043
1.168990
0.684968
1.479137
1.673589
0.764071
0.900323
1.151558
0.516258
1.803857
0.941825
1.600165
0.606173
0.858297
1.483142
1.557397
1.020448
1.744750
0.652368
0.871331
1.399292
0.570224
0.888531
1.747226
1.646547
0.738869
0.459119
1.409864
1.160690
0.642571
2.058387
1.035042
1.359905
1.837802
1.038392
0.680993
2.676604
0.355007
0.673164
0.655487
0.157580
1.005913
0.459827
1.838029
0.617891
0.953300
1.180104
1.200011
0.518494
1.294672
1.463805
0.901779
0.990533
0.812110
0.743911
1.412854
0.420510
0.665325
0.666929
0.550933
1.591010
1.044501
0.420948
0.507354
1.551398
1.044243
1.017875
0.908602
1.395360
0.826788
0.773516
0.512634
1.072146
0.266829
0.775068
1.816738
0.802803
1.107668
0.643431
0.661268
1.780448
1.390078
0.811458
0.957478
1.070566
0.767267
1.412097
0.308907
0.712981
0.781392
0.439884
0.845387
0.787481
1.294592
0.996112
0.828879
0.746234
0.737956
1.010316
1.115211
1.184980
0.669914
1.047549
0.844829
0.625405
2.544862
1.444065
0.585676
1.721563
0.906849
1.228154
1.358907
1.576768
1.084631
1.155378
0.638196
1.145473
1.780836
1.196302
0.886847
1.747524
0.942715
0.726544
0.256366
0.606245
0.936548
0.928110
0.708996
0.549192
1.172845
1.967324
0.427682
1.130339
2.424890
1.155561
0.982812
0.909832
1.040535
0.900959
0.976749
1.174371
0.604598
1.568275
1.764404
0.871079
0.950562
1.414427
1.200901
0.647777
0.541757
1.099161
0.584319
1.017082
1.304069
0.529164
0.511373
0.352698
0.192675
0.482538
0.477238
1.264160
0.795738
0.857275
0.335895
1.156302
0.604150
0.775163
0.756190
1.922062
1.202888
0.432347
0.928771
1.128254
0.594456
1.385282
1.044270
0.731101
1.516567
2.226944
1.989464
0.543065
0.474889
0.896299
0.781304
1.557303
0.452500
1.264916
1.692282
1.838874
0.548994
0.639916
0.769723
1.026525
0.722345
1.246001
1.278328
0.836025
0.626433
1.418564
1.298227
1.394755
1.010504
1.347964
1.532362
1.143246
0.405689
0.684538
1.143057
1.943710
1.214156
1.180161
0.687263
0.710003
1.633986
0.766106
0.688606
0.131383
0.893101
1.444704
1.076439
1.156384
1.465712
1.388692
0.714610
0.151758
0.322506
1.639813
0.524042
0.938094
0.614546
0.871890
0.480845
1.059024
0.653426
1.283424
0.721363
0.884904
0.644934
1.156528
0.716903
1.558607
1.131423
1.707692
1.402103
0.940613
0.409791
1.405990
0.772080
1.230999
0.903488
0.974783
1.451058
0.987627
0.551815
0.663879
1.172042
0.665151
1.310797
0.988331
1.129119
0.467008
0.895542
0.872099
1.486893
0.785001
1.511657
1.633732
1.389765
0.713723
1.582336
0.774970
0.570399
2.169471
1.271967
0.426052
1.215012
1.506194
1.600761
0.544858
1.386995
1.173107
2.040911
0.543351
1.320447
1.639583
0.716111
1.770767
0.561627
1.250456
1.578455
1.627263
1.678764
1.192124
0.717223
1.146840
0.895311
1.316502
0.948465
1.052169
0.903739
1.335675
0.563724
0.392218
1.073763
2.104641
1.138075
0.602349
1.059713
0.843214
1.338741
0.957371
0.472953
0.950985
1.355896
0.998947
0.577858
0.470089
1.074540
0.902279
0.703342
0.919902
1.126452
0.774844
1.039374
0.694230
0.752695
0.377276
0.970084
0.198671
0.217446
0.341539
0.604440
1.209118
1.406701
0.864543
1.615753
0.197538
0.765089
1.256571
1.294904
0.806682
1.106963
1.497420
0.768473
1.713396
1.136445
1.860850
0.599828
1.341332
1.008418
1.187723
0.887454
0.729710
1.036935
1.081424
0.457475
1.511584
0.980125
1.075831
1.535790
1.737919
1.646263
0.768029
0.896004
1.435556
1.148503
1.080060
0.442328
0.552032
1.366138
0.666616
0.733439
0.653348
1.403613
1.036698
0.649324
1.675692
1.538210
0.944492
2.326591
0.994547
1.106832
0.593260
1.290083
0.703692
0.355198
1.550199
1.622338
1.341444
1.267524
1.360829
1.454605
0.900697
0.793261
0.856229
0.625680
0.469906
1.279489
0.734246
1.011858
0.785884
0.253280
0.893487
0.768217
1.430586
0.687519
0.881381
0.429487
1.216226
0.742378
1.374649
0.582028
0.939920
0.439292
1.516775
0.521781
1.824234
0.421220
1.126467
1.205925
0.756463
0.734410
0.752570
1.228886
0.848198
1.723144
1.323144
0.986295
0.773868
1.144342
1.499433
0.901439
1.478998
0.903770
1.436566
1.071317
1.404695
0.628869
0.537222
0.967580
1.877260
1.051285
0.622477
0.760605
0.340410
1.012442
0.447285
0.375490
0.266486
1.471631
1.187542
0.837425
0.853386
0.379643
1.741526
0.891667
0.451876
1.240395
2.011604
1.601240
0.635927
1.512749
0.886865
1.022748
1.051510
1.710675
1.040240
1.325117
0.690699
1.083844
0.502858
1.334201
0.367781
0.920076
0.476431
2.029475
0.408517
1.461598
1.093806
0.760394
0.540592
0.894255
2.150024
1.379265
0.814986
0.569201
0.679557
0.748704
0.811905
0.953380
0.872762
0.919854
0.659472
2.098546
0.496602
0.966069
1.217224
0.784222
1.009875
1.721851
0.823156
1.533365
1.105287
1.063081
1.979164
0.568760
0.832185
0.480678
0.357076
1.050606
1.589754
1.762167
0.723782
1.428550
1.683576
0.265786
0.521346
2.002241
1.553792
0.417809
1.154138
1.833438
0.962146
0.977772
0.782056
1.193396
1.563385
0.831987
1.923643
0.666517
1.268954
2.535282
0.699390
0.811610
2.170992
1.145734
0.901434
1.591213
0.736123
1.232270
1.264047
1.349994
0.979232
2.145068
0.550838
0.649328
0.824777
1.339763
0.564601
0.679718
1.256637
0.800161
0.669507
1.240895
0.947317
1.619393
0.319673
0.900694
1.549774
1.014198
1.456422
1.246111
0.430436
1.731667
1.596467
0.387063
0.670481
1.977014
1.314830
1.018795
1.942865
0.501547
1.241328
1.257441
1.789565
1.339281
1.420776
1.067655
0.407809
0.337100
0.878681
1.261014
1.051223
0.720160
1.069962
1.021990
0.755252
0.974041
1.235014
1.360316
0.380643
0.981943
1.442900
1.239368
0.571550
1.087809
2.313879
0.977612
1.643059
1.355541
0.689030
1.137770
1.113877
0.765873
1.543146
1.660817
0.634311
0.234167
1.486923
1.070855
1.433985
1.046631
1.199842
0.756205
0.609645
0.692084
1.055611
0.974435
1.476292
0.631291
0.679149
0.611745
1.954054
0.943888
0.702351
0.931361
1.361197
1.077759
1.117701
1.554522
0.928109
1.610296
1.153897
0.198539
1.649381
0.734375
1.652935
1.246347
0.683590
2.000243
0.238677
1.160528
1.423834
0.911032
1.311508
1.245197
0.950744
0.392870
1.425141
0.918979
0.610693
1.540843
1.106172
2.103338
0.986458
1.560225
1.647813
1.256146
0.614412
2.100424
0.585859
1.719226
1.010600
0.717214
1.036010
0.992073
0.897196
0.443321
0.362236
1.502832
0.580567
1.012391
0.768817
1.400326
0.477679
0.981182
1.248241
1.091394
0.513794
0.290693
1.044759
1.344363
1.984564
0.402842
1.361307
1.646792
0.362508
2.501501
0.585257
0.773813
0.897119
0.836149
1.156928
2.010959
1.649157
1.476073
0.306610
0.539796
1.275818
1.269535
0.647759
1.743071
1.313111
1.652703
0.866726
0.779996
1.225338
2.342908
0.992789
1.231468
0.427804
1.208741
1.049189
0.920217
0.962132
1.569671
1.503791
1.025702
0.771582
0.871116
1.321609
0.515848
1.648748
0.663638
1.599575
1.140383
0.770431
0.486459
0.938174
1.390906
1.484444
0.763144
1.941944
1.269047
1.896443
0.865237
1.068815
1.320366
2.136858
1.139484
0.973160
0.411487
0.807028
1.148437
0.983697
2.072783
0.575522
0.814100
0.998496
0.618240
1.260359
1.564696
0.476571
1.088644
1.200588
0.182325
1.570901
0.979059
1.539897
0.769269
0.932724
1.424480
1.649231
1.226993
0.881247
1.211420
1.559930
0.585183
1.066463
0.660137
0.937393
1.690413
0.806557
1.508432
2.339802
0.719937
0.693026
0.800867
1.532572
0.885612
1.323849
0.833787
0.846133
1.118881
0.806176
1.932418
0.867088
0.884672
1.643281
2.281816
1.499388
0.680378
2.121527
1.834746
1.643154
2.117633
1.016643
1.031376
0.646174
0.705182
0.713433
1.093573
0.784028
1.696794
1.126345
0.917190
0.703856
1.092817
1.309323
1.354347
1.499239
0.554002
1.106703
0.504819
0.916541
0.977910
0.976316
0.706287
1.129184
1.187828
1.553464
1.308389
0.554323
0.444124
0.973246
1.921037
1.270733
1.451102
0.765183
0.801194
0.478767
1.620824
0.564826
2.132677
0.975487
1.361415
1.313813
1.085507
0.780097
1.663548
0.660309
1.683706
0.645428
1.461918
1.829724
0.660657
1.415913
1.140487
1.190412
0.814378
0.792500
1.191020
0.869191
2.074142
2.123378
0.695482
0.834211
0.644213
1.215683
1.428550
0.270671
0.691865
1.077148
0.704215
1.160755
0.611994
0.826268
0.818609
0.756250
0.787421
1.223094
0.918454
1.073739
1.450406
1.023502
0.658838
1.370565
0.925181
1.320170
0.945078
0.203712
1.023834
0.813146
1.105519
1.170636
1.011391
1.903626
0.970872
0.860867
1.107389
0.736370
1.584150
0.901628
1.038591
1.566471
0.930384
0.608310
0.741447
1.464495
1.171083
0.857477
0.546626
1.343860
1.408790
0.734423
1.035114
0.844390
1.318591
2.295043
0.436014
0.978337
0.834200
1.342660
0.776475
0.520575
1.058152
1.778936
1.098507
0.509300
0.501776
1.201271
1.598324
0.962724
0.354705
1.125704
1.691889
0.801009
1.094303
1.196927
0.555504
0.947674
0.921479
2.215031
2.044813
1.325413
1.352605
2.323526
1.317540
1.029207
0.864108
1.411601
1.531114
0.744995
1.774956
1.573437
1.507578
1.404280
0.671290
1.105900
1.052589
1.063162
0.669833
1.729965
2.014561
1.407441
1.468201
0.376637
0.313636
0.520050
0.676809
0.959361
1.346698
0.576941
1.219356
0.345270
0.943964
0.443966
0.802706
1.052500
1.423330
1.479428
0.701570
1.399350
0.762659
0.609198
1.044094
0.448746
1.339011
1.113534
0.728290
1.465754
0.974824
1.039087
0.175676
1.593914
0.991930
0.997006
1.341989
1.524748
0.261879
0.788501
0.705151
1.127144
1.186537
1.908908
1.755986
1.446174
1.028326
1.332803
0.794671
0.564329
0.704475
0.979646
0.523311
1.695118
1.502931
1.030043
0.775343
1.280247
1.684251
0.414209
2.038854
1.393852
0.440866
1.077743
1.618189
0.677849
0.798103
0.557156
0.867137
1.120809
2.128896
0.945515
1.162286
0.966874
0.335772
1.263282
0.973934
0.578664
1.781263
1.234371
2.447955
0.686235
1.884807
0.990005
1.662574
0.680188
1.162885
1.455861
0.783450
1.248191
0.761121
1.392840
1.366024
0.549692
0.889868
1.188736
1.570590
1.109535
1.373791
1.603387
1.241010
2.110188
0.517265
1.276640
1.174107
0.946584
1.307319
1.678917
1.178230
0.889900
2.253678
1.291375
0.746789
1.018041
0.845819
1.395791
1.063548
0.701639
1.174215
0.815528
0.337789
0.484571
1.727124
1.368639
1.060365
0.416416
1.679950
1.919968
0.776567
1.522954
0.812084
0.852444
0.664095
1.184308
0.815732
1.147045
1.607505
0.949172
0.471857
0.479638
1.475740
1.281532
0.564975
1.114643
0.929390
0.726147
0.837359
0.841948
0.125981
0.534050
1.769429
0.872105
0.469972
0.931143
1.374336
1.694328
1.296226
0.790662
1.576319
0.320351
0.526173
0.934929
1.594263
1.152123
1.936850
0.426705
1.779176
1.332986
0.688353
0.290705
1.271829
1.076232
2.072510
0.688152
0.477740
0.510808
1.783826
0.593661
1.637035
0.444889
1.299272
1.889980
0.363941
0.770958
0.662278
2.124960
1.358067
1.091425
1.114615
0.805150
0.943197
1.107821
1.333790
0.831756
1.029553
1.634007
1.506460
0.389913
1.038766
1.369483
0.509473
0.838025
1.604261
1.126525
0.547488
1.308339
0.500098
1.588737
0.135633
0.622392
1.413470
0.691639
0.474238
0.613186
1.525777
0.944482
0.644525
0.303034
0.680613
1.231664
0.676698
0.605739
1.065364
1.723981
2.289060
1.822166
1.276204
1.394253
1.326034
1.404547
0.835971
1.186074
1.473884
0.792637
1.262504
0.256279
0.748966
0.482751
0.785632
1.450811
0.760245
1.290043
0.659485
0.387838
1.203508
0.378752
1.088645
1.458561
0.318338
1.237459
1.219913
0.878175
0.984323
1.348982
1.052647
0.860015
1.030454
1.775037
1.845521
0.692707
0.301663
1.471747
0.437997
1.498101
1.186922
1.167202
0.864392
0.824944
0.509973
0.732034
1.143268
0.556517
0.727295
1.673409
0.444395
1.694514
0.439551
0.849599
1.078724
1.873998
0.826799
0.547372
0.626444
0.255097
1.537153
0.455185
1.663608
0.873084
0.934357
0.646417
0.635569
1.879632
1.525523
0.810556
0.998153
1.451700
0.749951
1.117780
1.020300
0.161348
1.094476
0.601382
1.034968
1.749620
0.540743
1.651253
0.799360
1.239605
0.400028
1.563246
0.733645
1.856832
1.407375
1.209963
0.915450
0.916008
1.592413
0.714583
1.170405
1.598926
0.615950
1.001644
1.311505
1.082812
0.982218
1.899287
1.462068
2.132287
1.498964
1.025203
1.037326
0.943402
1.084732
1.294050
1.242074
1.273790
1.053709
0.384905
0.267009
0.585393
0.499976
1.935310
1.522413
1.065388
1.370928
0.945199
0.636774
1.293332
0.721602
1.034887
1.417496
1.047293
1.728133
1.545604
0.750574
1.403445
1.633775
1.492161
0.504237
1.639029
0.138371
0.898191
1.170053
0.645677
0.722023
1.032703
0.702158
1.318639
1.104429
1.926782
1.086744
0.863761
0.831006
1.046163
0.381944
0.439470
1.576626
0.970226
0.583002
0.281666
1.670360
1.009687
0.416455
0.416530
1.020888
1.619435
0.591938
1.157134
0.613262
1.430006
1.326986
1.083839
1.279282
0.818800
1.319819
0.840382
1.031799
0.462476
0.780401
1.940045
1.162925
0.822152
0.325971
1.486587
1.343642
1.777927
1.401114
1.243970
0.565792
0.840032
1.131190
0.216481
1.523361
1.058105
0.810819
1.309789
1.361097
1.001281
1.128454
0.265017
1.244541
1.345926
1.053192
0.709809
0.705720
0.570542
0.512648
0.669313
0.664317
1.276054
1.517194
1.401494
0.735481
0.971989
1.715578
0.681172
0.678116
0.786909
1.038943
0.760517
0.438040
0.466867
0.150034
1.167610
2.037466
0.753560
0.875942
1.074640
0.887660
0.597252
1.288371
0.828428
0.642276
0.633944
1.041200
0.534775
1.101775
0.357701
1.622351
0.565259
0.780382
0.969025
0.860460
1.246261
0.861374
1.093122
1.554495
1.222855
0.577270
0.705047
1.037036
1.436489
1.179262
1.269581
0.842761
0.771601
1.964415
0.868491
1.285665
1.261118
1.316828
1.227805
1.345679
0.558188
0.978007
1.423736
1.154528
1.496095
1.890744
1.488653
1.757444
1.298384
0.849028
0.411685
0.646930
0.906208
0.921122
1.335885
0.715139
0.536776
0.812121
1.105126
0.729419
1.036276
0.954010
1.217661
1.115146
1.729390
1.366573
0.936565
0.723501
0.868018
0.541963
1.441595
0.953488
0.810427
1.636676
0.963839
1.223938
1.511788
1.106552
1.621570
0.824019
0.794292
0.882008
0.445334
0.904907
0.598138
1.328459
0.687690
0.782961
1.450911
1.334362
1.262822
1.257027
0.880349
0.634935
0.216106
0.807886
1.384387
0.857509
0.357589
0.332543
1.125379
2.473835
0.697543
1.352827
1.517330
1.053532
2.012394
0.920983
0.597897
0.645783
0.223568
1.109066
0.526820
1.236784
1.076283
0.888527
1.544624
1.211129
0.659607
0.747127
1.127153
0.848342
1.302087
0.462173
1.146275
0.687708
0.960674
0.769486
0.820214
1.309844
0.683974
0.897274
1.945525
1.068327
1.396970
0.460767
0.828435
2.061553
1.803110
0.637268
1.182871
0.490223
1.824024
0.954080
1.439073
0.668787
1.095402
0.642761
1.217142
0.789949
1.570782
1.174796
0.423113
0.929236
0.837259
1.087721
0.959090
0.406310
1.090254
1.043264
0.720306
0.309676
1.272852
0.987325
0.873135
0.463032
0.906570
0.891163
1.085995
0.418677
0.602711
1.122457
1.176757
1.006370
1.122835
0.743096
0.534689
0.827118
0.197969
0.641611
0.764812
0.458316
1.665113
1.155819
1.820325
1.776381
0.633730
1.371608
1.049102
0.958195
1.348446
0.903780
1.230963
1.126412
0.706797
1.729798
0.949149
1.409053
1.212784
0.637533
1.737105
1.296273
1.316459
1.004761
1.116630
0.659870
1.369777
0.928274
0.815030
1.291467
1.314474
0.632360
1.005950
1.610855
1.758339
0.980139
0.756301
1.920174
0.937926
1.409151
1.412307
1.025003
0.836207
0.553503
0.540328
0.763370
0.794514
1.325452
1.152968
1.589436
0.832576
1.482142
0.982847
0.701192
1.028152
0.906287
1.976692
0.797928
1.368642
0.595229
0.447194
1.003567
0.293539
0.822364
1.765559
0.941257
1.405667
1.866464
0.951464
1.796101
1.157720
1.195720
1.105762
1.447712
0.607444
1.834495
1.094799
1.022294
1.332326
0.693665
0.917760
0.167898
1.462616
0.756871
1.058039
0.871212
1.143969
1.018800
0.823001
0.516061
1.114909
1.300009
1.292735
0.301883
1.246311
1.047777
0.650737
0.803501
0.468912
0.575819
2.374237
0.728029
1.288793
0.474104
0.552009
0.758894
0.717981
0.716550
0.946904
1.044840
0.838327
0.655621
0.846378
0.899098
0.655380
1.395618
0.843296
0.813389
0.600662
0.804798
0.443306
0.844348
0.969374
0.676600
1.227741
0.952884
1.309402
0.591713
0.996317
0.946086
0.719095
0.691859
0.747472
0.904041
1.135801
0.745434
0.963443
1.077166
1.241701
0.829619
0.929223
1.214189
0.922655
0.823825
1.047973
0.523042
0.899776
1.511490
0.866320
1.109312
0.630489
0.716652
1.669807
1.023849
1.093703
0.515118
1.786145
1.124481
1.299113
0.804879
1.067751
0.749660
0.937460
0.777400
0.707099
1.179072
0.273659
0.910653
1.102444
0.766555
0.474915
0.670642
1.128700
0.494257
0.730745
2.206013
1.337290
1.191725
1.224581
1.104633
1.337075
1.209817
0.624900
1.895386
0.620882
1.618785
0.793783
0.379214
0.788114
0.967999
1.462763
0.660615
0.693476
0.772313
1.555415
1.414800
0.733224
0.942064
0.941655
0.766289
1.365135
0.551809
0.771166
0.983301
1.723554
0.892556
0.854718
0.994922
0.643902
1.080546
0.672058
1.636572
1.147153
0.984520
1.557904
0.188485
1.210672
0.521909
1.606362
1.630314
1.138523
1.023945
0.682195
1.589197
0.926113
0.574494
0.702461
1.102659
0.990475
1.286279
1.290590
0.605698
0.201685
0.910743
1.874854
1.385917
1.404757
0.617213
0.705282
1.512500
0.465960
1.606719
1.303557
0.858613
0.998055
0.679358
1.033243
0.843030
1.743303
0.357416
1.008888
1.978962
2.292284
0.954923
1.888093
1.258613
1.359773
1.167130
0.559272
0.612202
0.984434
0.740186
0.677178
0.699073
1.204245
1.643339
1.474279
0.907647
0.837386
0.838741
0.787200
1.828533
0.661665
0.870464
1.094880
1.721479
0.479481
1.152042
1.547547
1.224877
0.725344
0.576784
1.099875
1.152481
1.025815
1.040110
0.532603
1.213045
1.582154
1.188129
0.842441
1.363471
0.777106
1.211433
0.873397
0.804750
0.595082
1.526255
0.966550
0.989229
1.683624
1.293741
0.764151
0.404053
1.771773
1.036461
0.540516
1.572945
0.812606
1.169675
1.227197
0.775845
1.164781
0.736743
1.019343
0.275995
0.929925
0.594520
1.082612
1.102738
0.494861
0.657752
1.152789
1.212361
1.000718
1.475543
0.992513
0.524302
1.790629
2.217144
0.710805
0.999701
1.756073
0.756927
1.454590
1.781470
0.824639
1.930147
1.044483
0.413989
1.281279
1.886930
1.209294
1.229537
0.723085
2.034897
0.884399
0.939277
0.428690
0.649394
1.358622
0.810695
1.348090
1.934949
0.921470
1.605883
0.884819
0.655965
0.680047
1.316480
1.278715
1.077495
0.895909
1.670849
0.325263
1.698919
1.921954
1.131703
1.240057
1.165661
0.634423
0.731148
0.742028
0.712071
0.828429
0.665805
1.523348
0.342947
1.094649
0.944519
1.321728
0.153725
0.710937
0.882130
0.614867
0.255872
0.460294
0.980506
1.123914
0.720720
1.344714
0.434570
0.560656
0.915036
1.589588
1.522913
0.942962
0.901706
0.607758
1.925414
0.858675
1.162956
1.692264
0.851114
0.958076
1.900283
1.360693
1.273897
0.350747
1.263145
0.853656
0.874981
0.563329
0.927997
0.610443
1.101546
0.362644
0.769341
1.808724
0.665324
0.305403
0.435060
0.601683
1.146099
1.226034
1.708056
0.900254
1.004591
1.096375
1.209730
1.049143
0.981080
1.232003
0.491197
0.419183
1.435220
1.653693
0.827580
0.993426
0.686194
1.216390
1.090542
0.773322
0.751255
0.779955
1.069526
1.076277
2.387331
0.900020
0.944828
0.652524
1.086974
1.058156
0.774829
1.380728
0.572789
1.095982
1.854937
0.271284
0.765592
1.466356
0.804954
0.910379
0.878410
1.363424
0.763014
0.469230
1.398891
1.061525
1.375630
1.508723
1.983004
1.223317
1.147371
0.862541
1.000520
0.228632
1.311214
0.238535
1.612357
1.298618
0.729009
0.737866
1.223950
0.836523
2.178952
1.326602
0.813509
1.010096
1.178391
1.434099
1.104140
1.757392
1.345346
1.811786
0.841657
1.710068
0.623181
1.140827
0.685695
0.198909
1.185583
0.942929
1.534517
0.592706
0.985504
1.057990
0.359193
1.540927
1.359268
0.913087
1.072362
1.140583
0.451413
1.420519
1.672623
0.739027
0.843107
0.460561
1.152413
1.285767
1.131962
1.062151
1.714736
1.668508
0.512858
0.354180
0.925372
0.906549
1.888178
1.682362
1.875348
0.405455
1.264265
0.862572
0.572196
1.681003
0.588356
1.130469
0.902454
1.275866
0.930906
1.102523
1.689423
1.040650
0.905945
1.186784
2.068587
1.968849
0.645861
0.635815
2.198130
0.672212
1.589809
0.486170
0.150327
0.355860
0.847003
2.358602
1.387559
0.550664
0.925953
1.450736
0.268881
1.916886
0.331525
1.711805
1.251437
1.232719
0.746062
0.776498
1.001156
1.131224
0.886704
0.655122
1.386456
1.263042
0.938430
0.889657
0.809142
0.883925
0.847881
1.656810
0.365171
0.303051
0.380953
1.284529
0.707764
0.342402
0.746228
0.968094
1.169003
1.586614
1.064716
0.192734
0.695836
0.576483
0.744137
1.231689
0.880067
0.815350
0.428758
0.879510
1.288823
1.216033
1.115654
0.429388
1.277736
1.633199
0.839587
1.201314
0.678182
1.586377
1.007204
0.583850
1.229950
1.083146
0.853778
0.506655
0.259209
0.692640
0.785431
0.636172
1.251552
1.539378
0.684038
1.150308
1.537126
1.150346
0.651391
1.521172
1.191747
1.695155
1.167541
1.065609
0.977903
1.321522
0.340802
1.028092
1.267892
0.653969
0.986374
1.138221
1.477800
0.788424
0.903540
1.496612
1.540151
0.804714
0.940459
1.637960
1.483752
0.496908
0.837793
1.437428
0.642168
1.264898
1.734104
1.058175
0.784010
1.098378
1.223793
1.013574
0.759948
1.319575
0.412815
1.318590
0.975235
1.433697
0.940364
1.482321
1.642355
0.605321
1.660759
0.787870
0.954031
1.424575
0.940153
1.893760
0.694217
1.043229
0.678805
1.519371
1.420676
1.857239
2.280816
0.670443
1.064007
0.620045
0.619432
1.636400
0.899319
0.606196
0.785899
1.835498
0.907502
0.877546
1.103410
0.736840
0.951550
0.759784
1.013073
0.152916
1.277603
1.077223
0.877136
0.681553
1.077804
0.659515
0.123582
0.868017
0.409661
1.737866
1.734917
1.519976
0.847504
1.025876
1.562912
1.129560
1.552152
0.500340
0.751076
1.627340
0.855829
0.472093
1.228200
1.412214
1.157714
1.267661
0.628020
1.033589
1.334939
2.824213
1.278713
1.628106
0.799190
0.895981
1.322287
1.269616
1.412306
0.398713
0.879166
1.119846
1.733755
1.471969
1.158329
0.418824
1.025387
1.744552
0.505213
0.894483
1.345425
0.662357
0.575105
0.277876
0.421604
1.903519
0.495681
1.912398
0.992340
0.724780
0.830158
0.969245
0.432013
0.975177
0.566089
1.207619
0.551614
1.098525
1.344491
0.919375
1.195425
0.398584
0.812037
0.732881
0.971898
1.276555
1.807426
1.089506
1.025024
1.960230
1.681500
1.323065
0.800698
0.932753
0.781274
1.634882
0.932062
1.710231
0.543976
0.894141
0.492632
0.698486
0.959316
0.868053
0.443507
0.710436
1.498124
0.864449
0.984785
0.826471
1.750562
1.192317
1.602786
0.713994
0.375014
1.191185
0.993936
0.783689
0.556237
0.706399
0.373266
0.494964
1.160501
1.267511
0.968732
0.698593
1.612663
1.417103
0.273101
1.033758
1.000605
0.934485
0.688748
0.838910
2.108288
0.477750
0.706777
1.167131
0.649823
0.650198
1.753107
0.835712
1.298247
0.308306
0.852891
1.844345
0.691618
0.964294
1.346915
0.623840
1.266136
0.838427
1.392050
1.174809
2.066731
0.764371
1.494492
0.507057
1.189569
0.289380
0.969270
0.848900
0.470343
0.473610
0.538704
0.746963
0.712066
1.017295
0.900525
1.601942
0.929368
1.230671
1.876361
0.638925
2.193373
1.548207
0.730181
1.877322
1.229910
0.163889
1.074708
0.323732
1.379216
1.284943
1.968853
0.475365
1.260959
0.885713
1.494258
1.006593
1.342363
0.495250
1.079217
1.512295
0.432723
1.049933
0.573720
0.891881
1.322031
0.897030
1.339409
1.600005
1.172207
0.883850
1.819506
1.105754
0.873917
0.696798
0.777565
1.289044
1.280760
0.468303
0.684877
0.549883
1.639281
0.837144
1.956479
1.002653
0.960435
1.152615
0.966433
1.635846
1.037690
0.931869
0.919906
0.597907
2.294139
1.178095
1.188888
1.222527
1.387432
1.330422
1.349734
1.505390
0.674888
1.601263
0.302828
0.932700
0.324435
1.307905
1.613955
0.280178
1.244685
1.663129
1.171489
1.625175
0.902558
1.110620
1.481121
1.001458
0.986494
0.879612
0.378803
1.390637
0.398821
1.743849
0.648980
1.631618
1.459294
1.249741
1.461919
1.095088
1.234869
0.558852
0.513757
0.266536
0.644199
1.567758
1.772105
1.057113
0.537403
0.582641
1.610353
0.436692
1.000260
0.442243
0.905426
0.514485
0.787296
0.714651
0.770105
1.561351
0.699061
0.958289
1.687039
0.822186
1.572241
0.374500
0.878375
1.217368
1.193474
1.780567
0.582902
1.001014
0.620088
1.247668
0.571563
0.666628
0.634642
1.276671
1.001738
0.613114
0.864340
1.392921
1.290860
0.609853
1.290025
1.079639
0.771446
0.765146
0.629211
0.905527
0.996234
1.366091
0.796623
1.674866
0.937159
0.622109
0.979022
1.189304
1.385971
1.652045
1.134179
0.705051
0.865681
1.122287
0.988704
1.107729
1.094756
1.295945
1.045909
1.415452
0.916838
0.849497
1.014876
0.905000
0.844179
1.345912
0.947325
1.914106
0.718603
1.400871
0.845707
1.638976
1.889236
1.480018
1.826972
1.771927
0.901900
1.477989
0.837486
0.901905
1.150108
1.043186
1.178778
1.036793
0.883351
1.203379
0.736897
1.283149
0.908010
1.297968
0.541406
0.810271
1.671798
0.668672
0.526803
1.027176
0.942290
1.306961
1.506127
0.901995
0.897163
0.974091
1.287095
0.775399
1.147503
0.638394
0.913046
0.811946
0.540434
0.995982
0.917531
1.489348
0.348974
1.629651
1.513367
0.971724
1.228634
0.842417
1.054919
0.604819
1.166783
0.758045
1.112335
1.333944
1.323954
0.557971
1.079635
1.578174
1.446445
1.510131
1.652877
0.809396
0.487883
0.562761
0.547361
0.767930
0.552451
2.036920
1.142029
1.563377
0.446103
1.114508
1.578605
1.119567
1.424362
0.950727
1.759611
0.842009
1.110876
0.266240
0.557248
2.098750
1.110196
0.598259
0.946051
1.115073
1.255271
0.905138
0.721054
0.603497
0.787800
1.454215
0.559114
1.024285
1.470094
0.787128
1.002770
1.139852
0.917037
0.701528
0.386763
1.077190
0.373435
1.809098
0.943340
1.869890
0.786393
1.146142
0.292153
0.412749
0.816171
1.220156
0.759081
0.909276
0.631274
0.925587
0.563808
0.518120
1.007819
0.333351
1.983820
2.020387
0.655777
0.502916
0.821561
1.015948
1.189342
1.073589
0.304394
0.884323
0.582978
1.203214
1.150747
0.833084
0.709707
1.282449
1.015425
0.285530
1.317317
0.685625
1.252335
1.675967
0.886977
0.918418
1.293583
0.399727
1.194104
0.554095
1.564097
0.885026
0.841592
1.400895
0.786680
0.711318
0.581661
0.835378
0.831184
0.992097
0.691954
1.477918
0.386487
1.462542
1.248162
0.817725
1.081366
0.558879
0.486723
0.499177
1.297232
0.900912
0.786967
1.433031
0.844296
2.086658
0.747644
0.724590
1.496382
0.661020
0.864381
1.536465
2.175329
0.735650
0.992863
1.531030
0.188537
1.583207
1.323030
0.512006
0.668894
1.409786
1.268432
0.597614
0.727707
0.855648
1.020057
0.804242
0.776704
0.785412
1.452047
1.911394
0.425025
1.682414
0.294963
1.361613
0.732596
1.607909
1.699650
1.171771
0.435642
2.143058
0.689146
0.868939
2.191522
1.348710
1.341999
1.459413
1.038504
0.843086
0.786666
1.755492
1.399183
1.364944
1.121710
1.168262
0.896990
0.866018
1.195687
0.956407
1.138100
1.372955
0.956949
0.623417
0.829186
1.210803
1.794224
1.118742
1.061582
1.066364
0.928848
0.604876
0.841137
0.378567
0.872718
1.363177
0.798223
0.886268
0.670974
1.015900
1.281064
1.451128
1.858546
0.563321
0.794774
1.315947
1.671478
1.032134
0.795190
0.691841
1.809709
0.614834
0.794709
1.319218
0.961719
0.736671
0.918633
1.506014
1.415833
0.878031
1.098293
1.322709
0.650154
1.713976
1.204667
1.052514
0.910586
1.393249
2.130702
0.227128
0.900715
1.798902
0.321726
0.873533
1.441707
0.516802
1.249272
1.098054
1.268765
1.287570
0.541352
0.457052
0.677177
1.077684
0.454413
0.945972
0.943990
1.127018
1.048036
0.278900
1.441319
2.222526
0.900661
1.164937
0.900661
0.643704
0.530577
1.146955
2.175160
0.943015
1.604940
0.663611
0.713373
1.561280
1.086207
0.787274
0.409561
0.279565
1.195235
0.699627
0.752074
2.042082
0.951554
0.945873
0.420093
1.778708
0.745480
1.084939
0.647003
1.343685
0.827582
0.909194
1.432722
1.731472
0.265766
1.557086
0.909874
1.894466
0.463708
0.945022
1.142089
1.376350
1.069603
0.209322
1.514096
1.586734
0.739790
1.363871
1.595832
1.081195
0.938690
0.325134
1.217308
1.101372
0.919337
0.631944
1.152348
1.736547
0.894762
0.805910
1.364363
0.819249
0.952658
0.808657
0.484545
0.917941
0.704947
0.376399
0.265524
1.401940
1.366994
0.608280
0.634647
0.966399
1.026303
1.627927
1.041710
0.389831
0.842144
1.070073
1.111194
0.631290
0.871229
0.840381
1.793273
1.219247
1.038762
1.641577
1.752375
0.852897
0.761200
0.614734
1.151371
1.019531
1.066007
0.806101
1.121555
1.700638
1.356052
0.869767
1.658091
0.903331
0.422080
0.293300
1.772108
0.980835
0.795158
1.291260
1.200535
1.205324
1.218788
1.035682
1.663700
0.751772
1.041825
1.521618
1.736505
1.903188
1.180158
1.609841
1.380896
1.388161
2.117808
1.037347
0.498131
1.417222
1.375778
1.521228
0.639050
0.725913
1.109204
1.127182
0.677410
1.231504
0.728223
0.631989
1.257711
1.405385
1.740840
0.778324
0.615698
0.811149
0.776357
1.069769
0.888677
1.589585
0.556814
0.578733
1.285774
0.354003
0.369558
0.925670
0.961880
0.426067
1.856940
1.659344
1.025465
0.734095
0.549135
1.133131
0.347274
0.579426
0.878649
0.991252
0.576704
1.629283
1.727970
0.724831
0.444343
0.726930
1.037481
1.202203
1.896724
0.491369
1.214557
1.063883
0.768427
0.465460
1.419561
0.347460
0.680303
1.359200
0.169947
1.855281
0.970182
0.640103
0.802159
1.745168
0.885113
1.073306
1.940565
0.812262
0.711840
0.664210
0.819855
0.983869
0.858556
1.139345
0.786374
0.440980
0.639038
0.796437
0.621144
2.475347
0.754044
1.574492
1.169846
1.205929
0.943572
1.431396
1.337596
1.452192
0.934877
1.080974
1.018001
0.988481
1.796378
1.437444
1.510621
1.227096
0.702308
1.194197
1.092125
0.610688
1.126564
0.593497
1.814016
1.173390
1.354744
1.326302
0.517228
2.298577
0.614429
0.869308
1.084626
1.132880
1.131958
0.324682
0.585135
1.402004
1.556600
0.782731
0.930893
0.896611
1.121305
0.488255
0.216023
1.151411
0.714562
0.705430
0.799376
1.427490
1.108747
1.051588
1.363119
1.081324
1.589208
0.916419
0.692496
1.108424
0.964714
0.500883
1.309857
1.555814
1.272693
1.619276
0.567319
0.359127
1.370500
0.982640
1.694074
0.689846
0.646951
1.720606
1.168827
1.948471
1.125548
0.353966
0.797036
0.460884
0.641685
1.190724
1.087150
0.356148
0.846406
0.851769
1.156241
1.008517
1.221601
0.638497
0.980902
0.693820
1.655658
0.343796
0.881948
1.043109
1.015511
1.733196
0.597109
0.771542
1.383106
1.151182
1.122912
0.409376
1.414814
0.637882
0.966105
1.220824
1.395481
1.049096
0.793613
0.655191
1.038985
1.249492
1.294141
1.109056
1.630837
1.620456
0.458686
0.926782
0.771569
1.563191
1.081402
0.399653
0.985034
0.616469
0.632124
0.324873
1.160964
1.198600
1.007142
1.610973
0.805541
1.192266
0.967207
1.109635
0.825255
1.419595
0.726359
1.252523
0.931006
0.648057
1.313463
1.240796
1.659714
1.453500
0.572328
1.096886
2.630016
1.380450
1.151534
1.016423
1.348520
0.850315
1.394837
1.054878
0.698803
0.706720
1.735347
0.920376
0.474277
1.044540
1.291466
0.315249
0.866994
1.576088
2.079944
0.607159
1.239056
1.864324
1.170889
0.567064
1.687425
1.422494
1.354432
1.935419
0.890245
0.291532
0.748621
1.888119
1.221981
1.271355
0.896932
1.262484
1.077210
0.959839
0.899723
1.269441
1.262389
0.651769
0.686399
1.354314
1.213547
1.281993
1.249759
0.375277
0.791330
1.001867
0.787139
1.153809
1.032963
1.148861
0.920972
1.034069
1.957422
1.403843
0.358715
1.052519
1.129883
0.969312
1.203281
1.701909
0.613172
1.291519
0.957762
1.032979
0.478379
0.857929
1.103066
1.149106
0.643671
1.138615
0.980166
1.936657
0.653006
0.994196
1.068838
1.480215
0.449535
1.194463
0.419926
1.521601
1.155666
0.936512
0.574495
0.711599
0.663163
1.742862
1.279722
1.038882
1.286507
1.027808
0.511475
1.720247
1.806840
1.050010
1.026173
0.500730
1.345707
1.033869
1.052318
0.841312
1.403809
1.285348
1.242236
0.803417
1.249004
1.126565
0.628102
1.503695
1.118114
0.645463
1.096796
1.571154
0.634627
1.131875
0.309734
1.434690
0.590875
0.649401
0.930843
1.171030
0.789571
0.772440
1.228909
1.046744
0.435420
1.422319
1.666913
0.851660
1.201720
1.136104
1.259494
1.335081
0.313904
0.657683
0.651985
1.531625
0.609300
0.664085
0.594294
1.512335
0.366530
0.849621
1.382654
1.002899
1.110497
1.246686
0.771885
1.141268
1.044268
0.968460
1.260904
1.415173
0.834073
2.093880
0.715235
0.592949
1.234873
0.956568
0.656580
0.920587
0.644632
2.033561
1.537928
1.487413
1.412809
1.174376
0.996937
1.297201
1.106470
0.471657
1.420634
2.445201
0.646545
0.407613
1.160238
0.857082
0.321379
1.020543
1.551411
0.754347
1.339113
0.636452
0.627478
1.229361
1.734437
1.710338
0.939420
1.312519
0.632356
1.391660
1.529320
0.955559
1.637812
1.435912
1.137917
0.886364
0.406562
1.396696
1.791589
1.068189
1.246547
1.308296
2.317891
0.561980
0.825141
0.937201
1.099465
1.142462
1.316522
1.111190
0.540255
1.541788
0.327732
1.594427
0.772353
1.467829
0.996674
1.080591
1.113643
1.055137
0.686887
0.516446
0.995388
1.926135
0.477094
0.391291
1.076975
1.385573
1.348261
1.127440
1.595326
1.269792
1.925402
1.078534
0.258445
1.104673
1.217024
1.059048
0.484984
0.715481
0.730113
1.250395
1.472343
0.830709
1.327666
0.681427
1.164846
1.377911
1.324448
0.908574
1.025024
0.974063
1.248150
0.451926
0.681358
1.021428
0.378328
0.914737
1.343178
0.785348
0.422114
1.091007
0.381796
0.565129
1.250378
1.816393
2.052717
0.736771
0.931948
0.777296
0.980936
0.927496
0.292153
1.377682
1.137414
1.037831
1.433657
0.734662
1.224500
1.245567
1.759346
1.828894
0.632179
1.092214
0.886794
0.704022
1.333869
1.193964
1.649116
0.565171
1.217619
1.034329
0.660415
0.650293
0.903068
1.238532
1.105369
0.609786
0.687676
1.282380
1.608802
1.272450
1.063395
1.347256
1.592407
1.777373
0.567135
0.918138
1.174372
1.833185
0.620514
0.328719
1.011571
0.594632
0.864787
0.639052
0.549059
1.337382
1.296536
1.256781
1.698366
0.536719
0.589168
1.235671
0.999978
1.093236
1.174244
0.575279
0.710921
0.738516
0.643113
1.061967
0.803990
0.822921
0.982990
0.677457
1.783167
0.417412
0.859723
0.695243
0.475474
0.356847
1.417294
1.439512
0.764895
0.912173
1.683450
0.778154
1.523225
0.506750
0.903331
1.450142
0.507421
1.556770
0.995284
1.054042
1.014273
1.466552
0.658931
0.582859
0.954264
0.825591
1.420070
1.328425
0.679753
0.998601
0.152464
1.170522
1.030036
1.343715
0.908187
1.906415
0.447148
1.586845
1.420163
1.184894
0.700260
1.746066
1.054391
1.234027
1.101799
0.340918
1.052601
1.510713
0.813843
0.955590
1.348504
0.419092
1.080511
1.667976
0.810788
0.696868
0.591207
1.138573
1.101554
1.261140
1.030527
0.830658
1.617578
1.273378
1.001763
1.134511
0.965812
0.909984
1.159086
0.996664
0.830261
1.717514
1.115179
0.614046
0.747625
1.215405
1.768881
0.848163
0.897148
0.800946
1.197406
1.058006
0.533213
1.106649
0.884794
0.998370
1.223012
1.184519
0.763054
1.591666
1.016000
0.785214
1.094660
0.454175
0.803223
0.471468
0.767126
0.697658
1.034978
1.131366
1.490215
1.027049
0.793314
0.387543
1.088614
0.598057
1.371551
1.310925
1.202598
0.685991
1.045915
2.028724
1.405670
1.187747
1.550138
0.653998
1.435942
0.415955
0.548180
1.105126
0.914680
1.264457
1.488022
1.674451
1.530295
1.387610
0.273107
1.096298
1.365226
1.346134
1.343094
1.857903
0.715399
0.526590
1.261818
1.558958
1.200788
0.246238
1.176178
0.922707
0.812791
1.073396
1.176996
0.706764
1.350511
0.944643
1.494157
1.567983
0.919168
0.826022
1.074614
1.521537
0.488714
0.769721
1.664916
0.549662
1.122364
0.735596
1.372721
0.495403
1.575940
0.990609
1.294054
1.039706
1.031283
0.745840
1.370804
0.318643
0.627749
0.390199
1.809655
1.045922
1.469688
0.756039
0.403370
0.954358
1.338551
0.534984
1.483109
1.405802
1.226266
0.877447
0.586559
0.761420
1.040287
0.808530
0.679433
1.138923
0.625305
0.834434
0.942530
1.115627
0.961501
0.641240
1.050746
1.390835
1.179533
0.705014
0.558065
0.430006
0.956201
1.250693
1.325866
1.530074
0.808004
0.629356
0.866338
2.212320
0.789519
0.912334
1.005697
0.555768
0.724782
1.329034
2.162291
0.395694
1.061651
0.578194
1.108960
1.455262
1.283123
0.266793
0.741904
0.811162
0.860159
0.726773
1.053717
1.212792
1.215048
0.829322
0.858534
1.010425
0.563332
2.306586
0.879391
1.523577
0.915152
1.203292
0.836238
1.216957
0.713788
1.043887
1.416949
1.057736
1.316385
1.105760
1.022392
0.559600
2.040970
1.249544
0.877162
0.744798
1.147339
1.448192
0.698666
0.758124
1.550100
1.040262
0.356286
0.212079
1.757250
1.286180
0.471757
1.011735
0.931865
1.187636
1.336309
1.172103
0.554881
0.546686
2.254298
1.160199
1.080560
0.609641
1.291980
0.911511
1.095072
1.513267
2.007499
0.992428
0.671207
0.680949
0.840126
1.011143
0.505724
0.884238
1.021634
0.612108
1.301294
0.618097
1.597410
1.621095
0.873976
0.996243
0.960966
0.871003
0.850583
0.901548
0.610338
0.527588
0.789455
0.505918
1.258705
0.929888
0.905707
0.562958
1.256942
0.819058
0.705464
1.606723
1.598087
0.988303
0.739448
0.797717
0.372922
1.215437
0.913578
0.807891
0.396579
0.502054
0.817117
0.748446
1.169796
0.351282
1.143928
0.939680
1.130009
1.898141
1.122483
1.720725
1.088149
1.256573
0.669620
0.977619
0.803531
0.842056
0.514446
0.953263
0.641475
0.937693
1.108098
0.741895
1.148833
0.792699
1.430785
0.878364
1.154868
0.597662
1.635013
1.173834
1.056312
1.266415
0.802583
0.929319
1.035871
2.186966
1.235020
0.661289
1.131629
0.920434
1.227807
1.305521
1.320899
1.979001
1.625878
0.472467
1.271192
1.274494
0.916289
0.262509
1.428024
0.699416
1.484848
1.617662
1.149198
1.607999
1.069319
1.311412
0.670646
0.464298
1.207813
1.335233
0.857723
1.287118
1.039345
1.095242
0.494369
0.514297
1.214343
0.916416
1.056571
0.403349
0.764305
1.152925
1.609705
0.579778
0.234122
0.354676
0.833746
0.560830
1.467538
1.914985
0.982874
1.219042
0.771229
1.879546
0.754185
1.106484
1.673519
0.509234
0.066608
1.951832
1.303308
1.122875
2.227583
0.679984
0.744998
1.147899
0.998996
0.750822
0.716905
1.242509
0.925866
1.443636
1.374449
1.132000
0.327025
1.126256
1.242158
1.240218
1.408458
1.545997
1.199624
1.237780
0.836263
1.205543
0.503091
1.352929
0.765483
0.974843
0.192364
1.381094
0.972178
0.867923
0.736437
1.414675
0.259970
0.910635
0.941786
1.567150
1.404946
0.646875
0.225802
1.000394
0.805697
0.766733
0.215413
0.700032
0.589436
0.574176
1.623788
0.207794
0.951842
1.392524
0.948145
1.198546
1.912469
1.254493
0.265324
2.052433
1.896752
0.792840
2.126094
0.659937
1.321342
1.521518
0.878563
0.677386
1.169722
0.691912
0.784545
0.963005
1.068928
0.794743
0.694342
0.739890
1.787375
1.456065
0.433068
1.276192
0.541484
1.364623
0.680998
0.757757
1.237895
0.670136
1.563974
0.984934
0.813338
0.304851
1.023907
0.976001
1.180100
0.355837
0.809810
1.944775
0.486145
0.727893
1.155968
0.876866
1.048721
0.927001
0.557597
0.332445
0.872387
0.845502
1.182547
0.338058
1.683763
0.554118
0.865757
0.709620
0.932342
0.888596
1.118664
1.251898
1.768661
0.900314
0.672136
0.854259
1.135880
0.898072
0.979724
1.229785
0.921842
0.965447
0.333041
1.198898
0.227218
1.802897
1.283851
1.262807
1.232644
0.583851
0.307780
1.194496
0.523996
2.071043
0.686566
1.367752
1.062235
0.497668
1.078551
0.302869
1.327608
1.404119
0.619132
0.763329
0.698488
0.674393
1.605180
1.046248
0.398501
1.027960
1.014795
1.677175
0.445569
0.899947
0.697120
0.615932
1.657722
1.041307
0.630542
1.104820
0.497351
1.441358
0.942345
0.537013
0.861269
1.319917
0.359758
0.862795
0.305755
1.385215
1.719570
0.600077
0.606588
0.800614
1.016631
1.999048
1.365315
1.013085
0.874731
1.046974
1.321103
1.200572
0.737609
1.413883
0.654915
1.362440
0.867382
0.738007
1.516132
0.445785
0.642748
1.399580
1.176873
0.824278
0.644501
1.080493
1.009300
1.349795
1.491029
0.619621
1.117434
1.925768
0.276378
0.762138
0.566472
0.631071
1.341356
1.050769
0.444286
1.339173
1.267205
0.755939
1.449316
0.601716
0.383280
0.818776
0.961285
0.699121
2.416839
0.650064
1.983935
1.051835
1.887367
0.567361
0.427164
0.546892
0.597382
1.615128
1.346627
0.687758
0.667258
0.515776
1.164112
0.833907
0.133267
0.472777
0.973839
0.387995
1.010441
1.331419
0.984110
1.361101
1.442046
0.959106
1.258584
0.375228
1.290078
1.714488
0.641301
0.935910
1.003058
1.079575
0.921799
0.355119
0.917072
1.318653
0.880953
1.090646
0.549701
0.897431
0.968961
1.005037
1.309143
1.172117
0.770437
0.670592
0.676218
1.181516
0.761074
1.072135
0.639557
1.331947
0.860594
0.887433
0.750455
0.916551
0.428310
1.267029
0.659773
0.888426
0.689063
1.332976
1.579572
1.886662
0.737801
1.364450
0.601167
1.183002
0.778777
1.133190
0.622709
0.818902
1.684935
0.686574
1.990444
1.136592
1.094111
0.432416
1.491316
0.602138
0.703033
0.905308
0.876058
1.175861
1.965687
1.220983
0.832206
1.370865
0.941102
1.904026
1.029764
1.539018
1.189681
1.665878
0.625661
0.634199
0.416593
2.115915
1.438913
1.342287
1.289700
0.766597
0.928123
1.902723
0.908245
0.766212
0.800981
1.264185
1.391534
0.327879
0.919044
1.185338
0.743625
0.740043
1.034869
0.674311
0.934293
0.937372
1.004659
1.166350
1.007446
1.594747
1.415101
0.480011
1.585058
0.465586
0.898605
0.979925
1.239519
0.783170
1.464158
1.045434
0.533016
1.002307
0.506468
0.643289
1.310312
0.762117
1.250809
1.557528
1.358609
0.684720
1.329548
1.492569
2.833346
1.947666
1.429399
1.645174
1.192567
0.881155
1.135544
1.746892
1.335569
0.867441
1.989210
1.549369
0.590008
0.891405
1.442560
1.700390
0.613557
0.609897
0.737211
0.644594
2.082611
1.010523
0.467466
1.415504
1.428853
0.861515
0.353711
0.872699
1.033113
0.182649
1.066213
1.126074
1.188779
0.833364
0.270635
0.575155
1.231974
1.905947
1.163635
0.688192
0.858561
0.522839
1.561517
0.749091
1.014065
0.540985
0.963319
0.664121
0.953346
0.586273
0.918891
1.379813
1.550942
0.868520
1.145418
0.492118
1.296860
0.372955
0.966175
0.883400
1.424950
1.194179
0.516159
1.540232
1.398680
1.513221
1.710705
0.640761
0.756301
1.035720
0.673855
0.818775
1.005765
0.612022
1.140968
1.109157
0.956193
0.985866
1.316878
1.757497
1.785991
1.381287
1.080142
1.127399
1.285872
0.392565
1.108102
1.292552
1.823887
1.885700
1.096018
0.741114
0.770688
1.425908
0.836884
1.932540
1.577485
0.853722
0.425577
1.273250
0.829390
0.563636
0.919584
1.194237
0.343879
2.212555
0.904679
0.331207
0.277930
0.402365
0.771163
0.852824
0.511437
0.695887
0.943459
1.312661
1.142308
0.398613
2.440995
1.561489
0.847787
1.156917
0.722031
1.688410
2.167282
0.618113
1.094736
1.551472
1.233119
0.823808
0.868975
0.609615
1.083464
1.310191
1.358751
1.370621
0.543759
0.449745
0.989702
0.603484
0.866371
1.162413
0.417183
1.696988
1.654365
1.731315
0.906226
1.006687
1.262942
0.749016
0.882346
1.606272
0.875907
1.736240
0.707440
0.486313
0.469842
1.512360
1.116025
0.709664
1.124869
0.437949
0.948626
1.270720
0.813720
1.349680
1.087309
1.685690
0.589171
0.315398
1.303277
0.935889
0.754732
0.572894
0.952408
0.461886
1.082345
0.953717
0.208308
1.536430
1.266622
1.640884
0.959741
0.901643
0.870965
1.306558
1.383625
0.543314
0.393674
1.149806
1.029869
1.643583
1.256803
1.304384
0.469608
0.319748
0.852522
0.618894
0.924208
1.149673
0.891707
0.368087
0.873680
0.696590
1.183293
0.649284
0.500784
0.776091
1.160380
1.166057
1.604773
0.906370
1.555830
1.369976
1.522965
1.009233
1.676590
0.909906
1.096231
1.719009
0.695128
0.396577
0.730495
0.832233
1.251463
1.203871
1.615852
0.983288
1.098353
0.303909
1.233125
1.305338
0.715083
1.198368
1.139980
1.178692
1.741885
0.996322
0.322581
2.063350
1.385822
1.207295
1.433877
0.579426
1.518043
1.877427
1.037574
1.378959
0.840929
1.562182
1.596590
0.347340
1.105418
0.644095
1.950779
0.672180
1.533017
0.556322
1.738486
0.921767
1.433917
1.009959
0.820868
0.767782
0.343504
0.746699
0.357754
1.440488
1.856946
0.686253
1.255209
1.130516
1.385579
1.257379
1.161553
1.672891
1.333174
0.826569
1.058586
0.647991
0.265201
2.076144
1.303231
1.550399
1.121908
0.676859
0.262177
1.011751
0.625260
1.440327
1.011139
1.431081
1.919933
1.371112
0.757771
1.320838
1.021676
1.090294
0.561658
1.745909
0.974146
1.971301
1.537812
0.981693
0.945947
1.355638
1.374119
1.308988
0.507047
2.195703
2.037082
0.535083
0.955381
0.570492
0.497252
2.098068
1.474029
1.003739
1.871506
1.146855
1.242855
1.374057
1.358037
0.892858
0.798621
1.262844
1.322795
1.434369
1.348749
1.153369
1.266916
1.586846
0.849848
1.725814
1.118240
1.078808
0.647449
0.460077
0.326074
0.737029
2.111314
1.067293
1.626327
1.690101
1.074103
0.886166
0.943476
1.222440
1.187557
2.090354
0.559088
0.499695
1.005531
1.376103
0.985322
1.684878
0.553125
0.833728
1.086639
1.562644
1.491902
1.170100
1.175423
0.997802
0.715299
1.093201
2.036701
1.821125
0.388496
0.458131
0.871868
1.744291
0.816562
1.144496
1.594037
0.653856
1.141494
1.190139
1.619298
0.677869
0.707534
0.794590
1.528945
0.849771
0.994775
1.648494
0.857601
1.205293
0.829382
0.817171
2.296373
2.022334
0.680557
0.428529
1.235228
0.859817
1.010374
1.543247
0.671391
2.004022
1.029072
1.057014
1.542141
0.539565
0.955480
1.369895
1.211254
1.096087
0.744076
1.251924
0.614555
1.242567
0.680297
0.752854
1.088645
0.694940
0.668265
1.403738
0.816199
1.394980
0.689119
1.172858
0.394446
0.869183
0.448850
0.907762
1.046334
0.579476
0.705068
1.931388
0.370408
0.766688
1.287826
1.544041
0.724266
1.915366
1.125978
1.433386
0.586209
1.439027
0.885690
0.787538
0.402272
1.444048
1.486541
0.625589
0.961135
0.460744
1.178983
1.037376
1.582547
1.180245
1.377198
0.770094
0.433857
1.524601
1.385137
0.733985
0.812408
1.586353
1.352491
1.124450
1.098596
0.517695
1.269094
1.917705
0.457072
1.687723
0.914220
0.568567
1.313460
0.888475
0.580125
1.439948
0.488667
1.505669
0.908899
0.886104
1.168599
0.369067
1.002468
1.395166
1.719880
0.924012
0.591592
1.668297
1.395757
0.399864
0.808209
0.558527
0.984099
1.686445
1.102000
0.455014
0.806545
1.810292
1.378389
0.985961
1.068470
1.113605
0.851925
0.416419
0.513360
1.361987
0.790507
1.225106
0.748556
1.698596
0.851290
0.123461
0.158390
1.362431
0.447325
0.480081
0.979196
1.743912
1.584164
1.157175
2.447372
1.239411
0.996827
0.825357
1.017718
0.678919
0.708962
1.379462
1.242764
0.928887
0.766237
0.945728
1.010764
0.742225
1.238983
0.507327
0.612977
0.664976
1.156548
1.244517
1.029788
1.836698
1.020077
1.677451
1.555977
1.117466
0.274526
1.128934
0.989389
0.543664
0.881927
0.845577
1.604532
1.383618
1.087900
0.743861
1.154472
0.528042
1.471418
1.340181
0.946790
1.784277
0.708932
1.100928
1.170537
1.934570
0.585902
0.449421
1.179234
1.255749
0.332224
1.035923
1.354708
0.776660
1.172381
1.381957
0.875458
0.527337
0.510190
1.013984
0.797896
0.769811
1.268208
1.219587
0.800681
0.494141
1.475277
1.337984
0.596428
0.926520
1.064471
0.776501
0.655653
1.283954
0.740809
1.246307
0.648995
0.355436
1.586256
0.612856
0.943186
2.091795
0.861601
0.821313
0.761708
1.175127
0.844063
0.505341
0.217417
1.731485
0.588580
0.944151
1.766556
0.695597
1.067602
2.244331
1.574697
0.840395
0.678836
1.344901
0.679151
0.871981
0.320220
0.993326
0.951291
0.418154
0.699576
1.017420
2.209036
1.725197
1.302589
2.108927
0.589491
0.990664
1.288933
0.702764
0.917354
1.184787
1.258232
0.676880
1.173082
1.714430
1.280553
1.234567
0.637075
1.285841
1.256156
1.087910
1.369217
0.944344
1.030671
0.918785
0.860393
0.460518
0.946873
2.086347
1.726445
0.852201
1.268414
0.358300
1.423068
1.907173
0.658078
0.854423
1.509718
0.953836
1.216439
1.140006
0.512878
1.603901
2.189217
0.599672
1.518010
0.805094
1.920034
1.782622
0.338691
1.497514
1.184542
1.593417
1.094707
1.461585
0.941422
0.835771
0.625437
0.448695
1.265174
1.401414
1.452452
0.977813
0.822872
1.335522
1.018254
0.903092
1.491373
1.437187
1.368596
0.901752
0.804782
0.954527
0.675050
1.125827
2.010465
0.799876
0.921975
0.828546
1.003735
2.046561
1.857730
1.458025
0.316752
0.893623
0.199538
0.631351
0.837934
0.807783
2.165403
1.101316
0.922005
0.681931
0.377643
0.557658
1.097191
1.813877
0.963937
0.490632
0.225595
0.657059
0.592994
0.193663
0.910403
1.504718
0.613280
0.910138
1.272903
1.615891
1.033668
1.767910
0.785618
0.585304
0.516391
1.748761
1.497072
1.688003
0.783394
1.593907
1.076845
0.837052
1.233016
1.700640
0.749263
0.439454
0.379822
1.100510
1.238803
0.389518
0.843207
1.333880
0.392692
0.543666
1.536268
1.506866
1.535582
1.035375
1.433640
0.285821
0.336517
2.094536
1.593263
0.925723
0.475819
1.675611
0.616525
0.801579
1.453650
1.133320
0.752211
0.929986
1.337592
0.142012
0.811520
0.425692
1.367126
1.414705
0.392203
1.380317
1.195870
0.740189
1.095942
0.791739
0.944974
0.393098
0.641654
0.908220
2.104884
1.983337
0.719315
0.930550
1.162186
1.349550
0.931851
1.203648
1.190093
0.834442
0.466371
1.687065
1.097659
1.571768
1.074342
1.259772
1.148551
0.904229
1.152218
0.553112
1.107927
1.931356
0.776443
1.255330
0.801007
0.488519
0.703987
1.571539
1.343452
0.650558
1.584459
1.639313
0.925616
1.502638
0.571246
1.216686
1.532350
0.893292
0.807800
1.112449
0.509372
1.071189
1.601713
0.742747
1.364088
1.139454
0.725412
0.644597
1.028671
1.444761
0.600479
1.040621
0.982506
1.594121
0.993218
1.136159
1.268900
1.000360
1.640770
1.404620
1.042760
2.145160
0.899829
1.975712
0.721322
0.709164
1.564200
1.612790
1.353247
0.918336
1.268072
1.041781
1.116572
1.499934
0.479137
0.737590
1.020334
0.844367
0.731446
0.693409
1.450742
0.250504
1.301085
0.521237
1.411850
1.328537
0.780699
1.452150
1.529105
0.786761
0.317609
0.988108
1.190853
0.579721
1.259154
1.156007
0.982515
0.980039
0.861791
1.628584
1.247513
1.048898
1.206645
0.832092
1.276688
0.281128
0.671501
1.217777
0.568221
0.695914
1.870074
0.989909
1.336130
1.035714
1.016205
0.708471
0.656829
1.173012
0.593402
0.549750
0.507184
1.095249
1.133198
1.309330
0.660483
0.839260
1.729318
1.032483
0.420822
1.076273
1.458845
1.380972
1.144601
1.087574
0.387648
1.142346
1.486707
1.314849
0.562392
0.685999
1.448763
0.563825
0.575994
1.264813
1.225897
0.933915
1.753483
0.666498
0.825489
0.590734
0.399369
0.800434
1.362600
1.094542
1.037309
0.877993
1.150283
1.393287
1.217319
1.305541
0.289684
0.535589
0.507316
1.493315
1.056434
0.377018
1.215229
0.452097
1.272418
1.392257
0.574010
0.549638
2.262640
0.952684
0.930660
0.603351
0.638621
1.668907
0.170314
1.078603
1.386178
0.742180
0.952940
0.954243
0.933980
0.930973
1.286643
1.606760
1.098647
0.196884
1.328745
1.217741
0.937674
0.825031
1.140958
1.298493
0.936431
1.032081
0.784384
0.880517
1.896293
1.030952
0.861500
1.184465
1.373434
0.476089
0.719372
0.827495
0.664225
1.260539
0.879040
0.879986
1.453598
0.727362
1.103479
0.689619
1.803484
1.247893
1.253010
0.983600
1.088683
0.987297
1.410847
1.816659
0.802547
0.929791
0.965542
0.489109
1.084894
1.734111
0.667781
1.160942
1.025620
1.658973
1.568011
1.807889
0.779530
0.446334
0.722019
0.608223
0.949466
1.432544
0.965234
1.229514
1.062962
1.106178
0.788901
1.305010
1.159342
0.669972
0.663213
1.018678
0.432734
1.604704
1.142041
0.692405
1.265101
0.990031
1.271445
0.463359
0.677965
0.455162
0.469939
0.926287
0.987161
1.170133
1.292074
1.038121
1.217080
1.099816
0.519730
0.263234
1.714933
0.661842
0.565013
1.096869
1.851057
1.304107
1.219942
1.406293
0.656975
0.426655
1.283019
0.941008
0.444950
1.148528
0.291455
0.286410
0.938411
0.897195
0.900334
0.759485
1.593090
0.963371
0.808265
1.061589
1.499293
1.941525
1.748149
1.377118
1.056194
1.003269
1.011919
1.361719
0.799199
0.221913
0.648976
0.591912
1.350240
1.584589
0.784234
1.013158
0.709719
0.798045
1.476736
1.136421
0.943025
1.240869
0.913670
1.508398
1.041611
0.975587
0.754699
0.863226
1.161815
1.264895
1.008820
0.869544
1.011153
1.143749
1.617663
0.976320
0.723994
0.632886
0.854112
1.182551
1.021911
0.968100
1.224972
1.208658
1.405173
0.966579
0.476968
0.791792
1.185792
1.491436
0.724221
0.507642
1.693947
1.346379
1.042416
0.425069
0.406639
1.430270
1.082174
1.510882
1.195362
0.598196
0.974093
1.199419
0.941300
0.272055
0.764935
1.077413
2.421701
0.810862
1.310454
0.819263
0.656338
1.379660
0.687287
0.635911
1.049952
1.469216
0.970442
1.314942
0.699144
1.204727
0.200479
1.488033
1.313293
0.875736
1.088498
2.124001
1.261720
0.551402
0.957724
0.784266
1.172097
0.889634
0.445874
1.393297
1.130004
0.564295
0.772060
1.076080
1.612968
0.860407
1.226777
0.639206
0.944470
2.047114
0.769587
1.600574
1.006948
0.906293
0.781435
0.544501
1.023559
0.244954
1.207548
0.856806
0.857813
0.777278
0.960183
0.649615
0.479082
1.373096
0.777515
0.267605
1.577204
0.543465
0.974467
0.866541
0.809989
2.448324
0.666335
1.156284
0.769797
0.709482
1.372948
1.573028
0.921899
0.037200
0.730887
1.031973
0.593409
1.514397
1.784358
0.977005
0.920573
0.735800
0.532087
1.367014
0.806513
0.682421
0.783871
0.795562
1.803344
1.651557
1.558904
1.513310
1.714509
1.643519
0.384359
0.855203
0.321530
1.323282
0.176253
1.115689
1.323969
0.631542
1.342308
1.517378
0.644692
0.758548
0.851870
0.982502
0.846136
1.640624
1.133653
1.539053
0.746253
1.748074
1.608633
0.307093
1.032032
1.128056
0.551594
1.470723
1.495209
0.698606
1.204744
1.091406
1.133907
0.308307
0.651502
1.498187
1.503288
0.878649
0.878125
1.275359
0.779193
0.922079
2.334542
1.238828
1.020683
0.826469
1.088611
0.974262
1.531970
0.694500
0.963246
1.960633
0.996384
1.074879
0.924137
1.599432
0.580304
1.012850
0.572837
0.989073
0.972972
1.306085
0.996166
0.664911
0.630443
0.462632
0.991988
1.183783
1.466328
1.818495
1.156683
0.578713
0.935149
1.812088
0.413148
0.806344
1.584580
1.598670
0.838261
1.017199
1.510760
1.093983
0.974704
0.504422
1.702010
0.806202
0.779873
1.419993
0.764229
1.029617
0.708444
0.875894
1.414429
0.762375
1.346829
1.202918
1.272372
0.721465
1.624323
1.035111
0.442130
1.079024
1.756970
1.255414
1.327275
1.061158
1.390365
1.133489
1.894901
0.458433
0.860988
1.078466
1.318323
1.506156
0.903502
1.094655
2.033324
0.837607
1.107442
2.020392
0.797485
0.753281
0.816377
1.012782
0.733477
1.020996
0.940073
0.847262
2.068244
0.849611
1.416397
1.225552
0.925851
1.535078
0.558490
0.908990
0.960938
0.852479
1.041982
0.643102
0.942464
0.607150
0.697923
0.858287
0.334045
0.495758
0.641498
0.602557
1.169437
0.505864
0.619633
0.884240
0.752032
0.970926
1.061875
0.950736
0.966208
1.086158
0.805919
0.934649
1.064974
1.292031
0.854016
0.577157
1.312585
0.941606
1.008792
1.532123
1.205405
1.655576
0.964622
0.323808
0.988326
0.829222
0.348721
0.874494
1.279166
0.957197
1.030962
1.246436
0.831657
0.773200
1.445825
0.895296
1.524266
1.434489
1.835664
1.021809
1.145984
0.936096
1.573396
0.752277
0.882081
0.794211
1.086768
1.068715
0.510274
0.666578
1.508284
1.237849
0.910486
1.751193
0.758060
1.083918
1.537624
0.963413
1.332261
0.910791
1.032020
0.300334
1.145952
0.547928
0.583015
2.004195
1.251864
0.807771
0.858640
0.416662
1.064800
1.270629
0.670143
1.103013
1.228849
1.515801
1.550534
1.024062
2.259103
0.597341
0.600544
1.186355
1.324414
1.117528
1.212140
0.800080
1.066529
2.076299
1.164290
0.637673
0.805428
1.127773
0.637954
1.032004
0.740082
0.714180
1.122656
0.499409
1.115480
0.613882
0.424174
0.429420
1.274252
0.688624
1.836510
0.641319
1.827920
0.752168
0.867916
1.052546
0.793373
1.141129
0.778427
0.962240
1.136220
0.414673
1.082089
1.430354
0.658203
0.692020
1.116545
1.253351
0.812623
0.694397
2.125328
0.883766
1.652043
0.646021
1.360954
0.835295
0.922737
0.537661
2.145793
1.159720
0.429306
0.575516
1.501020
0.962584
1.107682
0.865673
0.692018
1.301892
0.514860
1.357457
0.668807
0.528414
0.605775
1.970607
1.404365
1.241060
0.537434
1.394372
0.779598
1.589577
0.984555
1.471166
1.021574
1.588330
0.403561
0.663370
0.872333
0.640696
1.157651
1.219254
0.785972
1.401469
0.714445
1.291947
0.882304
0.917622
0.926535
0.956737
0.743039
0.860609
0.369060
1.005180
1.377641
1.740154
1.342438
0.790804
0.969843
1.102045
0.818157
1.510611
0.987777
1.106237
0.574225
0.827019
1.739485
0.808771
1.243110
1.053166
0.576206
0.590361
1.074331
1.905468
1.056104
1.229776
0.669302
1.539320
1.537498
1.633403
2.210255
1.352759
1.785532
1.580804
0.855965
1.245989
1.041585
0.943841
1.970022
0.713066
1.787323
0.759400
0.881752
1.073639
0.865079
1.915493
1.140331
0.987133
1.301503
1.819950
0.839142
1.043099
1.655564
1.280216
0.398461
0.781133
0.858142
0.980771
1.012132
1.152133
1.127652
0.993897
0.719174
0.906684
0.553672
1.075942
1.146807
1.260862
1.339153
0.861228
1.345475
1.041588
1.375062
1.658238
0.872229
0.659294
0.581003
0.549956
0.837609
1.336637
1.075351
0.818377
1.445724
1.299672
0.922160
0.324987
0.926116
0.790607
1.178160
0.730747
1.558662
1.562695
0.794074
1.296151
1.164404
0.353359
2.092536
1.802593
1.292140
1.691929
0.631292
1.218851
0.747020
1.372999
1.499695
0.929096
1.067850
0.962282
0.821781
0.998178
0.752403
1.029396
1.363208
0.727439
1.227658
1.038205
1.747771
1.037552
1.041042
1.014205
1.004325
0.778332
1.385138
0.721536
0.684082
1.977526
1.446414
1.157643
1.342971
0.764242
0.678277
0.555034
0.978384
1.809897
0.672757
0.925153
1.067304
1.243831
0.661588
1.444906
1.000328
0.425206
1.494044
0.887444
1.259347
1.080805
1.169465
0.976924
0.766202
1.623476
0.926539
0.205038
1.057447
0.902786
1.434093
0.979572
0.473701
0.527800
0.901987
2.447482
1.566157
1.317029
0.477134
0.819755
0.876994
0.392972
0.695897
0.549869
0.412004
1.303751
1.385190
1.580938
0.841099
0.632600
1.444762
0.341271
0.668771
0.745187
1.285690
1.757042
0.403971
1.728110
0.830064
0.530984
2.334966
0.998629
0.220859
0.537883
1.123138
0.907116
0.622936
0.967952
0.384622
0.835425
0.866201
1.285027
1.373675
1.188532
1.627665
1.264149
1.309637
0.658940
1.124358
1.452185
1.719954
1.502765
1.310049
0.767861
0.670115
0.451756
1.278716
1.121047
1.619491
0.570037
0.983003
1.143221
0.951314
1.230188
0.469732
0.780384
1.854329
0.935178
1.001142
1.190128
0.692471
1.514894
1.963642
1.266722
0.598847
0.428051
1.497077
1.172829
0.820893
0.507865
1.341348
0.908200
0.830658
0.921552
0.223338
0.435082
1.265601
1.108039
0.712349
1.706720
0.517354
0.794931
1.038034
1.549896
1.446030
0.907365
0.547142
0.699419
0.181493
0.542359
1.783734
0.803377
0.871137
0.991149
0.759571
0.708989
1.397140
1.871249
1.484370
1.363717
1.628724
1.134530
0.893350
1.461333
0.934174
0.522773
0.907414
1.834753
1.563875
0.557441
1.637227
1.515044
0.776338
1.230648
1.643460
1.394448
0.639705
1.359754
1.745786
0.945733
1.717130
0.835300
0.838916
1.545486
1.137867
1.228087
1.579075
0.718379
1.643062
0.822184
1.302741
0.479643
0.993685
0.920846
0.704950
0.765236
0.374379
0.294640
1.206478
0.642772
0.639843
0.765817
1.055371
1.322038
1.252427
0.445097
1.630172
0.638257
1.647217
1.463319
0.261023
0.741880
1.254019
1.071985
0.755680
1.602281
0.205682
1.102853
0.303292
0.860392
0.631251
2.657667
1.144298
0.323851
1.668214
1.508804
1.152449
0.432769
0.899870
1.546589
0.961421
1.256500
0.642985
1.524259
1.185222
1.144079
0.746423
0.939467
0.761693
1.300254
1.218873
1.140319
1.087381
1.399097
0.862263
1.112879
0.947806
0.799187
1.332287
0.643055
0.624794
1.084009
1.457320
1.241589
0.512898
1.567020
1.330581
1.458791
1.253155
1.310642
0.661731
1.258549
1.662137
0.546499
1.048597
1.529406
1.823253
1.065865
1.003680
1.929182
0.868751
0.776765
0.159430
1.064942
0.387197
1.170865
0.785121
0.102820
0.684003
1.715915
0.810474
0.586668
1.375778
2.456976
0.870254
1.181740
0.646893
1.387646
1.105949
1.238478
1.041521
1.676080
0.708009
0.814215
0.887080
0.906261
0.740137
1.008104
1.478541
1.002571
0.650443
0.957473
1.167600
1.307414
0.699352
0.228762
1.040130
1.114831
1.282543
1.153710
0.854368
1.006411
1.428793
1.322139
0.538111
0.752290
1.673095
1.101791
0.400764
1.127239
0.973865
2.330976
1.519300
1.077144
1.258359
1.145198
0.816134
0.359574
1.048533
0.875644
1.024022
0.480089
0.615081
0.769597
0.491296
1.739333
1.428385
1.262291
1.363875
1.060944
0.476944
1.118447
1.111714
0.963755
0.744633
1.073926
0.511943
1.431158
1.417797
0.844216
0.686884
1.365605
1.301182
1.158598
0.544252
0.347369
1.081511
0.790488
0.812334
0.376420
0.336982
2.153330
0.967302
1.059559
1.249103
0.802186
0.418714
1.150106
1.160807
0.659259
0.932269
0.777914
1.609624
0.942779
1.385523
1.095966
0.804517
0.770878
1.486837
0.738764
1.048919
1.865593
0.442109
0.930180
1.363460
0.867387
0.438901
0.596315
1.273759
1.433052
0.691239
0.646283
0.762205
1.254421
1.085901
0.539273
1.653085
0.882877
1.929986
1.239994
1.185633
0.371952
0.328240
0.646529
0.279593
0.754765
0.532073
0.687106
1.086964
1.740878
1.438911
1.339712
0.986572
1.391888
1.428930
0.824315
0.969359
0.746498
1.341891
1.256028
1.255179
1.230865
1.080731
0.553101
1.804483
1.265625
0.661215
0.914145
0.650103
1.024907
1.638179
1.040379
1.170928
1.887204
1.083530
1.796207
0.748694
1.363236
1.220982
0.752162
0.842176
1.090907
0.865757
1.307131
0.403594
1.397943
1.370363
0.896225
0.734905
1.688100
1.594435
0.639909
1.311395
1.518363
1.669310
1.033205
0.806316
1.378745
0.398308
1.828316
1.750139
0.856311
1.405530
0.779039
1.678973
1.001118
0.801025
1.909478
1.158111
0.485171
0.757504
1.102059
0.868499
1.165413
0.739984
0.801870
0.219327
0.619456
1.261196
1.328102
0.690581
1.086340
1.293986
0.534043
1.077950
0.194997
0.503710
1.088903
1.149860
0.657046
0.589260
0.728108
1.099485
0.729585
1.165248
1.048017
1.480756
1.000622
1.651609
0.854634
1.270085
0.764252
1.614905
0.763887
1.395470
1.723295
0.825491
1.110957
1.327255
0.308091
0.911995
0.745064
2.116288
1.590766
0.910098
1.769079
0.774187
0.979819
1.614942
1.792832
0.606015
1.089470
0.918709
1.581282
0.451090
1.727697
1.530780
0.361056
2.273148
1.501296
1.169174
1.058452
1.945936
0.781262
0.555043
1.446724
0.381198
1.106526
0.591504
0.984810
1.131008
1.035988
0.385816
1.310496
0.764716
1.785360
1.270774
0.814854
1.206030
0.928402
0.497445
0.821232
0.762105
2.380104
0.656062
1.550454
2.405350
0.681981
0.938681
1.115390
1.361631
0.267743
0.752032
0.561820
1.610116
1.595262
0.722237
0.842105
1.482466
0.682121
0.795616
0.933493
1.478326
0.902224
0.590822
1.275919
1.551931
0.914762
1.360445
1.119745
0.780024
1.010812
1.602636
0.700042
1.363944
1.503082
0.967354
0.626447
0.363553
1.208754
0.979671
1.069256
0.753216
0.500371
1.367618
1.255572
1.250958
0.925579
1.218341
1.190554
1.960302
0.459027
0.813462
0.567562
0.622675
1.480566
1.028821
1.256106
1.564444
0.805870
1.236909
1.075003
0.953121
1.051890
0.787386
1.223440
0.880905
1.311472
0.886314
0.496721
0.834672
0.428860
0.818611
1.110609
0.427116
1.069266
0.848056
0.749074
0.832294
1.453479
1.031621
0.503731
0.859173
0.939945
2.692739
1.160684
0.986518
1.110555
1.447514
1.200861
1.527821
1.440320
1.718168
0.946960
0.670319
1.092360
1.369685
0.869965
0.438721
1.097004
0.754513
0.784068
1.457037
1.230488
0.813293
2.030463
1.120464
1.180037
1.024096
1.129551
1.149780
0.468952
1.604935
0.801859
1.117847
1.391848
1.217307
1.984541
1.114536
1.137651
0.989137
0.638757
1.835095
1.556846
1.571693
1.488005
1.317739
0.908333
1.068540
0.963650
0.686251
1.083853
1.188951
0.800322
0.882069
2.428482
0.602544
0.593024
1.293435
1.372589
0.421551
1.373752
0.527122
1.028095
1.632565
1.497782
0.491832
1.164581
0.350359
0.975861
0.668370
0.806367
0.982073
1.522485
0.737800
0.549053
0.128831
1.063868
1.910898
0.794957
0.583191
1.351148
0.722636
1.569053
1.041341
0.603941
1.596848
0.778720
0.630869
0.581416
0.701505
2.147440
1.000450
1.193897
0.505633
1.607916
0.884136
1.724311
1.251901
2.711896
1.176782
0.763775
0.934312
0.238258
1.071349
0.766318
0.490960
0.803597
1.598855
1.465189
1.348924
0.937908
1.855433
1.260490
0.966169
0.902902
1.046852
1.254017
0.808735
1.245599
0.527852
0.152622
1.582278
1.175953
0.916459
1.386619
0.995447
1.478553
1.117235
2.412364
1.344578
0.992832
0.296801
0.820782
0.791255
1.389997
0.749289
0.678273
1.419912
0.504067
1.153443
0.251247
1.315288
0.682788
0.702455
0.617674
1.032866
0.511694
1.001176
1.777127
0.703089
1.131729
0.508689
1.758518
0.781739
1.197828
1.377913
1.465233
1.534639
1.862650
1.043345
0.526770
1.705708
1.105081
0.604497
0.424514
1.639562
0.609508
1.623798
1.285700
0.827555
0.373594
1.010947
1.053271
0.501572
1.543961
0.715878
1.306806
1.501041
0.826267
0.077366
1.648353
0.479717
1.378698
0.330775
1.096877
1.153283
2.351148
0.903326
1.653919
1.002242
1.453938
0.979191
0.849022
0.389236
0.946729
1.470773
1.238193
0.294297
0.908628
1.116512
0.382277
0.820607
0.940330
1.106693
0.786013
0.881907
1.281612
1.505891
1.290814
0.587490
0.399264
1.413703
1.103712
0.995636
1.255079
1.586078
1.164260
1.658485
1.644408
1.536282
1.254989
1.513738
0.858841
0.979734
0.449066
0.946983
0.832362
1.919994
1.088643
0.512907
1.096924
1.545572
0.257544
0.779452
0.396565
0.280257
0.882753
0.669150
0.775186
1.419217
0.603710
1.089784
1.375017
1.283645
1.361582
2.056108
0.552653
0.763046
2.167384
1.006048
0.193121
0.346283
0.644734
1.449887
2.082485
0.529659
1.133316
0.644250
1.310784
0.522191
1.039594
0.819543
1.217878
1.087192
1.214278
0.698744
1.065446
0.839247
1.923195
1.092952
1.639281
0.636704
1.782804
0.765285
0.750707
0.691405
1.345667
1.034457
0.654923
1.602747
0.980349
0.576400
0.995880
2.143863
0.743191
1.119221
1.184651
1.017579
1.184607
2.143815
0.340737
1.891692
1.570128
0.492430
0.704990
1.389444
0.346571
1.317875
0.709106
1.463774
0.411446
1.496592
0.616705
0.745812
1.412248
1.023937
1.550612
0.163308
0.403340
0.724956
0.768950
1.253883
0.901698
1.634492
1.484084
0.594530
0.428424
0.826524
0.688371
1.576284
0.442554
1.084729
1.427534
0.789504
1.541646
0.858800
0.752349
2.032033
0.924807
0.690190
1.490656
0.769486
1.110524
0.944887
0.700619
1.636755
1.407790
2.132775
0.976588
0.393891
0.723949
1.457032
1.247127
1.214268
1.290798
1.409034
0.697933
1.474782
1.411401
1.224946
1.472414
1.499408
1.015841
0.869089
0.970050
1.219404
0.940820
0.624398
1.279548
1.358164
1.122211
1.487277
1.157260
1.440240
0.157928
1.967436
0.879393
1.882208
1.251988
0.556135
0.708739
0.954909
0.995756
0.496651
1.369082
1.136712
0.379499
1.117763
0.772071
0.770796
0.916668
1.252587
1.009789
0.148553
1.271020
1.619259
0.523192
1.641427
1.974189
1.732733
0.986176
1.457205
1.229910
1.423911
0.832311
1.680665
0.608286
1.079265
0.749423
0.640402
1.584073
1.017535
0.787678
0.710790
1.065608
1.707053
0.730306
0.874305
0.864438
0.945852
1.298065
1.002030
0.687986
0.569767
1.264479
0.679970
0.831933
1.533020
0.520632
0.922976
1.275383
1.048669
1.279102
0.732991
0.893572
0.966843
1.293486
1.702658
0.461291
0.737588
0.624350
1.613546
1.570060
1.635655
1.431772
0.945768
0.902634
1.004206
0.641719
0.670710
1.204907
1.776492
1.504477
0.571598
0.317220
1.903488
1.286222
1.478994
0.781640
1.478985
1.718474
1.608003
0.652493
1.228540
0.550174
0.385130
0.559125
0.982122
0.917618
1.346339
1.018055
0.362496
1.337565
1.264644
1.118902
0.923433
0.721654
1.489113
1.112459
1.496863
1.006908
1.139847
1.171381
1.336029
0.918434
1.341884
1.146015
0.493235
1.447616
0.734344
2.053986
0.351812
0.606295
1.321592
1.158449
1.434138
0.887149
1.102840
0.573788
0.476698
1.009526
0.610596
1.361075
1.893113
0.969919
2.307451
0.878860
0.986844
1.233693
0.689046
0.633306
1.163386
1.073018
1.389805
1.579647
0.502011
1.035714
1.780229
1.127603
1.556458
1.123981
0.723027
1.342238
1.171102
1.458102
1.625905
2.155359
1.672863
1.555905
1.685572
0.906558
0.489897
1.125939
0.630204
1.065033
0.850231
1.044844
0.746855
1.737399
1.256245
0.508712
1.448276
0.569742
0.706212
1.202294
0.753762
0.626215
0.503837
0.812130
0.557506
2.151063
1.307121
1.329758
1.077731
1.628958
0.614904
0.871132
1.552237
0.718858
1.135098
1.042774
0.910852
0.536170
0.913001
1.979708
1.292434
1.271943
1.166400
0.517020
1.735875
0.958909
1.129971
1.013091
0.963745
0.828140
1.143251
0.658177
1.753043
0.899494
1.359964
1.075144
1.217600
0.654234
0.408662
1.535441
0.911229
1.648307
1.627917
1.645506
0.803108
0.881434
1.618734
0.454471
1.359612
0.946650
0.921152
1.464164
0.826295
1.284431
0.735220
0.771865
0.780104
1.641147
0.982058
1.622932
1.022941
0.823496
1.088910
0.403809
1.313057
0.460201
0.320484
0.646820
1.261512
0.725116
0.677904
1.020008
1.335692
0.598611
0.689712
0.818613
1.395789
0.372344
0.896082
0.737259
0.835348
0.733917
0.764198
1.494545
0.681211
1.436202
1.059432
0.946797
0.617712
0.703818
1.363875
0.979054
1.113378
1.136093
0.357967
1.359316
1.095529
0.654404
1.030317
0.621187
2.217470
0.408857
1.017240
2.564107
1.035120
1.288133
0.585062
1.185388
0.439911
1.491285
0.656000
0.315396
1.096554
1.824922
0.529589
1.171957
0.535090
0.839454
0.570558
1.737938
1.014619
2.241777
1.465858
0.792887
1.059911
0.875165
1.117980
0.993364
1.732691
2.228650
0.666592
1.589399
0.864335
1.634080
0.807905
0.955048
0.923423
0.986364
1.121632
1.470580
1.396125
0.749264
1.030608
0.933277
0.708554
0.459709
0.784303
0.349735
0.993096
1.060268
2.728123
1.097936
1.453279
0.458076
1.346651
1.195399
0.825041
1.532329
0.432337
1.231419
0.883651
0.699372
1.197448
1.444996
0.473407
1.109906
1.615815
1.548516
0.473504
0.616973
0.616689
1.175269
0.767983
0.240513
0.775859
0.662994
1.279870
0.543091
0.525249
1.373068
0.985306
1.122509
1.931466
0.946505
0.933943
1.202011
1.508280
0.850255
1.388531
2.422917
0.913990
0.428296
0.512355
0.450884
0.502538
1.545745
0.523942
0.779587
1.267089
0.206072
0.971623
0.702839
1.344134
1.183251
2.025047
1.109000
1.332731
1.005789
0.326190
2.398537
0.989027
0.574162
0.818886
0.425844
0.547470
2.306979
0.771756
0.647243
1.197860
0.319387
0.690471
0.885451
1.463696
1.805073
0.901212
1.309822
1.689917
0.828887
1.740612
1.497607
1.094200
1.126336
0.802785
1.301677
0.896665
0.592022
0.731651
0.931066
0.923423
0.784612
0.730944
0.981468
0.507739
1.065334
1.557612
1.223875
0.703842
1.462407
0.787299
1.367484
1.087287
0.694202
0.782126
0.515035
1.254813
1.495651
1.868415
1.448235
0.421986
0.918848
0.639060
1.348041
1.764727
0.484776
1.057984
0.783584
0.944250
0.856339
1.040758
1.124445
1.774136
0.689056
1.337137
1.327660
0.930980
1.059436
2.119958
1.200138
0.916628
0.897823
0.652101
0.687007
1.237995
1.608775
0.490356
0.960724
0.343001
1.919485
1.318797
1.086809
1.425978
0.813001
1.021202
0.914799
1.739692
0.706793
0.546719
1.677361
1.177897
0.394199
0.610274
0.415287
1.040782
0.922381
1.667761
1.660233
0.599173
1.675867
1.282468
0.424857
0.778024
1.290007
1.202490
0.993825
1.373068
1.044866
0.282559
1.114345
0.765145
1.704077
0.955294
0.481583
1.080393
1.725813
1.971609
1.775083
1.045255
0.784465
1.481588
0.535157
1.419940
1.247624
1.361992
0.624148
1.192498
0.791935
0.468607
0.992530
1.312755
1.441279
0.692849
1.234173
0.711618
0.877858
1.424653
1.509281
1.373787
0.800809
0.414509
0.608973
0.944378
1.264522
1.078435
1.348359
1.051726
1.345746
1.317362
0.990667
1.911730
1.589296
0.874785
0.350004
0.688578
1.349946
1.264771
1.362371
0.621853
0.806727
0.699523
0.415147
0.732437
0.819396
0.723960
1.220877
1.427805
0.650452
0.548611
0.744332
1.182129
0.678438
1.405569
1.612525
0.818326
1.212119
1.155078
0.826431
1.376523
1.172766
1.108973
0.839375
1.166216
0.856048
1.418229
0.525953
0.877049
1.575221
1.734380
1.193504
0.706788
1.253563
1.127999
1.019519
1.347344
1.795885
1.629582
0.823721
0.873939
1.073282
1.302502
0.460714
0.494687
1.577081
1.088102
1.123547
1.508239
0.294054
1.227257
0.708916
2.043488
0.720749
0.368209
1.649819
1.155277
1.244858
1.569660
1.493383
0.835445
0.953772
0.888093
1.171176
0.993196
1.338099
1.010140
1.282033
1.596945
1.601017
0.818160
0.671195
0.647524
0.547060
1.344595
1.348877
0.568575
1.073629
1.467616
0.695922
0.766454
0.475867
1.071349
1.175903
0.477788
0.896898
0.529773
0.592747
0.845668
0.832384
1.383313
1.170536
1.595228
1.468699
0.656401
1.140759
0.736271
1.087979
0.943912
0.884670
1.124939
0.705063
0.995536
0.835887
1.335163
0.546192
0.699491
0.582225
0.626395
1.005321
0.959346
1.336293
1.452083
1.187846
1.223522
0.391516
0.854124
0.851006
1.914107
0.970027
1.049072
0.759437
1.216901
0.516414
0.882717
0.712982
0.271174
0.580141
1.270769
1.610060
1.814775
0.535102
0.777899
1.167909
0.413669
0.491156
1.644439
0.931284
1.121910
1.426700
0.950050
1.023402
0.857754
0.521654
0.924301
0.826705
0.843414
1.020396
0.634659
0.462181
0.929620
0.691613
0.915608
1.154200
1.102399
1.355011
0.406391
0.524007
0.722923
0.975539
1.445969
1.249732
1.182145
1.055824
0.519170
1.372183
0.791156
1.227832
1.193235
1.130048
1.424440
1.412830
1.993734
0.480999
1.474931
1.027347
1.005430
1.167046
2.056395
0.969900
1.376751
1.057911
1.091241
1.556126
2.024654
0.823239
1.016734
1.101318
1.061214
1.037918
1.649817
1.499283
0.546392
0.571698
1.454201
1.351751
1.148985
1.142817
0.927583
1.320043
1.281445
0.536040
0.786792
0.959560
1.295893
1.452881
1.471866
1.644541
1.614418
1.060403
1.212413
1.220616
1.440511
0.447971
1.354554
0.608102
0.871798
2.082265
0.859528
1.008951
1.193407
0.919077
0.948452
1.060293
0.943873
0.534110
1.851408
1.153568
0.639268
0.606521
0.766656
1.433881
0.981234
0.534912
1.663382
0.815233
0.819466
1.785671
0.930455
0.759183
0.973724
0.579769
1.687223
1.219586
0.867677
1.356482
0.858420
1.102261
0.933561
1.055490
0.861466
1.391770
0.780381
1.713891
1.271915
0.690736
0.762944
1.693343
1.187647
0.341312
1.304729
0.770267
1.273060
0.885077
0.661344
2.275675
0.950737
0.735239
1.606709
1.105419
0.352359
1.615166
0.418994
0.756110
0.843777
1.186142
1.307833
0.705177
0.919592
0.878316
0.845188
0.677734
0.566657
0.488495
1.228893
1.551184
0.723378
0.833751
1.066896
0.758771
1.245167
0.812737
0.521224
1.230037
1.162839
1.429152
1.469765
2.016903
0.865376
0.602305
1.620741
1.056339
0.769928
1.682936
0.607825
0.936995
1.171998
0.712474
0.445933
0.728705
1.839815
1.256665
1.735060
0.808319
0.847234
0.625950
1.044680
0.426341
1.577013
2.231943
0.727819
0.740878
1.029773
0.814991
0.659869
1.917303
0.504047
2.224981
2.076198
0.695064
1.404437
1.311556
0.943709
0.373567
0.444857
0.711978
0.559788
1.042822
0.754731
0.634610
1.020253
1.018773
1.208290
1.798335
0.552569
1.234226
1.064846
0.715238
1.056219
1.086166
1.460777
1.351119
1.023569
0.320435
0.814911
0.152779
0.412517
0.601166
2.325930
1.964513
0.473538
1.640860
0.484326
0.946761
1.415455
0.533123
1.478336
1.712743
0.991940
1.021459
0.692210
0.737593
1.115536
0.974506
0.671703
1.292412
0.960132
1.318350
1.679412
0.814671
0.787646
0.693047
0.870482
0.620070
1.088657
0.911584
0.657897
1.176985
0.451882
0.818366
0.729908
0.575915
1.267682
1.012771
0.829301
1.152006
0.731633
0.703907
1.413196
0.776403
0.989052
0.807808
0.580661
1.224578
1.984812
1.493004
0.977556
1.048488
0.361776
1.303276
1.207416
1.222795
0.787822
1.129107
1.073197
1.214738
0.650397
0.346658
0.802248
0.993003
1.029514
1.317776
0.942856
1.134279
0.679178
0.914881
0.556292
1.368337
0.728665
1.551380
0.882060
2.352818
1.255272
1.064132
0.245810
0.420253
0.829459
0.481739
0.854602
0.684093
1.264497
1.300561
0.732108
0.620456
0.713803
0.709880
1.481837
0.702058
0.968776
0.305441
0.962090
0.448405
0.718638
0.874960
0.664186
1.674730
0.917848
0.758235
0.445083
0.486503
1.455402
0.754741
1.239159
1.082183
1.787557
0.968850
0.629426
1.776953
1.563678
0.741647
0.479238
0.919163
1.292453
0.825691
0.605485
0.926432
1.082909
0.763343
0.740329
0.885454
0.963337
1.240805
1.548782
0.995092
1.431399
1.248526
1.097598
0.749372
0.687532
1.414929
0.805779
0.541831
1.706238
1.028056
1.091441
0.875397
0.619313
1.358069
0.566488
1.369821
0.793314
0.659289
1.529209
0.852316
1.148363
0.834825
0.645000
0.793242
0.632251
1.245410
1.153865
0.751258
0.632914
0.538262
0.933385
1.424429
0.655610
0.943698
1.397127
1.198809
2.539982
0.962901
2.197898
1.597638
0.727450
1.273329
1.363756
1.544535
1.081062
1.176738
0.987882
1.074014
0.474049
0.948436
1.281982
0.781566
0.848024
1.233244
1.233799
1.470821
1.091261
1.222558
1.673335
1.370954
0.940207
1.753281
1.061729
0.753558
0.814364
0.132934
0.595025
0.602020
1.904767
1.028653
0.534968
0.579687
1.524721
0.962939
0.141849
0.785931
0.535739
0.765043
1.092895
0.786668
1.283012
1.214446
0.991132
1.405697
0.836183
0.376305
0.568920
0.366765
0.433810
0.365927
0.321302
0.817559
0.990310
1.389034
0.582291
1.242341
0.513909
0.442652
1.081544
1.259290
0.788660
1.575594
1.024977
1.039263
1.017349
1.090563
0.854780
0.650439
0.658901
0.860676
0.342825
0.452787
1.303238
1.571254
0.820744
0.600875
0.488532
0.499890
0.799523
1.858478
1.282770
2.074242
1.718172
1.007237
1.674510
1.412239
0.312770
0.822613
1.063589
0.574593
1.224821
1.572218
0.614778
0.723171
1.077465
0.899840
0.882736
0.402066
2.169175
0.869803
0.826231
0.621291
0.731260
1.055194
1.067490
1.732520
1.257659
0.706320
1.455347
1.307475
0.938379
1.329375
0.918516
0.637255
0.589914
1.491675
1.500893
0.876702
1.178366
1.469457
1.365359
0.211213
0.457883
1.056495
2.085946
0.516152
1.717690
1.030686
0.780284
1.322013
1.028759
0.388198
0.476733
1.407799
0.520839
1.379966
0.845464
0.967522
1.181801
1.197653
1.230207
1.180876
1.096163
0.727981
0.994405
1.061229
1.360257
0.478029
0.697939
0.773103
1.022291
0.349271
1.538973
1.122694
1.316458
1.081465
1.113426
1.219089
0.128943
0.938268
1.535069
1.027904
1.260159
1.306492
1.193705
0.662260
0.804988
1.223170
0.251794
1.157353
0.847810
0.225034
0.501127
1.478790
0.949664
1.496224
0.530669
2.259858
1.532086
0.163937
0.665697
0.798416
1.497334
1.110836
1.735027
0.572725
0.839181
0.964546
1.419315
1.721880
0.849665
0.498238
1.211370
0.784728
1.089735
0.666024
1.694623
1.092898
1.586922
1.859936
1.229599
0.840474
1.041481
0.963860
1.068048
0.931764
1.294275
0.636782
1.155111
1.069501
0.889823
2.263308
1.252831
1.910669
1.080907
1.045320
1.049609
0.969358
1.132436
0.189616
0.716868
1.396632
1.683725
0.801985
1.657015
1.334899
1.070484
1.505401
1.039730
1.379714
1.370069
0.658439
2.217664
1.170698
1.094062
1.113941
1.724447
0.565635
0.921297
0.832700
1.814796
0.447910
0.784962
0.861314
1.412889
0.648731
0.778393
0.509569
0.318054
0.545767
0.813005
0.086228
0.862758
1.523570
2.162946
1.371422
0.944003
1.374079
1.281973
1.756855
0.955361
1.549500
0.615987
1.688640
0.755314
0.616025
0.954717
0.790988
1.859691
0.800396
1.276535
1.013192
1.707633
0.773988
1.153777
0.642060
0.627669
1.379982
0.715951
0.448601
1.611708
1.343919
0.671344
1.240073
0.401979
0.643848
1.683739
0.637772
0.607436
0.660256
0.225237
0.855626
0.948637
1.289960
1.257545
1.486081
1.284560
1.445503
1.066967
0.653699
0.839318
1.315150
0.815831
1.467912
0.525374
1.383536
1.275459
0.922891
1.308616
1.210529
1.223756
0.616168
1.041973
1.391187
0.684393
1.406252
0.355214
0.654477
1.487487
0.953667
1.590117
0.515243
1.431912
1.017798
2.084552
1.016202
0.605056
0.797459
1.139220
0.581234
1.698110
0.860996
1.246227
0.321079
1.617921
0.671466
1.238011
1.048198
1.927480
0.953574
0.855676
0.813123
1.640374
1.524563
0.937331
0.977404
0.461368
0.943186
0.662896
1.723581
0.593575
0.463841
2.242863
1.220051
0.872437
1.518743
0.804568
0.939487
0.673099
1.118647
0.407456
1.458644
1.513996
2.046559
1.691189
0.663672
0.614094
0.651724
1.841927
1.610466
0.778346
0.709889
1.105780
1.173106
1.266768
1.218973
1.015732
0.987699
0.865754
0.883699
0.923360
1.971890
0.644299
0.878781
1.040983
0.041310
0.733765
2.137322
0.888189
0.978099
0.852448
1.723304
0.802243
1.505874
0.870172
0.388740
0.736403
0.923805
1.377995
1.017131
0.859749
0.875538
1.140536
0.926731
1.040640
1.037715
1.152121
1.982840
1.940433
0.533754
1.496468
2.336471
1.082712
0.621045
1.203839
0.679533
0.978407
0.952471
0.748117
1.269246
1.331208
1.496109
1.125872
0.438658
0.415317
2.213090
0.868547
0.705308
0.768233
0.919007
0.768248
1.006479
2.018179
1.454966
1.545618
0.832049
0.552979
0.870646
1.803199
0.855509
1.609862
0.751622
0.801963
0.344601
1.591221
0.356252
1.301215
1.398600
1.215794
1.528719
0.277399
0.789368
1.291031
0.521096
1.094334
1.373361
0.734782
1.536437
1.221365
1.148761
0.993487
1.636277
0.610199
1.028673
0.971188
0.931675
0.477981
1.229736
0.360862
1.310264
1.454084
1.117053
1.058959
2.247931
1.609550
1.273881
0.991806
1.277537
0.959829
1.681351
0.430843
1.166337
0.898285
0.705231
1.477086
0.648224
0.826808
1.124194
0.739817
0.318226
1.269979
0.341398
0.545902
0.448566
1.011159
1.531856
0.917303
1.490800
1.270207
0.326065
1.600864
1.653612
1.339521
1.473615
0.829975
1.202675
1.026154
0.826366
0.166638
0.694339
1.161413
1.681732
1.353032
1.176271
1.133850
2.319319
0.530182
0.495172
1.952787
0.716167
1.246885
1.030219
1.005216
1.813425
1.143359
0.819399
1.213609
1.202000
1.070246
1.010700
0.901550
0.569427
0.819246
1.308187
0.393484
1.135716
1.037952
0.312876
1.480235
1.489287
1.460456
1.082690
0.955217
0.542836
0.794118
0.849236
0.930771
0.423252
0.849385
1.180680
1.183282
1.575569
1.033209
0.702921
1.965313
0.635668
0.352907
0.753532
0.588546
1.835189
1.064665
0.836976
1.226960
0.431315
0.766383
1.560382
0.820445
1.178852
1.185001
0.800450
1.500996
0.139986
0.835199
0.442992
0.777257
0.915801
1.212294
1.442400
0.729555
0.554136
1.313937
1.388979
1.136370
1.265107
1.510729
1.500182
0.723751
0.746869
0.917528
0.788193
0.681138
1.061434
0.511881
1.442211
1.813922
1.450201
1.271136
1.043221
1.519282
0.961948
1.105941
0.670049
0.975331
1.208453
1.031187
1.286030
0.977532
0.985589
1.107602
0.696221
2.104487
1.021179
0.460923
1.250142
1.835628
1.686711
1.490594
1.515792
1.153214
1.113222
0.958964
0.961297
1.108287
0.937734
0.917217
1.438965
2.085191
0.648219
0.667604
1.897574
0.581179
0.965715
1.071923
1.745317
1.031115
1.724154
0.848212
0.451457
0.458065
0.779956
2.025715
1.509585
1.198440
0.635488
1.575679
0.821773
0.462915
0.976493
2.229461
1.274725
1.296202
1.345082
1.484221
1.435026
1.143658
0.923308
1.350289
1.327958
2.039584
0.742792
1.411577
0.276128
1.183076
1.666451
1.059177
1.033531
0.815270
0.419970
1.876712
1.876506
1.961052
0.633365
1.080237
1.094316
1.293381
0.538061
0.783018
0.467463
0.700533
1.020820
0.822691
1.106911
0.974607
1.422035
0.959708
0.942548
1.202993
1.506011
0.973255
0.278468
0.808590
0.411979
0.940749
1.522847
1.578153
1.453895
1.373630
1.048821
0.405511
0.249771
1.599668
1.690978
0.729817
0.530923
1.165639
1.220420
0.891287
0.939628
0.569566
0.842288
1.348135
0.482094
1.089179
1.164677
1.457851
1.594291
0.793020
2.574549
0.804955
1.394455
0.875324
1.040929
1.516313
2.048933
1.027193
1.164364
0.851165
1.463656
1.258118
0.867993
0.566063
1.197780
0.781733
1.712651
1.166084
1.677579
0.710846
0.474185
1.098343
0.404314
0.645994
0.185050
1.611048
1.077387
0.377586
1.138973
1.047146
1.389054
1.510386
0.795372
1.515329
1.008037
0.540904
1.842156
0.832546
0.680580
0.900308
1.558744
1.169012
1.118007
1.989418
0.577891
0.858975
1.705738
1.198829
0.827418
0.957256
1.286545
1.050581
0.604333
0.997384
0.969356
0.861368
1.695196
0.830259
0.836182
1.537874
0.929966
1.346325
1.663137
1.186037
0.954863
1.299645
0.820315
1.993054
0.868194
1.357389
1.890140
1.501188
1.156134
1.475731
1.568382
0.529298
0.962968
1.578485
1.150079
0.919404
1.771273
0.797142
0.622459
0.737172
0.856362
1.265224
0.561285
1.104894
0.341553
1.438721
1.750279
0.982667
1.517923
0.747849
0.453201
0.573074
1.602857
1.371834
1.086780
0.864086
1.094182
0.944268
1.208440
0.441617
1.327534
1.052902
1.422333
0.857805
1.311355
1.404101
0.359851
1.565395
0.749247
1.994277
1.341973
0.476945
1.006069
1.279057
1.451219
1.169613
0.152337
0.618937
0.635539
0.794058
1.391736
1.744008
1.473334
0.481671
1.000940
2.094230
1.722978
0.620607
0.692727
0.431450
0.627755
1.103938
0.202138
1.003923
0.878411
1.159438
0.956586
1.068116
1.001492
1.460565
1.995783
1.686109
1.297860
0.720150
0.675595
0.807502
0.922717
0.560332
1.472033
1.446038
1.285370
1.522771
2.453702
1.001159
1.365291
1.158754
0.995585
1.250477
1.854432
0.815490
1.750605
0.351491
0.981515
1.509029
0.275279
1.322294
1.531579
1.214051
2.136184
1.667425
0.645074
1.277420
0.635593
0.198776
0.845742
1.411226
1.188896
0.462465
0.833915
0.740540
1.382670
0.711418
0.918103
0.930829
1.284182
1.266297
1.080912
1.045496
1.216736
1.534567
1.438149
0.798073
1.055797
1.410052
1.351827
0.856472
1.504449
1.632233
0.923800
1.323298
0.872577
1.238301
0.696508
1.023448
1.306183
0.611187
1.524232
1.316290
0.419053
0.633062
0.959022
1.099152
0.585204
0.703469
0.729550
1.524588
1.047081
0.983226
0.827289
0.477732
1.462073
0.765782
1.110365
0.816191
1.390746
1.487206
0.619092
1.156542
1.059430
0.683131
0.952002
1.098313
1.000812
1.305905
1.211102
1.685865
1.050409
1.353929
1.208598
1.035768
0.550878
0.396577
1.219683
1.009273
1.134324
0.960844
1.187653
1.493396
1.287339
1.418876
1.129073
0.453772
0.786257
1.356261
1.223448
1.544604
1.032793
1.063223
1.404078
1.056815
0.999383
0.495479
0.786946
1.410076
0.732419
0.852603
1.907553
1.352036
1.500525
0.776800
1.831744
0.891843
1.249796
0.838639
2.000233
1.397261
1.401548
0.582360
1.080285
1.000064
1.409214
1.788452
0.442251
1.256689
1.190654
0.632655
1.046791
0.770957
0.656493
1.825863
1.518004
0.935695
1.414558
0.417376
1.541114
0.960293
1.085612
1.499942
0.514681
0.361382
0.952256
1.389000
1.224238
0.551484
1.075585
0.894824
1.274947
1.482681
0.746844
0.742905
0.783769
1.086052
0.841607
0.824139
0.561603
1.863466
1.940740
0.873949
1.299610
0.639374
1.167632
0.492700
0.668236
1.448807
1.071236
0.873067
0.707433
1.296187
2.270546
1.407942
1.706400
0.599195
1.517555
0.574473
1.704600
0.484420
0.736340
0.651868
0.477553
0.747802
0.954447
1.570467
0.375962
0.874886
0.963955
0.927807
1.162217
1.377643
0.902481
0.808882
1.729667
1.285495
0.698057
0.999376
1.628555
2.208956
1.310238
1.081038
0.932566
0.787577
0.921123
1.245827
1.242113
1.034093
1.159297
1.535629
0.878353
1.132667
1.362793
0.806611
0.414404
0.917306
1.435720
1.395782
0.970328
1.167167
1.548455
1.690830
0.694097
2.645754
0.850616
0.963074
0.844107
1.731125
0.942608
1.055065
1.243041
1.211377
0.935549
1.352127
0.611847
1.696066
1.048150
0.918070
1.125944
0.583669
0.938238
0.510902
1.293834
1.260574
0.644240
0.982951
0.861365
1.344368
0.637602
0.877624
1.387825
1.024392
0.534170
0.620210
0.437268
0.706491
1.320921
1.412763
0.838748
1.649008
0.766652
1.547607
1.775550
1.355026
0.660728
0.960168
0.911845
0.914133
0.713918
1.495739
2.090936
0.956578
1.278646
1.171255
0.313220
0.694030
0.798270
1.246914
1.169323
0.456101
0.161917
0.369454
0.970155
2.047530
0.697351
1.194863
0.548345
1.072744
0.918167
1.192755
1.304162
1.124583
2.047136
1.064692
0.739506
0.641230
1.484607
1.029421
1.012287
2.167381
0.905038
1.696041
1.144520
2.197635
0.970338
1.733656
0.656463
1.394111
1.023374
0.888483
0.360852
1.160347
0.595008
1.162523
1.464002
1.418660
0.475863
1.172905
0.695073
0.556878
0.981710
1.407133
0.564302
1.248974
0.778740
0.378304
1.158604
0.938708
0.863724
1.121285
1.425210
1.113401
0.431119
1.046865
0.361299
1.244173
0.481761
2.385521
1.335765
0.934240
0.927702
0.251932
0.903490
0.642058
0.511215
0.951088
1.065627
1.150129
0.941713
1.039616
0.284856
0.996605
1.282306
0.886628
0.746575
0.524301
0.722462
1.497813
1.770377
0.754698
0.962938
0.517494
1.441727
0.713846
1.042583
1.541330
1.141584
0.997436
0.642664
0.650445
1.161211
0.520220
1.135246
0.972697
1.653083
1.414758
0.448176
1.296711
1.316643
1.302776
1.457012
1.357461
0.232866
1.258804
0.698403
1.586885
1.346729
1.638579
1.305074
0.822019
1.054070
0.563762
0.515146
1.374316
0.874643
0.627289
1.676675
1.669404
0.884304
0.275445
0.722015
1.520701
0.290415
1.516455
1.339982
1.088123
0.418866
1.370311
0.784918
0.397312
1.029659
1.426265
2.244954
0.969620
1.437758
1.671908
0.962505
1.630909
0.767414
1.017912
0.750211
2.133370
0.683553
1.374123
0.975470
0.254675
1.298247
1.512565
0.571181
0.523410
1.309289
1.653988
2.075732
1.018016
1.838686
1.135182
1.643773
1.291721
1.244529
1.041169
2.472109
0.839634
1.284134
1.478522
1.500653
1.608344
1.279912
0.760412
0.821079
0.644924
1.459393
0.779931
0.929195
1.322285
0.688290
1.437598
0.127268
1.208839
0.783213
0.660883
0.207977
0.661672
1.029688
1.059665
1.500105
1.287064
1.073994
0.554278
1.537348
1.253165
1.133399
0.508526
1.290760
0.803794
1.139736
1.391982
1.508805
1.412042
0.592719
1.249799
0.754583
1.283874
1.005571
1.324828
0.656778
0.997615
1.688761
1.309388
0.860542
1.125241
0.695059
0.114133
1.407699
1.015481
0.399813
1.709028
0.903423
0.970647
0.729415
1.412516
0.922081
0.849014
1.312143
0.772896
1.512779
0.826519
1.280890
0.562798
1.211438
1.637376
0.818503
0.905804
1.329549
0.883543
1.106380
0.551946
0.903782
0.903586
1.658116
1.214781
1.332532
1.098850
1.039286
1.263543
1.448329
1.043637
0.556554
0.507514
1.355549
0.705262
1.104865
1.429438
1.202391
1.320056
0.666110
0.848153
0.943739
1.299471
1.810604
0.331299
0.471693
0.904060
1.413951
0.694962
1.363949
0.967518
1.752554
2.704716
0.501425
1.574920
1.146587
1.221503
1.811208
0.651092
1.281531
1.235489
1.967381
1.327299
1.470389
1.017172
1.192952
1.445659
0.927704
0.476011
1.558892
0.879328
1.801127
0.962102
1.472319
1.288555
1.016245
0.957237
0.698153
1.117072
2.139049
1.228259
1.406995
1.020317
1.372895
0.320926
0.851439
0.691633
0.904872
1.294576
0.850928
1.251283
1.246138
1.107769
0.928540
0.837318
0.676264
0.429593
0.645698
1.156298
1.208147
0.775100
0.521500
0.686865
0.832555
0.588250
1.053074
1.392308
1.324243
1.292908
1.346667
1.436823
1.599869
0.566382
1.272428
0.983126
0.689915
1.063559
1.143665
0.802716
2.041191
1.007832
0.837329
0.635138
1.497013
1.274460
1.129461
1.585539
0.422371
1.232281
1.164391
0.923564
1.687600
1.852220
0.731583
0.695378
0.472329
0.579778
1.732709
1.017136
0.757521
1.003482
0.417286
1.710690
1.843961
0.203589
1.329065
1.647317
1.706805
0.710106
0.978356
0.601787
0.786867
1.369205
1.212656
1.280591
1.824384
1.168874
1.107132
1.357661
0.832948
0.863330
0.747411
1.666528
1.214567
0.948050
1.544041
1.696347
0.741885
1.486941
0.642105
1.028110
0.773139
1.447104
0.928630
0.843986
0.975495
0.820680
1.563041
1.067985
0.411285
0.894395
0.463029
1.107462
0.690731
1.183728
1.419329
0.654543
0.427504
0.793114
1.131635
0.643048
1.152313
1.492488
1.258836
0.587987
1.638562
1.692659
0.595639
1.092580
0.568920
1.351639
1.114808
0.971221
1.183811
0.922297
1.860385
0.919935
1.170337
1.149085
2.700096
0.871568
0.779528
1.013276
0.408397
0.890964
0.813576
1.010070
0.924404
0.945577
1.266979
1.543298
1.264370
0.784009
0.872536
0.890466
0.622139
0.879231
1.536939
1.080267
0.823065
0.427439
1.220292
1.223126
1.623380
2.084012
0.838633
0.884669
0.828031
0.919520
1.642934
0.929625
0.938320
1.042172
0.722463
1.110461
0.480199
1.328415
1.383564
1.364716
1.575813
1.269115
2.316420
2.050228
0.942339
1.449297
1.090427
0.972122
0.940098
1.210174
1.725653
1.685942
0.895117
0.771877
1.704118
1.062641
1.783743
1.873600
1.030989
1.208723
0.937314
1.485572
0.885233
1.080112
0.802341
1.204472
1.948241
1.247774
0.713540
1.008949
0.453474
0.362815
1.217375
0.274418
1.486669
1.264459
1.045938
0.678657
0.843345
0.883051
0.622618
1.051375
1.099277
1.051828
0.752581
0.693224
0.873529
1.376369
0.456641
0.737188
0.485648
1.339419
1.182414
0.680348
0.184645
1.357081
1.551047
1.929871
1.032813
0.498999
0.547265
1.264700
0.336672
0.883408
1.064438
1.169060
0.278883
1.264806
1.303025
1.613815
0.348578
0.590096
0.883469
1.132762
0.418727
1.746473
1.251917
0.376544
1.955321
1.281800
1.144717
1.401656
0.718269
1.891855
1.670971
0.602183
0.960787
0.903408
0.672290
0.475950
1.231897
0.432465
0.797517
1.172911
1.221379
1.709281
0.695909
1.016013
1.573779
1.541870
0.387823
1.224695
1.040338
1.343867
1.165673
1.128524
1.062244
0.903593
0.394191
1.817245
1.289191
0.907357
1.043891
1.442849
0.561533
1.511502
1.325561
0.664707
0.313162
0.960677
1.251002
1.008901
0.638316
1.448195
0.721187
0.491729
0.931689
0.671064
1.523559
1.464492
0.682908
1.905062
0.964772
0.666755
1.010853
0.683867
2.052833
1.553316
0.785704
1.540691
1.083634
1.497325
0.798079
1.883582
1.039245
0.230024
0.831232
1.227853
0.482980
0.993576
0.869155
0.788931
2.258756
0.847804
0.476333
0.803646
1.665155
1.200299
0.707408
0.510849
0.496937
1.301392
0.378861
0.365536
1.576435
0.675203
1.629856
1.152433
0.621226
0.296077
1.529287
0.775887
2.068129
1.227283
1.385140
1.915617
0.543339
0.622961
1.088259
1.067596
0.504355
0.645161
0.802060
0.571614
0.487734
0.763248
0.494166
0.383003
1.160457
0.278544
1.537592
0.312714
1.332657
1.830234
0.946441
0.491956
1.446390
1.374630
0.797647
0.720499
1.029864
0.415921
0.338355
1.500714
0.968662
1.113678
1.066201
1.415710
1.150720
1.913508
1.132364
1.467298
0.600123
0.399120
0.706164
1.432676
2.643805
0.669101
0.306618
0.980240
1.334156
0.553831
1.375976
1.380478
0.700423
1.432925
0.532918
0.289013
0.887678
0.866161
0.889630
1.270780
1.222353
0.625710
2.020165
0.928921
0.983985
1.138963
0.418341
0.213715
0.779551
1.247454
0.891924
1.099979
2.299785
0.477287
0.431630
1.327972
1.443237
0.852268
2.258026
0.999208
1.463553
0.985313
0.725075
1.673583
1.003027
0.901751
0.267109
1.154903
0.365868
1.057805
0.624758
1.285013
0.711669
1.864854
0.629757
0.904575
0.817084
1.043518
1.482952
1.003958
0.863643
1.494458
0.990188
1.629565
1.276547
0.615327
0.921134
1.815428
1.418340
1.009861
0.858195
1.067013
1.161569
0.605628
1.617088
0.750228
1.769317
1.342568
0.586008
1.190690
1.211293
0.593354
1.239197
1.141867
0.796922
1.095179
1.589312
0.579571
1.061342
0.680256
0.559824
1.465757
0.644453
1.660520
1.423595
0.498944
0.341015
1.432637
1.023202
1.002085
0.718875
1.035967
1.807400
1.655091
1.301767
1.078751
1.095878
1.242100
1.428175
0.815726
0.589269
1.323885
1.178995
1.566359
0.432447
1.243894
0.621738
1.124352
1.910268
1.486216
0.976322
2.156706
0.243732
0.839325
1.864766
0.712228
1.061439
0.587411
1.776554
0.453145
0.751394
0.636291
1.130559
1.362925
0.894888
1.469531
1.237687
1.457971
1.019394
0.388272
1.291333
1.129847
0.846646
1.366639
2.028451
0.662689
1.769128
0.742989
0.887829
0.268690
0.660647
0.955533
1.334740
0.907073
0.949224
1.530985
1.060593
0.254765
1.785806
0.510909
0.957639
1.311457
1.889477
0.413521
1.692695
1.370506
0.868126
0.388830
0.843253
0.780418
1.048772
0.748484
1.862981
0.443880
0.724315
1.600089
1.030191
1.493344
0.628608
1.423443
1.213837
0.725716
0.556124
1.115748
1.250752
1.530760
0.587475
1.538329
2.089652
0.387532
1.568280
1.470856
0.916115
1.342187
1.248933
1.392622
1.178897
1.262975
1.183240
1.101318
1.129682
0.824455
1.308063
1.634430
1.405125
1.283672
1.345443
1.548840
0.975960
2.056785
1.360207
1.166684
0.656974
0.443305
0.121225
0.352062
0.562561
1.097516
1.861674
0.299551
1.316610
1.333749
1.541524
0.739460
0.978444
0.810403
2.356643
1.148012
0.772058
1.194671
0.915851
0.687092
1.075133
1.756498
0.886582
0.823183
0.964442
1.236270
0.827347
0.634538
1.214886
1.519506
0.947898
1.370637
0.776131
0.777951
1.063782
1.782551
0.608508
0.431456
0.523583
1.016503
1.597286
1.068075
0.410606
1.419605
1.486703
0.915634
0.992399
0.506386
1.584037
1.042904
0.878339
0.602709
1.033417
1.351156
1.060756
0.936997
1.661718
1.139252
1.624367
0.436940
1.335894
1.472962
0.539582
0.356926
0.433395
1.601136
0.947765
1.635722
1.779417
0.656707
1.649352
1.029138
1.074783
1.931610
1.686545
0.978342
0.521559
1.146760
0.746143
1.637373
0.650744
0.925048
0.861324
0.268001
0.832152
0.853809
1.444106
0.932781
1.253163
1.677382
1.740685
1.320874
0.774024
0.628027
1.227865
1.916949
1.553094
0.823119
1.175245
0.983639
0.890056
2.177048
1.244075
0.711782
1.630919
1.232631
1.386347
1.031996
1.831581
0.585147
0.960704
1.076291
1.327534
0.510921
1.358701
1.764592
1.298667
2.445267
1.325245
1.187783
1.589294
1.243860
1.254317
1.343832
0.623770
0.981345
0.701343
1.028793
0.634944
0.967232
0.771559
0.704069
2.019639
0.582652
1.581948
1.048270
0.832586
0.488801
1.329084
0.986738
0.690359
1.302160
0.876447
0.478527
1.319190
1.064286
0.656692
0.691791
0.094477
1.260195
1.177018
0.680809
1.311375
1.173723
1.253683
0.861096
1.022535
0.981165
1.212482
0.854643
0.691858
1.224240
1.179922
0.982514
0.994952
1.342103
0.941155
1.314950
0.758513
0.250698
1.158768
1.422973
1.127809
0.922443
1.442713
0.679018
1.171238
0.884977
0.527719
0.545632
1.094290
0.843342
0.965743
1.409818
0.790643
0.637354
1.362709
1.422648
0.802493
1.430539
1.386727
0.219474
1.631825
0.459493
1.680197
1.041084
0.983938
0.764099
1.651490
0.926531
0.950305
0.548388
0.861534
1.116155
0.320221
0.729354
0.995074
0.759886
1.767593
0.890937
1.137744
0.825274
1.146619
1.153131
