1.754921
0.606140
1.799014
1.465664
0.631202
1.424628
0.762123
0.930354
1.491273
1.373571
0.853685
1.369642
1.874522
0.673540
1.095739
0.947130
0.430968
2.618361
0.826718
0.564047
0.249472
2.215732
0.327934
0.729449
1.710909
1.383586
1.450565
0.530620
0.698492
1.496805
1.929899
1.100073
0.682970
0.912920
1.672416
1.729648
0.391557
0.929875
0.712574
0.410309
1.060838
1.239934
1.837458
1.362025
1.680907
0.929548
1.068939
1.624675
0.833748
2.352959
1.757504
0.780778
1.666357
0.912149
1.270660
0.214087
0.857039
1.069311
1.016805
0.636558
0.999682
0.725004
1.272593
1.249865
1.526924
1.317585
1.233547
1.142462
1.079137
1.577924
2.454875
0.883464
0.692854
1.661266
0.798456
0.687233
0.988806
1.223424
0.548496
0.945285
0.878007
0.804503
0.975548
1.608709
1.062999
0.528618
1.144195
1.579614
1.045228
1.217031
0.644145
1.570525
1.827839
1.308120
0.880276
0.949276
1.377637
0.974504
0.871520
1.168593
0.676771
0.801843
1.406808
1.471239
0.948871
0.793511
1.781900
1.538639
0.424050
0.658345
1.131178
1.162762
0.714665
0.744496
0.842150
2.369509
1.253786
0.498789
1.228606
2.237814
0.244950
1.205156
1.162476
1.174828
1.514963
0.580379
1.670226
0.473948
0.761979
1.829107
1.224735
1.183061
0.776909
0.836132
0.779607
0.956767
1.207462
0.976323
0.906959
0.629299
0.668442
1.564994
0.884810
1.209252
0.807155
1.031735
0.299641
1.079281
1.210385
2.021405
1.556332
1.035691
1.240130
1.535535
1.161745
0.451851
0.556678
0.760419
0.858022
1.709537
0.850981
1.547756
1.820220
1.001472
0.395204
1.147685
2.231112
0.883246
0.753297
1.311491
1.263026
0.687817
2.261049
1.080470
1.708390
0.778178
1.730581
0.578892
0.358739
1.461822
1.752350
0.207574
1.369542
0.613701
2.440681
0.553801
2.700033
0.997696
1.232588
0.605223
0.746955
1.520064
0.983841
1.205641
1.830616
1.589803
0.202164
0.748139
2.162088
0.582010
0.844072
1.029515
0.568663
0.340612
0.872039
0.938837
2.043574
1.750544
1.461015
0.769537
1.658598
1.312702
0.721180
1.841497
0.682727
1.696952
0.836172
1.083612
0.574578
0.749949
1.502785
0.967578
0.990905
1.414195
0.737775
1.368378
0.999807
0.774455
0.941198
0.786227
1.623957
1.687093
0.898353
1.056417
0.460629
1.727679
1.210699
1.829417
0.467992
0.748670
0.748739
1.246390
0.460427
1.443490
0.881591
0.318569
0.132433
0.699614
1.225367
1.147681
1.366430
0.426230
1.620385
1.451213
1.359321
0.682256
1.814878
0.647385
2.271173
1.156831
1.287329
0.924299
0.801189
1.358535
0.997674
1.405187
1.152520
1.015078
1.147003
0.511300
0.626601
1.955855
1.124669
0.994127
1.190742
1.560430
1.144836
0.967844
0.959412
0.602317
1.940211
0.986411
1.105987
1.334100
1.809403
1.600998
0.810870
1.511964
1.184053
1.343470
1.998540
1.056721
1.706988
0.662736
1.057908
0.627940
1.279578
1.107268
0.707312
0.932708
1.572205
1.495413
0.468299
2.017910
1.304864
1.211656
1.505221
1.084950
0.748825
0.304406
1.335314
0.889121
1.417013
0.850712
1.160845
0.659562
0.953102
1.077828
0.727673
1.895949
1.563065
0.516008
1.344009
0.522732
1.510463
1.634368
0.635686
1.609049
0.742696
0.541865
0.726619
0.336650
2.674844
0.914560
0.571640
1.628709
0.547565
1.350852
0.910239
0.390965
1.316601
1.020990
1.666491
1.218880
0.784671
0.503501
0.923425
1.432340
0.390726
1.138007
1.405165
0.898397
0.284316
0.572319
1.908693
1.331731
1.366181
0.350584
0.770536
0.435057
2.005543
2.022552
1.893678
1.468528
0.756817
1.589835
0.605456
0.982893
1.125948
1.251843
2.014225
1.542647
0.984739
1.165850
1.591955
0.588527
1.392549
0.560223
0.684497
1.814658
1.091784
1.439666
1.714773
0.689458
1.603758
0.654790
2.510980
0.870448
1.006690
0.945438
0.434793
1.205855
1.023460
0.188608
0.462557
0.484396
1.965608
0.743467
0.994529
1.174082
0.936648
1.321766
0.447464
0.982051
0.788890
1.448683
0.942929
1.076432
1.701601
1.276781
1.769203
0.947501
1.523495
0.319334
0.364680
1.314017
1.317865
2.519760
1.018083
0.429149
1.123583
1.298747
1.001438
0.871865
1.372330
0.697682
2.093118
0.656954
0.821992
0.674642
1.338044
0.461607
0.446247
0.776507
1.052173
1.111983
1.303469
0.430434
0.771231
0.748500
0.763945
0.761288
1.242566
0.488911
1.801323
1.836466
0.867821
0.793019
1.289871
2.186669
1.209659
0.701001
1.036944
2.278053
0.780938
0.523922
0.995015
1.700885
0.537513
1.260460
0.789342
1.199604
0.989593
0.570255
1.129225
1.029543
0.494767
1.296622
0.970750
0.643072
1.611779
1.978986
0.687018
1.740067
1.071756
0.638760
0.940815
1.764464
1.992055
1.331020
0.813945
1.259642
0.584790
1.068233
2.052691
0.993103
0.552960
0.949158
1.110789
0.269366
1.661415
1.062480
1.043809
1.143285
0.921378
1.849537
1.594667
0.690986
1.984970
2.097407
1.311035
0.555973
1.196036
1.433788
1.704566
1.704159
0.856826
1.201813
1.126418
1.192648
0.988778
1.606157
1.067839
2.681570
0.793461
1.749819
1.397286
1.308153
1.640071
1.354512
1.009176
0.859259
1.470330
0.570080
0.888701
1.268139
0.993947
0.817004
1.997798
0.830514
0.865393
0.572567
1.840683
1.151668
1.175465
0.591813
1.643153
1.170547
1.566120
1.041648
1.354631
0.556298
0.877843
1.323269
1.643766
1.807536
1.708198
1.512452
0.592044
0.582123
0.734123
1.030484
1.758472
1.753423
1.804487
1.249681
0.838199
2.316474
0.988829
1.421011
0.937187
0.786286
2.223037
1.680603
0.319504
1.629241
0.283462
1.570812
0.855800
0.692745
0.861127
0.628033
1.896790
1.227161
0.973517
0.820542
1.532961
0.819259
1.987281
1.529762
0.758006
0.740313
1.186496
0.880808
1.561422
1.166279
2.415268
2.456757
1.437243
0.670161
1.039540
1.245145
0.789230
0.623234
0.694477
0.675558
1.067898
0.511405
0.975558
0.638891
0.824480
1.080754
1.690879
1.280405
0.643511
0.985458
1.193558
0.514262
1.073998
0.712153
0.940264
0.552426
1.003438
2.127135
0.959710
0.940961
1.202506
0.698363
1.030667
1.828566
1.497085
1.001685
1.664087
0.893081
1.460908
0.838026
1.041812
2.327151
0.378219
1.394082
1.747083
0.484571
1.015806
0.959145
0.731455
1.337967
1.109136
0.757361
1.281078
0.705382
1.537330
0.229287
0.748745
1.678289
1.457152
1.375491
0.247444
1.073804
1.137280
1.546080
1.718218
2.182939
1.286705
0.506885
1.712245
1.282884
2.059359
1.042998
1.770464
0.871251
0.214033
1.525253
1.899471
0.660129
0.866059
1.589816
0.908498
0.516638
1.548743
1.995408
1.016272
1.367032
1.110511
1.615316
1.430211
0.356632
0.405990
1.930341
0.835147
1.042390
1.283384
0.768183
0.743473
0.580258
1.242309
1.139419
1.300532
0.748068
1.327803
0.782845
0.485441
0.784223
1.325483
2.348501
0.894190
0.637715
1.125154
0.942956
0.512140
0.872150
0.929940
1.460255
0.568544
0.583776
1.025067
0.722428
1.052763
1.226103
0.456261
0.912120
1.719302
0.824500
1.738536
0.912213
0.458078
0.902329
0.664219
0.928964
1.011246
1.736141
1.055947
1.076514
0.968771
1.326614
1.240910
1.140583
1.219200
0.954741
1.484518
1.211046
1.544301
1.097933
1.511110
0.536624
1.223410
0.607279
0.774373
0.725401
1.405902
1.727058
1.643508
1.394440
1.075556
1.639760
1.699451
1.465465
0.655947
0.733245
0.788931
1.306012
0.935641
1.319817
1.302760
1.579095
1.027896
1.527027
1.185445
1.488260
0.795955
1.044930
0.973740
1.109964
1.211321
0.278996
1.177727
0.561372
0.544517
0.664770
0.742636
1.435298
1.106599
1.344002
0.689978
1.148635
0.774408
0.810003
0.682570
0.782776
1.222602
0.610866
1.793001
1.286200
1.297708
1.118650
1.142146
0.806754
1.258317
0.882878
1.153826
1.903940
0.840769
0.851834
1.230657
1.142142
0.716281
1.052571
1.550653
1.481488
0.505392
1.007749
1.634665
0.949224
1.091835
1.118136
1.171445
1.784590
0.764667
1.180143
0.627376
0.108224
1.657692
0.820563
1.306669
0.747845
1.182846
1.208859
1.582450
1.404696
1.639136
1.629992
1.504865
1.681617
1.556442
0.607736
1.063314
1.426652
2.755741
1.407316
0.989943
1.025288
0.807234
1.674837
0.519363
0.664034
0.373141
0.730365
0.401019
0.419875
1.836319
1.594091
0.328274
1.245064
1.545506
1.631530
1.054134
0.774376
1.564119
1.190012
1.544477
1.141779
1.544592
0.532729
1.839350
1.255801
1.203862
0.226652
1.783167
1.180722
1.147777
1.870659
0.691912
0.987114
1.150928
2.115614
1.400790
0.542768
2.225946
1.530255
2.002069
1.448598
1.272498
0.673361
0.659975
1.403429
1.365072
0.948088
1.093168
0.827475
1.062397
1.056526
0.495892
0.462204
1.109902
0.781460
0.882037
1.272022
1.416126
1.492049
1.095993
0.153771
0.693501
1.053683
0.674114
1.250978
1.427384
0.907120
0.916011
1.347317
1.173298
0.912532
0.886118
0.434289
1.336766
1.307760
1.321363
1.124682
0.458368
0.811609
1.738625
0.862403
0.999179
0.427743
0.596096
1.133684
1.470592
0.598070
1.802988
0.795958
1.178449
1.421004
0.639559
1.370123
1.271477
1.304708
1.578256
0.710357
1.745771
0.286890
0.500787
1.634588
1.556446
1.489134
0.619229
0.583275
0.981702
0.663038
1.267941
0.868545
1.307247
1.894536
1.358615
0.650878
0.418072
0.648475
0.258196
0.835810
1.958816
0.638914
0.317437
1.740239
0.284999
0.963966
1.276271
0.236549
0.668993
0.567958
2.208123
0.779172
1.297461
1.543190
1.036370
1.074772
1.547037
1.248153
1.479315
0.433626
1.512786
1.034855
0.851426
2.210225
0.629926
0.250311
0.863874
0.769642
1.176567
2.069199
0.597407
0.672838
2.393064
1.359962
1.733596
0.836548
1.706526
0.744502
0.597960
0.523560
1.866632
1.154411
1.576357
1.060019
0.873988
0.301855
0.845928
1.226465
1.596137
0.362810
0.288691
0.867457
1.278313
0.997682
1.594285
1.148242
1.108613
1.145628
1.394653
1.799531
1.835975
1.550889
1.001303
1.152997
0.893169
0.901888
1.321479
1.364219
0.113812
0.966484
1.189439
0.469466
0.414015
1.462466
1.008550
1.700771
0.530599
1.097360
1.676496
1.227578
1.614815
0.728165
1.029810
1.555625
1.435087
1.123288
1.406536
0.846922
0.867829
0.988078
0.650014
0.718674
1.186483
0.397111
0.876510
1.503301
1.067839
0.567843
1.833430
2.035127
1.172241
0.757210
2.137636
1.390931
1.591759
0.673817
1.442021
0.974994
1.663130
0.909389
1.223822
0.807796
0.715276
0.378751
0.714254
1.661919
0.614254
1.143540
1.114124
1.446238
0.710282
0.792504
1.775688
1.239736
1.075279
1.955014
0.420941
1.145281
1.026201
0.807387
1.165856
0.376331
0.537486
0.942309
1.250097
1.389450
1.616270
0.539697
0.417217
0.777997
0.883575
0.680355
1.249667
0.404082
0.499462
1.673925
1.105818
0.812784
0.718563
1.622043
0.696648
0.797414
0.993608
1.822144
1.568084
1.004934
0.812805
0.556563
1.073058
1.577057
1.117313
1.363526
1.584587
0.923212
1.288287
0.740713
0.598875
0.912249
0.680664
1.670749
1.705852
1.596615
0.650329
1.283758
0.867331
0.888067
0.986580
0.902095
1.503195
0.612985
1.550520
1.585982
1.303718
0.842156
0.458002
0.694574
1.960548
1.684618
1.301077
1.166297
1.362709
0.186425
1.637733
0.431345
1.144877
1.701918
1.376857
0.841501
2.082433
1.035969
0.997302
0.695685
2.230850
1.587193
0.977068
1.159876
1.464037
0.734370
0.620974
0.732812
1.478527
0.855677
1.089151
0.716317
0.948016
1.671135
1.224380
0.993598
0.812259
0.683417
1.876124
1.866297
2.278877
0.742719
1.178828
1.520372
1.838837
1.190332
1.400954
0.824256
1.510562
1.391805
1.841671
0.795049
1.755285
0.460451
0.704290
0.324933
0.584951
0.622710
1.417007
0.218418
1.456723
0.611746
0.610377
0.961244
0.743908
2.001461
1.626123
0.601059
0.792687
0.818573
0.562342
1.173147
1.612856
1.521313
0.721510
0.851466
1.364276
1.522650
1.093585
1.814632
1.224759
1.834099
1.476817
0.851886
1.826225
0.660637
1.419695
1.771142
0.880492
0.883990
0.908319
1.515309
0.618371
1.233433
0.691238
0.496964
1.180412
1.476236
1.294589
0.753522
0.224536
0.848217
1.701390
1.767623
1.156361
1.304230
0.862744
1.362584
1.392621
1.331638
1.134376
2.259441
0.656199
2.259471
0.719671
1.489210
0.815090
1.216652
1.138495
1.436036
1.238636
0.355545
1.148264
1.200532
1.428194
1.571827
0.043258
0.677159
0.929555
1.031900
0.816023
1.472946
1.052097
0.922557
0.160124
1.210701
1.689265
1.111098
1.301946
0.431654
1.984075
1.144551
0.997231
0.757668
0.626236
1.646930
2.147658
0.634911
0.699802
0.641854
0.452474
0.673593
2.213583
0.550446
1.647269
0.675794
1.052637
0.550887
0.913233
1.214624
1.580878
1.140208
1.153626
0.526256
0.834594
1.532744
1.316673
0.656318
1.427769
1.458836
1.338252
1.059425
1.388263
1.061662
1.480585
1.421818
1.143424
1.366135
1.093268
2.138353
0.573690
1.505390
1.130541
1.038509
0.814926
1.975349
1.060700
1.393917
1.395992
1.625095
1.012283
0.853836
1.182114
0.550762
0.229080
1.036134
1.114213
0.973191
0.497139
1.094751
1.843698
1.508807
1.117545
0.963245
0.514064
1.522496
0.639156
1.320700
0.865988
2.401028
0.969547
1.040802
1.333423
1.770454
0.951580
0.706345
0.798161
1.347499
2.204463
1.447332
0.995275
0.264484
1.376694
2.040060
1.265208
2.321545
1.326846
0.373690
0.700440
0.518042
1.024448
1.295332
1.288553
0.614831
1.175183
1.244929
1.535791
0.686094
1.288361
1.062296
1.038155
0.437417
0.981510
0.517254
1.541364
2.663683
0.774625
0.809811
1.378443
0.988603
0.511179
0.646081
0.743237
0.450058
0.863262
0.595217
2.236405
0.467848
0.935570
1.434421
1.382011
0.904000
1.476136
0.773448
0.909250
0.274533
1.568340
1.124581
0.866553
1.106750
0.965622
0.987761
1.675028
1.127148
1.070698
0.907040
1.576334
1.724559
1.568414
0.556980
1.244061
1.456715
0.843158
1.129316
1.174728
1.172497
1.518707
0.827569
1.240225
1.807882
0.251475
1.203533
1.401130
0.883401
0.921197
1.157877
1.040016
1.483713
0.702033
1.284655
0.780236
1.682515
0.877983
0.931060
1.569338
0.832593
0.591657
1.629460
0.867786
0.735596
0.998800
1.827520
1.102296
0.823351
1.010628
0.750477
0.430699
0.712133
1.761716
0.939005
1.174840
1.688137
1.658103
1.374849
1.863243
1.059610
0.985982
1.657202
1.611887
0.681152
1.408438
0.919460
2.147771
1.415778
1.517612
1.130648
0.869262
0.729902
0.896181
1.308070
1.027657
1.503900
0.979881
0.714703
1.081427
1.223021
0.647499
1.419871
1.270143
0.880334
0.179652
1.197511
1.232180
0.731321
1.777733
0.822157
1.066860
1.416058
0.972245
0.716744
1.595953
1.945878
1.684389
0.967680
0.921730
0.722738
0.946805
0.399039
1.534735
2.137095
1.468851
0.889837
0.475393
0.696471
1.100265
0.617868
1.340735
1.317014
1.163669
1.516794
0.745494
1.358598
0.903380
1.107040
0.828487
0.612064
1.436275
0.661314
1.961861
1.651425
1.187992
1.098936
1.576556
1.115480
1.266990
0.370042
0.481696
0.969407
1.386525
0.671564
1.570875
0.559900
0.419455
1.098261
1.328501
0.690796
0.642765
0.811617
0.854860
0.918197
0.747814
0.992386
1.809192
1.342092
1.897242
0.731232
1.399426
2.518904
1.105312
1.366191
0.422989
1.586553
1.347616
1.701172
2.193691
1.393176
1.523448
1.673762
0.860241
0.617553
0.991466
1.633807
1.179870
1.534779
1.027850
0.584805
0.954128
1.204383
0.777271
2.622609
1.216058
0.589151
1.006350
1.255639
0.821572
1.250602
1.813677
0.994185
1.185727
0.564009
1.801070
1.693387
0.806380
1.257128
1.235596
1.090466
1.036615
0.787228
0.439739
2.463786
0.704185
0.568053
1.031914
1.925203
1.361536
1.361685
0.689638
0.562583
0.527748
0.462321
1.279262
1.981241
0.944760
1.920746
1.381849
0.366784
2.278988
1.016463
1.769719
0.669417
1.278565
0.883364
1.283560
1.200765
0.923044
0.961711
0.364793
1.103222
1.591738
0.928581
0.887605
1.472294
0.692517
0.664522
0.429691
0.319616
1.303402
0.822468
1.286844
1.805973
0.661399
1.188500
0.558735
0.363188
1.044775
1.656819
1.476003
0.982043
0.826525
1.349374
0.335493
1.250331
0.582880
1.722359
1.930779
0.492924
0.976543
2.288876
0.850888
0.913276
1.931293
1.569608
2.185222
0.462114
0.933274
0.788502
0.978623
1.413060
1.206064
0.314760
0.840735
0.279310
2.340023
0.851205
1.382539
0.913203
0.971558
1.314902
1.012104
1.633931
1.090222
0.948472
0.738531
1.071960
1.669395
0.935360
1.094044
1.083224
1.235542
0.614193
0.698806
1.104821
0.804101
1.048585
1.925560
1.146067
1.507786
1.323593
1.478013
1.798001
2.038353
0.476097
1.433965
0.727295
0.940028
0.900294
1.137918
1.569771
2.032333
0.067027
1.635896
0.830945
0.919704
1.098255
0.655280
0.879033
0.620528
2.023601
0.542800
1.193009
0.614064
1.028721
1.392565
2.253244
2.114151
0.879974
0.871767
0.802290
0.578483
0.693935
0.681454
1.540042
2.081337
0.836921
1.162786
1.348589
0.823688
1.900048
1.553070
0.666608
1.020976
0.657762
0.621941
0.809421
0.199063
1.280057
1.192468
0.815653
1.514423
1.187352
2.038532
1.360358
1.366719
1.879220
1.185410
0.614589
1.263117
1.452104
0.735851
1.431788
1.473227
0.559774
0.367881
1.540957
1.294674
0.957485
1.084832
1.018481
0.787108
1.071639
0.672736
0.843952
0.950419
1.324793
0.716562
1.365835
1.110991
0.651023
1.147970
1.217115
1.464833
1.374398
0.633762
1.704701
1.169202
1.832901
1.721635
1.408404
1.454705
1.057163
0.982478
1.129513
1.086904
0.757116
0.948066
2.168154
0.456778
0.633130
0.930712
1.315537
1.765411
0.969496
0.494843
0.800564
1.577326
1.468739
1.048965
0.729776
0.463257
1.428654
1.165861
1.234973
0.298946
1.298193
1.144519
0.933264
0.744514
0.903377
0.877211
0.958738
0.827864
1.575660
1.619648
0.790716
0.620601
1.510118
0.742621
0.268688
1.052785
1.202295
0.170934
1.328419
1.091044
0.653981
0.864598
0.564742
1.452900
1.450615
0.179547
1.440848
0.723769
1.249071
1.047620
1.151643
2.124734
0.692183
0.725653
1.208631
1.557815
0.700997
1.491006
1.210083
1.211604
0.639755
0.590759
0.610999
1.273330
0.955476
1.827291
0.300699
1.109998
1.647391
1.884911
1.078676
1.126350
0.584652
1.283008
1.378560
0.334880
0.975446
1.521599
2.131051
0.484625
2.236243
0.424862
2.358602
0.308405
0.732073
1.106444
0.276226
0.681438
1.156066
0.535218
0.860152
1.501733
0.676241
2.513756
0.420408
0.791988
1.446626
1.009683
0.607575
1.400793
1.442466
1.429835
0.484222
1.075218
1.544246
0.744368
1.216523
1.644040
0.996440
2.125046
1.221747
1.333971
0.573269
0.506893
1.213188
1.841141
1.488179
1.266721
0.705151
1.461075
1.142343
0.899624
1.209186
0.922178
0.732581
1.909340
1.130761
0.932092
1.800517
1.892912
1.545123
1.211045
1.718848
1.895636
1.230232
0.779867
1.097452
1.155068
1.052556
1.319814
0.490048
2.453820
0.916621
0.451810
2.587228
1.395725
1.106562
0.648000
0.545018
1.169794
1.501288
1.333202
1.165078
1.375235
1.007748
0.167784
0.765263
0.986370
1.273914
2.139280
1.181086
1.483328
1.217288
0.714368
1.234172
0.285605
2.030363
0.218340
1.550812
0.357443
0.722587
1.692563
1.542898
1.025582
0.186721
0.665177
1.156496
1.371878
2.541153
0.928018
0.783028
1.755968
1.775556
1.148037
1.232769
0.741994
1.912935
1.046714
0.532279
0.850145
0.462289
1.167675
0.441221
0.424662
1.038597
1.234485
1.029441
1.365135
1.166019
0.795029
1.323287
0.927502
1.597607
0.837736
0.800338
1.099915
1.370371
1.099059
1.000230
0.899847
1.338180
0.768424
1.153284
0.490518
1.638772
0.900609
1.124065
1.483856
1.284372
1.674215
0.706128
0.804516
1.197416
0.805772
0.752740
0.770410
1.548425
1.285289
1.844448
1.276413
1.111805
0.816020
0.565454
0.559254
1.197706
0.894094
1.826849
1.183524
1.141438
2.351392
0.962197
0.762077
1.800108
0.754130
0.371516
1.189468
1.527829
1.057852
0.825680
1.440290
1.898432
0.427622
1.811367
0.830907
0.825081
0.641032
0.787715
0.888191
1.558012
1.146492
0.368377
1.085090
0.554344
1.519945
1.565067
0.946785
1.456610
1.208812
1.026937
1.463997
1.424197
1.444924
0.794437
0.937630
1.623055
1.840408
1.550564
0.587834
0.291525
1.334180
1.246198
0.819975
1.884758
1.619807
1.451825
1.140731
1.434498
1.025284
0.518577
0.660513
0.700244
1.041058
1.088594
1.075859
0.889132
1.539843
1.055720
1.328234
0.731415
0.639473
1.184871
0.829008
1.278361
1.460274
0.709358
1.510503
1.455157
1.781794
1.639206
1.422728
1.231864
1.100432
1.187298
0.866874
1.758950
1.298189
0.608819
1.315744
1.022316
1.443679
1.000865
1.068234
1.499810
0.709003
1.158031
1.033532
0.775716
2.192551
1.349668
0.693708
0.910487
1.441027
0.660201
0.542542
1.215330
1.394072
1.120358
0.876459
0.846814
0.700564
1.059579
0.495702
1.457733
1.727765
0.838044
0.776159
1.645334
1.817749
1.181557
1.271353
0.781714
1.572164
1.119148
1.277995
1.343789
1.085062
0.594858
1.658807
0.889364
0.760058
0.296534
0.691376
0.396230
1.059586
0.900407
1.599912
1.318809
1.011541
0.751437
1.179993
0.749145
1.478342
0.405174
0.640657
1.597583
0.806488
1.570694
1.652858
1.213300
1.259748
1.314272
0.976938
1.620240
1.038047
1.151095
1.156700
2.110017
0.542293
1.061229
1.744622
1.477986
0.585718
0.656127
0.774551
0.785815
0.616128
1.179707
1.400203
0.676815
0.596242
1.425775
1.553391
0.762549
1.049133
0.774468
0.713760
1.930202
0.972135
0.776621
0.989407
0.687255
0.858133
1.099142
1.275795
1.172398
1.904908
0.550565
0.773397
2.770072
1.398141
1.604250
0.569016
0.634230
0.689077
0.434692
0.624077
2.809152
1.145603
1.204207
2.413458
0.557197
0.756368
0.378940
1.456278
1.151684
0.954356
0.396832
1.468556
0.799689
1.299950
1.314471
1.246304
0.938020
0.938197
1.873648
0.503959
0.596743
0.956468
1.272244
1.272110
0.890192
0.390733
1.294052
0.978067
0.324625
1.321582
1.068317
0.707717
0.803810
0.844789
1.560335
1.682431
0.986226
1.744405
1.301634
0.777215
0.542042
1.028637
0.696093
0.759575
1.575330
0.733966
0.794764
1.225613
1.388317
0.750695
0.876179
0.703021
1.013252
0.526557
0.699056
0.952895
1.079634
1.755359
1.045350
1.713072
0.780069
0.838691
0.802886
0.611643
1.407371
0.845235
1.302687
1.962450
0.973239
0.358780
1.928439
1.234578
0.793871
1.034094
1.669356
0.982871
0.828438
0.674681
1.439108
0.794735
0.221625
0.560873
1.635639
1.060716
0.777292
0.982325
1.480578
1.473599
1.432023
0.669020
1.444017
0.526983
1.707079
0.730652
1.232745
1.099046
1.457278
0.933083
1.395058
0.907260
0.783548
0.870857
1.705985
0.861154
1.246956
0.470585
0.707476
0.846187
0.220215
1.346269
1.044967
2.007759
1.015520
0.828754
0.903970
0.951493
0.992584
0.686286
0.793367
0.765932
0.388425
1.530791
0.499013
1.344882
1.087278
1.218840
1.225485
1.651069
0.877670
1.514378
0.972537
0.546917
1.344480
0.863584
0.634255
1.014947
1.218553
1.262344
0.859114
2.089474
0.801565
1.562805
0.498546
1.828598
2.035677
1.431854
2.082083
0.893901
1.168402
1.126346
1.697859
0.807395
1.451369
1.403374
0.873668
1.422495
2.299592
1.118499
1.168086
0.509718
0.965516
1.494932
0.803759
0.857996
0.660891
0.265885
0.684316
0.697459
0.934185
1.060721
1.443264
1.184164
0.757415
1.336997
0.927881
0.875825
1.230074
1.324444
1.297419
0.689859
1.754891
0.416725
1.854960
1.131919
1.222565
0.361678
1.362524
1.087278
0.517576
0.728889
0.279310
0.925285
0.761493
1.519928
0.554208
0.824141
1.622816
0.970596
1.148791
0.767358
0.481649
1.320997
2.300037
1.281867
1.542314
1.497093
0.855617
1.222195
0.684049
0.749450
1.388512
0.657124
0.697298
0.582320
1.041896
1.946177
0.890495
1.985216
2.123732
0.830074
0.829914
1.268909
0.819217
0.353302
0.382413
0.192006
0.453610
1.057033
1.150365
1.167481
0.635520
0.678872
0.383613
0.892581
0.843768
1.059389
0.959750
0.896653
1.257831
1.341913
1.243114
1.214749
0.984863
1.600327
0.399161
1.180057
1.888321
1.095572
0.352696
1.486893
0.884763
0.819273
1.758537
0.746069
0.784355
1.727668
1.189485
1.143951
1.191662
0.931845
1.480773
0.656622
0.708517
1.369651
1.284568
2.100812
0.420976
0.592397
2.004345
0.841203
1.127020
0.686528
0.405564
1.121027
0.827129
0.657848
1.191379
1.248166
1.194957
1.938172
2.186731
1.147881
1.875249
0.977527
0.165272
1.033274
0.924765
1.252226
0.487327
1.270387
0.430711
1.707770
0.717722
0.973109
0.727628
0.878850
0.386701
1.833440
0.850787
2.132592
0.550986
1.346955
2.144909
1.033576
1.309374
1.514271
0.944340
1.719177
0.638395
1.022313
1.396426
0.630177
1.840272
0.717833
0.378753
1.059296
1.136626
0.352477
0.433375
1.053925
1.739515
1.511479
0.784073
0.643700
1.273567
0.994193
0.602589
0.547318
0.432165
1.016772
1.848687
1.306499
0.603571
0.722730
1.807415
1.006727
0.559027
1.672505
1.238260
1.131920
1.948831
0.456173
0.712102
0.823127
1.220161
0.976566
1.334669
1.230632
1.386146
1.079317
1.355083
1.852137
0.720123
1.253562
1.060313
0.856938
0.388663
1.361466
0.776670
0.399606
1.436401
1.383260
1.160881
1.174417
0.852039
1.686160
0.954323
2.257002
0.194808
0.562006
0.875875
0.519057
1.930716
1.710190
1.640872
1.584497
0.496959
0.982170
1.384633
0.877526
0.598994
1.608002
0.757247
2.498927
0.339430
0.534309
1.226129
1.592323
0.922928
0.983062
0.587674
0.838932
1.787799
1.244656
0.551630
1.225975
2.052692
1.013168
2.033569
0.914275
0.676162
0.413670
0.646743
1.187075
0.284171
1.163140
1.065953
1.228505
0.806453
0.887414
0.722251
0.537998
0.836901
0.855153
1.978911
0.951256
0.447880
1.241820
0.496257
0.724948
0.181658
0.086264
0.897661
1.456870
0.965153
1.352886
0.900962
0.987653
0.798957
0.826803
0.706791
0.759419
0.938017
1.733678
1.669885
0.521183
0.791553
2.242185
1.626735
1.033112
1.398336
0.935811
0.705405
0.396790
0.330353
0.634018
1.207184
0.324347
0.450400
0.969265
0.863181
0.869601
1.493634
1.017965
0.706887
1.812654
0.908104
1.263882
1.296035
0.635339
0.639676
1.247365
1.247072
1.013034
0.647805
1.033758
1.427068
1.310840
0.439668
1.828460
0.306693
1.418885
1.172755
1.438058
0.584160
1.370558
0.685843
1.088161
0.960481
0.414864
1.579233
1.076710
0.360865
1.367527
1.962687
1.104556
1.552589
0.126043
0.293673
1.287058
1.393310
0.851707
1.116530
1.148134
1.356271
0.877420
0.978910
0.802845
0.866491
0.772820
1.122496
1.487131
1.310536
1.021422
1.622876
0.915524
1.456809
1.521522
1.212860
1.570341
0.927713
1.412416
1.053430
0.577271
1.563426
0.597740
0.946722
1.424221
1.387582
0.952310
1.029382
2.017780
1.428909
0.776986
1.126573
1.408338
0.621682
0.336554
1.652227
0.859707
0.341554
1.024275
0.569805
1.831958
0.459437
2.000522
1.017065
1.590929
0.787799
0.762467
0.526091
0.343650
1.197880
1.668770
1.795714
1.681332
0.864287
0.981287
0.673329
1.434176
1.821060
1.149453
1.119967
1.731385
1.763032
0.820015
1.051137
1.388561
0.518520
1.429463
1.658688
1.835689
0.919007
1.288533
0.595605
1.808916
0.358026
1.098470
2.058551
0.964897
0.932000
1.662672
0.594457
1.847629
1.236105
0.909408
1.028538
0.815753
1.211420
1.473398
0.545583
1.215734
0.683872
0.658019
1.702021
1.432520
0.601760
1.788092
0.957943
1.045214
0.733891
1.825396
1.899870
0.457399
1.419916
0.986180
0.912435
1.760096
0.643135
0.849624
0.846420
1.543694
1.437330
0.516538
0.916437
1.005022
1.740246
3.123986
1.037481
1.070121
1.036166
0.852708
1.726776
0.763473
1.130699
1.130660
0.881341
2.449734
1.817819
1.052834
0.998369
1.068602
0.795078
1.381039
1.626241
1.338867
0.845349
0.271808
0.424859
0.527137
1.541017
1.351493
2.348612
0.424742
1.531200
0.771924
0.648264
0.440278
1.024260
0.680194
0.285101
1.402267
1.610553
0.994010
0.396896
1.406550
0.547683
2.146082
1.059181
1.704834
1.303195
0.730336
0.575617
1.109505
0.504078
1.930425
0.959532
1.338626
0.925890
0.272151
0.940981
0.882878
1.123484
1.479164
1.094332
1.639122
0.815096
1.347931
1.192812
0.510254
1.565529
1.193581
1.510274
1.077767
0.846341
0.424007
1.216990
1.225480
1.516530
1.323047
1.990496
0.553090
1.665016
0.510341
0.539396
0.823100
0.680026
1.077614
0.378320
0.459143
0.738261
1.441916
0.651142
0.804623
0.357993
0.412927
1.617796
0.454162
0.754414
1.215308
1.434535
0.759870
0.763653
0.908770
0.699935
0.972955
0.965354
0.647785
1.160614
1.051126
0.553991
1.515882
0.581907
1.129959
1.196283
0.922947
2.034727
1.216767
0.648618
1.639070
0.988713
1.355606
0.606978
1.538249
2.250724
2.225854
1.483691
0.909041
1.277735
0.429606
0.391697
1.359506
1.094699
1.001836
0.789186
1.287228
1.035608
2.315382
0.914234
0.460623
1.026336
0.357663
1.969582
1.797063
0.781282
1.178938
0.947969
1.846382
1.038213
0.714545
1.096648
1.148499
1.058547
1.115410
0.990367
1.007038
1.214432
1.405903
1.450230
0.637915
1.405239
1.267687
1.758160
0.835974
0.772272
0.477660
1.120591
1.178497
1.207915
0.678588
1.276094
1.293216
2.172733
1.760578
2.081734
2.068399
1.680587
0.474297
2.383202
0.406674
1.918309
1.318879
0.969614
0.887654
0.314884
1.230554
0.672526
0.904614
0.372949
1.247425
1.678556
1.118258
0.555499
0.875127
0.817735
1.735299
1.476492
1.170624
1.176844
0.689762
2.109242
1.226942
0.600570
1.371625
0.817947
0.489876
1.507852
0.382541
0.953173
0.853939
2.048839
1.225227
1.672016
1.428571
0.716397
1.007535
0.563518
1.483020
0.555746
1.686589
1.160977
0.910233
0.523918
0.986159
1.045182
0.788897
1.176596
0.776342
0.935823
0.428842
1.373435
0.521821
1.252426
0.792000
0.919122
0.437618
1.736474
0.770109
0.720561
0.834252
0.674458
1.111541
1.045702
1.728064
1.456648
1.756092
0.606651
1.306678
1.533515
0.276637
0.997113
0.772646
0.781625
0.377191
0.442620
0.790818
0.501916
0.610394
0.478419
1.381093
0.638410
0.807951
1.169713
0.946799
0.801554
0.857060
0.882862
1.333977
1.727148
0.697312
1.648129
1.187404
1.870877
0.147703
0.924929
0.979662
0.292547
0.875427
1.135204
1.183753
1.956318
0.813546
0.168684
1.851945
1.431090
0.812107
0.400612
0.355064
1.354950
0.235842
1.406568
1.076736
0.732301
0.874718
1.347366
2.328766
0.764087
0.484667
0.600027
0.390655
1.359320
1.136515
1.036233
0.611110
1.437548
1.174916
2.205811
2.306058
1.941947
0.893932
1.493812
1.369764
0.843216
1.143768
2.826199
0.614112
1.540306
1.886895
1.351738
2.177538
1.427492
0.956275
1.574604
1.032342
1.082337
1.639513
1.803001
1.756673
1.041261
1.535471
0.727471
0.656658
1.142079
0.567549
1.805263
1.384692
1.250020
0.784607
2.535555
1.033499
0.678618
0.750920
1.955111
0.374465
1.417676
0.600362
1.126936
0.445728
0.372592
0.935404
0.946982
1.423821
1.901035
1.109024
1.595802
1.024256
0.301107
1.551679
1.160938
1.341169
1.425883
0.786730
0.517389
1.313805
0.560304
1.877359
1.480815
0.583403
0.605532
0.687181
1.041157
0.786164
2.280596
2.032291
0.986965
1.700395
0.876154
0.976357
1.393741
0.460861
1.335475
0.687597
1.725825
1.736538
0.651304
0.741247
1.236486
1.172193
0.777873
1.303312
2.698080
0.831742
1.480312
1.788666
0.273542
1.253123
1.071502
0.733029
1.386949
0.656729
0.675442
1.017562
1.343366
0.384099
1.212074
1.389399
1.017647
2.390428
1.827974
0.747012
1.589474
0.203392
0.882665
0.618159
0.596120
1.027014
0.888304
0.455628
0.175983
1.202779
1.628630
0.579457
0.939674
1.456388
0.773880
1.009705
2.016315
0.829700
1.141867
1.918250
1.100578
1.980127
1.399391
1.287579
0.787293
1.566000
1.058527
1.298131
1.461680
1.322822
1.402674
1.269306
0.839062
0.897611
1.610842
1.556280
1.419658
0.982761
1.278485
0.843833
1.471574
0.387628
1.916697
2.480711
0.589652
1.915603
1.704332
0.635595
0.492599
1.261421
2.110077
0.393844
1.262776
0.903863
0.630227
1.050126
1.474649
1.690493
0.458354
1.221564
1.533505
0.675353
1.123750
1.471380
0.505349
1.029974
0.527468
0.915668
0.892150
0.406185
0.722657
0.832557
2.322003
0.684288
1.143338
1.436664
1.360003
1.460860
0.815774
1.314749
1.514334
1.214408
0.594401
0.871104
0.396436
1.230350
1.724964
0.449730
1.188579
0.916669
0.786966
0.459909
1.122815
0.980732
1.356547
1.566850
0.672971
1.588052
1.278954
1.860476
0.658455
0.643277
0.751786
0.314240
1.035040
0.498443
0.557028
1.006062
1.268049
1.250645
1.082755
0.837993
1.247374
1.714635
1.851340
1.285966
1.732933
1.590231
0.576644
1.940726
2.432969
1.256662
0.399096
1.396660
1.803917
0.253944
1.048552
1.683045
0.644945
1.354339
1.221242
0.497452
1.450547
1.685353
0.850226
1.103053
0.648069
2.060739
1.211280
0.970434
1.124003
1.103602
0.984093
1.266875
1.933149
0.332386
1.176383
1.745942
0.859848
1.054666
1.857110
1.046740
0.658391
1.111403
0.784065
2.531004
2.089916
1.795550
0.778619
0.584841
0.343482
0.506636
1.077096
0.856122
0.851179
1.733596
0.758007
0.999421
0.763562
1.016829
1.851305
0.854403
0.996199
0.776868
1.001527
0.414541
1.245355
0.931296
0.834304
0.383126
1.294823
1.285266
2.492342
1.659120
0.619466
2.166356
0.991021
0.678660
1.017734
1.530930
2.028449
1.251181
1.874032
1.446305
0.461865
1.670123
1.528104
1.320333
1.334801
1.814483
1.559527
1.197928
0.945233
0.963254
1.483916
1.371835
0.682889
1.505267
1.440462
0.439409
0.695975
1.134819
0.983083
1.434418
1.223832
0.908422
1.263377
2.360880
1.101308
0.534075
0.654637
2.096423
0.609325
1.804618
2.316483
1.074590
1.191004
0.601669
1.315777
0.790908
1.753021
1.056043
0.887676
0.793563
0.607524
0.627236
1.376357
0.897478
0.599562
2.000346
1.317139
1.092780
0.599545
0.688817
1.062089
0.778841
1.689681
1.271892
1.435841
0.867400
1.685624
1.125494
0.602408
1.517027
1.018449
2.061371
1.018217
1.147376
1.282454
0.983057
0.892103
1.474071
0.660594
0.838112
1.726472
2.292265
0.151368
0.380861
0.750625
0.675019
1.370520
1.416921
0.786502
0.352313
1.505110
2.838563
1.048969
1.153093
1.335925
1.602994
2.101355
0.908615
0.817101
0.744485
0.934255
0.730576
1.167482
0.584453
1.306503
1.351886
0.639701
1.288778
0.479020
0.944647
1.178094
0.386728
1.495155
0.899887
1.263202
1.747773
1.004684
0.768399
1.256298
0.694164
0.982237
1.286983
0.478367
0.882535
0.836486
1.048243
1.622422
0.946344
0.411012
1.401707
2.201599
1.053424
1.729914
1.692647
1.437587
0.781761
0.860910
0.992019
0.931295
1.065075
0.677455
0.687335
1.967647
1.361604
0.504149
1.098331
0.633316
1.222012
1.220607
1.207533
0.168189
0.987526
0.867944
1.046520
0.705800
0.288005
0.867854
0.817820
0.799967
1.661203
1.956609
0.700248
0.679867
1.430851
0.128080
1.220853
1.000262
1.042548
0.434919
0.637431
0.835404
0.982828
1.174833
0.521989
0.964168
0.824640
1.443942
0.795108
0.851978
1.455898
0.750443
0.515996
0.552427
1.647671
0.810986
0.389792
1.105584
1.502459
0.619822
1.412029
1.498084
1.114814
0.854187
0.495316
1.511080
0.985718
1.517324
1.225859
0.575157
0.307939
2.128597
1.108285
0.889167
0.673556
1.793770
2.018719
1.531213
0.926027
1.234386
1.881023
0.516322
1.334013
1.351710
1.759557
1.480007
1.093205
1.066596
1.480372
0.968490
0.828874
1.109456
1.810985
0.864253
1.004239
1.424868
1.558384
1.356769
1.558852
2.155812
0.569320
0.310168
0.527739
1.087392
0.859563
1.278738
1.889940
0.539792
0.401428
0.885620
0.334137
1.446776
1.009462
1.406004
1.691613
1.011203
0.777779
0.761973
1.775005
1.150126
0.945617
0.648229
1.138240
2.406800
1.167279
0.970678
1.483072
1.736083
1.070794
0.630837
1.122253
1.361717
1.578102
1.661378
0.918229
1.279503
1.308438
2.059001
0.700771
0.519767
0.768653
2.361455
1.421069
2.672136
1.614650
0.648811
0.956037
1.236143
0.621123
1.386940
1.233082
2.220903
0.967239
0.380969
1.305055
1.328835
0.790475
0.816538
1.210175
1.403172
0.653874
1.336341
1.281520
1.453236
1.607716
0.993103
0.905263
2.768197
2.161733
1.771247
1.473475
1.214548
0.905086
0.614733
1.159163
0.812464
1.572456
0.782000
0.706928
0.903828
1.059136
0.585097
1.753439
0.868382
0.491261
0.908258
0.429919
1.575967
1.573394
0.866675
1.666118
1.154797
1.177008
0.699242
0.652420
1.706355
1.638497
1.637141
1.458897
2.001890
1.589925
0.503522
1.051788
1.209391
2.201499
1.891394
1.331242
0.778208
1.564548
1.327197
1.747131
1.502297
1.394879
1.069249
0.998949
0.907805
1.034970
1.154843
1.485715
1.111552
0.895343
1.696264
1.174837
0.971598
1.240271
1.022583
0.798971
0.723643
0.721842
1.966515
1.463007
0.755063
1.726356
0.716852
0.633786
0.684945
1.820429
0.606200
1.152971
1.347801
1.595145
0.656673
1.448561
1.049626
0.510299
0.635072
1.220772
0.442841
1.098262
1.344024
1.822112
1.518887
0.314479
0.521538
0.739787
1.598195
1.097880
0.534162
0.952949
0.870265
1.426829
1.114251
1.650156
2.516715
1.049370
0.459304
0.778686
0.866390
0.463213
0.635193
0.641975
0.659489
0.369271
1.287318
1.352771
1.092073
0.921748
0.399167
0.819248
1.193977
0.789589
0.975340
1.338989
0.801776
0.702675
0.260168
1.885022
0.420837
0.955761
0.780579
0.875536
1.052846
0.459510
1.252903
0.787955
0.555471
1.442697
1.298009
0.739589
1.047360
1.058062
1.013052
1.338099
1.510073
2.329559
1.297786
0.830295
1.011004
1.310081
0.999429
0.375170
1.361918
0.983177
1.326450
0.510042
1.307140
0.277254
1.518729
1.306897
0.791928
1.567895
1.834041
0.608327
1.525778
1.393697
1.178154
0.134096
2.390089
0.836260
1.334683
0.849529
1.932942
1.586832
0.749942
0.161962
1.592708
0.774195
1.084759
1.173295
1.455769
1.394785
0.741331
1.633756
1.211993
0.693655
0.969277
0.728602
1.122066
1.116914
1.147728
0.718892
0.649640
1.236037
0.766268
1.146498
0.565540
0.661260
0.633478
0.836403
1.054306
0.673390
0.427412
1.866263
0.688459
0.682990
1.710210
1.230025
0.759060
0.766279
1.320593
1.580916
1.460465
1.189880
0.271675
1.083886
1.173886
0.703971
1.641905
0.955854
1.143463
1.341855
0.955350
1.048831
0.799192
1.507739
1.776306
1.134419
1.979712
0.595541
1.536781
0.573806
0.709205
0.287793
1.289435
0.986860
0.640094
1.993137
0.730410
1.592937
0.659949
1.278564
0.554419
1.010114
1.054100
1.435317
1.200819
0.681602
1.014799
1.318688
1.242788
0.430449
0.933693
0.695722
1.290136
1.064952
0.584751
1.870969
1.422713
1.591022
0.478022
1.144450
1.186782
1.790069
1.163037
1.831490
1.912054
1.874824
0.572690
0.954751
1.608174
1.544750
0.677539
1.361798
0.825279
0.272858
0.991597
1.502062
1.014131
0.321974
0.914460
1.021107
1.269804
0.462309
1.784900
1.651541
1.328491
1.002074
1.855410
0.759302
1.262681
1.001148
1.261977
1.416952
1.487509
0.893205
0.681255
0.936069
1.017992
1.192459
0.789926
1.876158
1.463864
0.939493
0.694891
1.190203
0.840949
1.193755
0.729468
1.869516
1.015692
1.355100
0.837286
1.164493
1.715567
1.287901
0.891906
0.818647
0.944895
1.115405
1.048080
0.970556
1.382487
1.465326
1.172245
0.842707
0.535823
1.428384
2.523771
0.843208
1.865771
0.597199
1.661035
0.736001
1.155816
1.024232
0.540963
0.615803
1.563960
0.309492
0.892688
1.169919
0.661780
1.029888
1.164997
0.987386
1.816121
1.473563
1.087418
0.477314
0.747625
1.714361
1.572782
1.814572
1.931966
1.720149
1.033385
1.147116
0.641621
0.593265
1.627313
1.320849
0.946083
0.745602
0.873908
0.896895
0.501967
0.290575
0.422256
1.159891
1.274692
1.889003
0.866641
1.681657
1.002384
0.692920
0.946427
1.252706
1.274696
1.578200
1.314396
1.831492
0.950171
1.723828
1.025388
1.398005
1.682212
1.524869
0.908007
0.330222
0.403738
1.216130
1.293897
1.820986
0.309600
1.118044
1.786195
0.564410
1.138475
1.029121
1.514269
1.683545
0.829969
2.148510
0.679186
0.626126
0.693819
0.366450
1.996059
1.252410
1.912199
0.762112
0.925325
0.707874
0.910606
0.973878
0.995248
0.636728
1.490707
1.566021
1.425306
0.533001
0.865155
0.964307
1.372869
0.600073
0.784831
0.643002
1.040533
1.382190
0.909565
0.631030
2.624699
0.984619
0.797914
0.707856
0.468992
1.984518
1.647419
0.732012
0.975260
0.723127
1.579961
1.439932
1.293150
1.010817
0.838877
0.522571
0.816077
0.359236
0.946539
0.742143
1.017552
0.604023
1.680498
0.877221
1.047498
1.972373
1.346698
0.893885
1.314693
1.651151
1.493623
1.448027
1.376325
2.413092
1.039946
0.454859
0.820818
2.035100
0.578393
1.117544
0.626008
0.862655
0.962508
1.117903
0.728680
0.597551
1.172013
0.378834
0.520655
1.127314
0.515100
0.608146
0.566657
0.861561
1.519617
2.352894
0.744079
1.568373
0.772707
0.583865
0.958558
2.034571
0.843259
1.664678
1.041776
1.052131
0.981471
1.050989
1.564271
2.042374
0.920779
1.222539
0.751856
0.927127
0.120212
0.735349
0.769292
0.592186
1.605371
1.531475
0.472012
1.941934
0.573132
1.988969
1.037413
1.004876
1.785894
0.533610
1.692914
0.721596
0.806829
0.978713
2.062099
0.934885
1.141459
1.054558
1.311536
0.736498
0.684871
0.946912
1.474281
0.775879
1.533282
1.424451
1.273994
1.312497
0.553518
0.844445
0.873489
0.504526
1.253379
1.208908
1.345704
0.465357
0.884983
1.445462
1.498337
0.359680
1.035451
1.405355
1.470318
0.919874
0.992963
1.819472
0.689724
1.581167
0.533859
1.651320
0.868210
1.136186
1.807974
0.616020
0.949136
0.738895
0.885415
2.030198
1.827759
0.687740
0.919553
0.411092
1.144578
1.020975
1.248920
1.502212
1.258279
1.062375
1.247671
0.941463
0.870151
0.660125
0.514365
0.807420
0.872269
1.344668
0.595557
0.637330
0.911688
0.818594
1.041205
1.289348
0.741909
0.537829
2.155487
1.090501
0.401375
1.197918
0.537523
1.271217
1.221958
1.574472
0.433357
2.169373
0.784505
1.583007
1.147508
0.514407
0.942097
0.487661
1.086516
0.250130
0.789860
1.577185
1.179131
1.314466
1.480692
0.845109
0.465014
1.361993
1.937424
1.182673
1.396990
0.487334
0.915578
0.333067
1.343305
0.816430
1.480514
0.282456
0.601913
0.498644
1.848914
0.552172
0.940547
1.587140
0.408615
0.695187
0.442314
0.721758
1.307310
1.715131
0.701415
0.656435
1.033555
1.460970
1.238754
0.994181
1.079965
1.361725
1.789799
2.288291
1.653811
1.758635
0.629205
1.203991
0.455702
1.860582
0.627241
2.580931
1.480565
0.670695
1.375470
0.537744
0.175268
0.403507
0.728303
2.485060
1.667497
1.640709
1.382251
0.941027
2.086623
1.459717
1.701743
1.469159
1.000491
1.093156
1.131012
1.318281
2.037052
1.333185
1.992348
1.569280
1.263262
1.223503
1.340608
1.307114
1.286788
1.279718
0.489993
1.067611
0.789560
0.132918
1.075870
0.943659
0.656878
0.603221
1.328418
2.132770
2.016271
0.786061
1.217325
1.298983
1.979912
1.570887
2.004631
0.672832
0.935357
1.090175
1.006066
0.552778
0.937424
1.384040
1.354999
0.799130
1.557396
0.777165
1.803075
1.677826
0.774487
1.412376
1.218505
1.033976
2.291765
1.507095
1.309001
1.384065
2.036923
1.728814
1.496195
0.968714
1.324039
0.935725
1.761956
0.411677
0.227790
1.230769
0.608042
1.178330
0.573554
1.187109
0.589406
1.598030
1.337040
1.375478
0.910646
0.675491
2.052131
2.092097
1.305382
0.823153
2.125529
1.060157
0.756155
1.597086
0.867086
0.985484
0.822572
1.275101
0.696924
1.624862
1.498482
0.360692
1.238408
1.209150
0.566222
0.403874
1.295422
1.545632
1.091317
2.290204
1.180425
1.156553
0.684737
1.008193
0.655723
1.040532
1.582521
1.245325
1.189539
1.917884
1.192197
1.027931
1.869920
1.222332
1.650087
0.436840
0.870105
0.216899
1.513677
1.775671
0.452542
1.055497
0.657122
0.784376
1.067826
0.774003
0.755120
1.839717
1.235341
1.682189
0.142728
1.929024
1.115900
1.020952
0.979295
1.107984
1.034515
1.087269
0.468897
1.362629
0.919220
1.469773
1.562182
0.827450
1.184884
1.400042
1.507258
0.948250
1.837956
1.540837
1.556613
0.995201
1.042401
0.441980
1.050871
1.030713
0.743661
1.712901
1.833362
0.978850
2.281277
1.038882
1.143798
0.794379
1.020283
0.332629
0.911781
0.693496
0.620677
1.092698
1.387082
1.520511
1.098613
0.735217
1.813426
0.237237
1.282555
0.229144
1.194782
0.866752
0.753847
0.577279
0.907769
1.255260
0.782245
0.638811
1.169601
0.512402
1.860824
1.100608
0.492898
1.427687
0.503426
1.587308
1.212268
0.474601
1.300863
0.561908
0.684327
1.700283
0.927610
0.873450
0.710053
1.172764
0.886063
1.173914
0.250957
0.789426
1.548462
1.186640
0.822186
1.373848
1.320952
1.477646
0.706503
0.456117
0.787555
1.494636
2.007180
1.463926
1.303043
0.362829
0.911006
0.775028
1.393597
0.902241
0.584350
0.881857
0.733037
1.147457
1.304962
1.638278
0.706595
0.787554
0.660464
0.577400
1.322596
0.711964
1.292829
1.449492
0.907326
1.491320
1.075458
0.997261
0.738608
0.569222
0.448990
1.905469
1.766012
0.391551
0.975105
1.370361
0.495515
1.311426
1.110188
1.937730
0.914314
2.072352
0.680481
0.227344
1.265197
0.787371
0.390925
0.978855
0.671680
1.484232
1.684853
0.964758
0.816475
1.249581
0.963521
1.532145
0.343076
0.420301
0.678661
1.303597
1.846418
0.991704
0.787561
1.138131
0.509958
0.299294
0.751502
0.559428
0.829019
1.374376
1.596554
0.910832
1.644152
0.974886
0.329826
1.093448
1.901832
0.598879
1.151095
1.368863
1.369387
0.879303
1.044314
1.272854
2.022312
1.320246
0.581119
0.862040
0.937613
1.085322
0.601449
1.548599
0.848227
0.954190
0.587447
0.690946
0.630485
1.442130
1.283040
0.797768
0.299618
1.940750
1.543066
0.941641
1.805288
0.870055
0.822110
1.380429
0.661007
1.352485
0.279348
0.867273
0.553408
0.257279
1.474107
0.965364
1.101991
1.372931
0.617910
1.418583
1.933043
1.898973
0.883054
0.533514
0.543826
0.519921
0.993628
1.394381
1.683428
0.579653
1.278779
2.365380
0.920704
1.431213
1.233841
1.893880
1.497361
1.023002
1.377280
1.151353
1.318070
1.253674
0.620384
2.010150
1.907725
1.191308
0.983430
1.693150
1.381806
2.678920
1.279944
1.133423
1.307644
1.069558
1.497489
0.515507
1.816943
0.690313
1.161248
0.530530
0.562375
0.582775
0.995734
0.487275
0.893243
1.573469
1.233675
1.767201
1.631655
1.491902
1.007639
1.013478
1.735469
1.768981
1.881161
0.430712
0.402743
1.861525
1.207152
1.427446
1.097553
0.640709
0.934290
1.744149
1.242265
1.014620
0.374397
1.627562
0.866802
1.118573
0.296762
0.879022
0.581717
1.582505
1.707425
1.725942
1.724624
1.438054
0.729463
1.308514
1.261968
0.999781
0.765554
0.428451
0.551489
1.243980
1.227769
0.966652
1.100945
0.854674
1.032134
2.306031
0.998834
1.505643
0.888740
1.167718
0.607700
1.276802
2.007540
1.190913
0.785082
0.768679
2.084752
1.142109
0.838132
0.957408
0.936580
1.141074
1.594164
1.084966
1.046075
1.031373
0.977667
1.553189
0.640153
0.535932
0.594049
0.889617
0.535106
1.314398
1.306522
1.703782
1.140103
1.158212
0.929164
1.058201
1.268302
1.546146
1.284907
1.062682
2.223693
1.769244
0.456980
0.950952
0.975364
0.945395
0.708506
1.027008
0.593528
1.233618
0.722190
0.745878
2.387877
0.891662
0.597628
1.713746
1.090690
1.266964
0.303444
0.967896
1.963437
1.286767
1.125685
1.138203
0.477799
0.720419
0.324801
0.553379
1.388393
1.536553
1.561720
0.475216
1.226235
1.160125
1.045549
0.749555
1.300698
0.691977
1.230450
0.548900
1.342847
1.635580
2.118908
1.041765
1.331261
1.452876
1.241524
0.484431
1.591217
1.013360
1.358779
1.423319
1.117500
1.720653
1.301761
1.806385
1.316353
1.009138
1.500108
0.849635
1.405143
1.183779
1.371929
0.639496
0.634067
0.341541
1.160704
0.331305
1.511316
0.787541
0.712100
0.896176
0.425609
1.592134
0.697133
0.636835
0.484217
0.247434
0.376924
1.720165
1.313569
1.572287
0.688046
1.125614
1.867536
1.381887
0.982813
0.788723
0.829175
1.925966
0.737390
0.675662
2.130274
0.846466
0.511341
0.497780
0.504977
1.192337
0.414319
2.268449
0.995706
0.886039
0.965694
1.273531
0.777362
1.274592
1.261041
1.147070
0.335525
1.037320
0.627893
0.975104
1.584017
0.550832
0.400477
1.945187
0.879404
1.636670
1.508345
1.840768
0.904115
0.970602
1.506273
1.407453
1.864432
1.071570
0.826747
1.497278
1.136519
1.584883
1.105755
0.923443
0.941657
0.668389
0.841393
1.515881
0.511567
1.478296
0.444818
0.631673
0.989110
1.598172
0.709702
1.375123
0.900363
1.389407
0.354773
1.092780
1.239634
1.541997
0.662263
1.388666
0.760025
0.510495
1.809243
0.567903
1.315489
1.130546
2.954251
1.017213
0.930451
1.437262
1.280121
1.117613
0.944008
0.905178
0.784315
1.288431
1.067962
1.158355
1.228621
1.601928
0.889665
0.796788
0.786735
0.313083
0.737312
1.121245
0.980216
0.454239
1.178516
0.700834
0.538878
0.862579
1.562408
1.108654
0.437329
1.105916
0.534558
2.324432
0.569361
1.323598
0.992310
2.434133
0.263034
0.334819
0.663939
1.129566
1.330727
0.971789
1.306623
0.902987
1.364952
1.573276
0.473293
1.153152
1.105140
0.391499
1.173416
1.275718
0.449367
1.075295
1.213576
1.371839
1.122381
0.486598
0.930109
1.868680
1.161727
0.681445
0.906623
0.844464
0.555107
0.155189
1.784667
0.820371
0.579788
1.425837
1.441466
1.328660
1.813312
1.259434
1.378527
1.122398
1.154027
1.403547
1.211287
0.709771
1.224135
1.795803
1.138326
1.474625
1.426782
0.692524
0.927637
2.195119
1.238949
0.905488
0.708788
1.396063
0.552360
1.521982
1.683602
1.001194
1.106472
0.987105
0.937313
1.573238
1.268383
1.359726
0.856826
0.782357
0.721081
1.272155
0.862710
1.167196
1.476708
0.652015
2.100863
0.877845
1.380964
0.947506
1.327220
1.707200
0.865194
0.642123
0.200739
1.939926
0.849075
1.509690
0.602209
1.263138
1.066542
0.410417
0.603195
1.544365
1.877331
1.230509
1.296255
0.788260
1.334088
1.148978
0.974591
1.455805
1.380772
1.180700
1.954706
0.951622
0.251186
0.892113
0.866864
0.988508
1.177217
1.135027
1.267949
1.666530
0.652803
0.733929
2.591064
1.143414
0.774825
0.815458
0.617303
1.990291
1.677211
2.035956
1.376177
0.927925
0.874128
1.522843
0.448014
0.973778
0.759689
1.145810
0.816187
1.588917
1.279246
1.284918
0.579479
1.453000
0.716842
1.148503
0.812364
1.195051
2.001226
1.390551
1.338176
0.286987
0.905355
1.259747
0.511130
1.622003
1.342736
1.338510
0.261078
1.080968
0.953786
2.264020
1.222685
1.515507
0.645756
0.479495
1.449439
0.390213
0.869156
1.522218
1.753499
1.214038
1.009409
0.640126
0.996924
1.768867
0.855328
1.615538
0.938869
0.648649
0.282735
0.957714
0.570730
1.583565
1.236716
1.037476
0.980073
1.374274
1.043324
1.548347
1.849407
1.519832
0.765372
0.596244
1.388157
1.370008
1.984569
1.970684
0.657812
1.721614
1.027884
1.355280
1.259389
1.639521
1.047685
1.313423
0.918090
1.172898
0.892719
1.386531
0.772041
0.680770
2.240492
1.845725
1.979207
1.102934
1.186179
0.323563
2.069667
1.062866
1.242562
1.108121
1.165597
1.556307
0.577579
0.515771
0.510167
0.474671
1.583696
1.851003
2.591488
0.598219
1.249599
0.421276
1.111138
1.204753
1.548990
1.194068
0.905717
0.806309
1.198239
2.146429
1.475491
0.564495
0.943155
1.767869
1.433014
0.364769
1.779279
1.341922
1.494885
0.747125
1.854371
0.956051
1.347547
0.403657
1.410347
0.907660
0.290404
1.109039
1.337760
1.299975
1.912741
2.138631
0.982291
1.144384
1.343878
1.670399
1.231889
0.947063
1.449735
1.732237
0.936754
1.125558
0.742630
1.019180
0.816773
1.743819
1.761045
1.133163
1.560116
2.289011
0.342233
1.086078
0.439303
1.660973
1.444877
1.505415
1.253446
1.645963
0.762976
1.523593
0.786508
1.935865
0.399313
1.383259
0.579023
0.902444
0.672491
0.970091
0.726166
1.417775
1.655935
1.050822
0.829727
1.243877
1.386441
1.059078
0.727954
0.915861
1.282071
0.317767
0.909654
1.176449
1.626474
0.608232
0.797913
0.845876
1.105303
1.805988
1.026621
1.448562
0.774162
1.623318
0.723772
1.441343
2.767224
0.786227
1.626974
0.939869
1.195544
1.499273
1.469688
1.622304
1.078607
1.680836
1.372635
0.597707
0.516204
0.793560
1.037572
1.705668
0.597584
0.744763
2.321075
0.953977
0.875265
1.338950
1.108736
0.833576
0.890403
0.698834
1.341806
1.079480
1.015587
0.860189
0.515114
0.693486
1.010071
1.729895
1.704215
1.125836
1.440287
1.091439
1.596630
1.144692
0.743293
2.173952
1.204215
0.230247
1.492466
1.124363
1.117198
1.785218
0.829753
1.058062
1.373115
0.923172
0.448520
1.003560
1.754920
0.908219
1.884425
0.887870
1.406989
0.597460
1.096460
1.360310
1.375471
0.980570
2.124171
0.972921
1.575282
1.614732
0.771787
2.086128
0.663223
1.141770
1.112384
1.338742
2.027990
1.268319
1.358708
1.060619
2.226609
1.111718
1.286181
0.803354
0.397094
1.390207
1.036987
0.232721
1.307918
0.655323
0.951868
2.734523
1.232689
1.894144
1.177083
0.302115
0.584927
1.741961
1.844178
0.548155
0.417751
1.065345
1.472617
0.938907
1.411679
0.891947
0.346818
0.617263
1.453552
0.472123
1.237795
1.173821
1.367529
0.646479
0.825182
1.093806
1.275232
0.572921
1.522172
0.898295
1.956956
0.676866
1.389237
1.201895
1.545913
1.035249
1.592923
0.752747
0.313603
0.635447
1.492033
1.250133
1.038115
2.493352
0.685093
0.630011
2.740799
0.551603
0.845352
1.381329
1.284838
1.343843
1.800512
0.815967
1.198738
1.232287
2.191257
1.389396
0.189221
1.187464
1.951831
1.673769
0.933345
0.741149
0.772445
1.579104
0.815920
1.192571
0.916451
1.057705
1.206989
0.752686
1.626406
1.416175
0.900721
1.176350
0.618338
0.577180
0.867579
0.743506
0.771540
0.816443
1.407801
1.287173
1.907519
1.637926
0.933978
0.668361
1.390185
0.573684
0.864859
1.207455
0.632403
0.329188
0.933841
1.146199
1.938453
0.659806
0.951706
1.015680
0.920021
1.485905
1.470482
0.598929
2.060063
1.480530
1.221427
1.070226
1.409297
1.286147
0.634214
1.791549
0.848487
1.391114
1.198371
1.481245
1.156774
1.119997
1.594082
1.364042
0.544907
0.475326
1.173530
0.791502
0.896549
1.431145
0.739437
0.835600
1.333784
2.107953
1.175080
0.819683
0.686573
1.537251
1.794965
2.341591
0.884224
0.775726
1.138845
0.823236
1.243137
1.176492
0.687790
0.641289
1.381951
0.574159
0.480507
0.588280
1.666234
1.219532
0.795193
1.185748
2.003873
0.134444
0.834055
1.679619
0.875761
1.323903
0.702213
0.605928
1.659385
1.932970
1.039948
0.266813
0.491717
0.317846
1.970809
2.578860
1.485592
1.390651
1.604618
0.452925
0.827496
1.142965
0.760733
1.728143
0.882928
1.509286
0.990796
0.488747
0.878885
0.802029
1.076261
0.679462
1.055292
1.598624
1.396653
0.637988
1.394888
0.936814
1.250739
0.875439
2.136992
1.551957
0.376463
1.404349
1.978258
1.095652
0.762865
0.596317
0.529556
1.383642
1.008631
0.654363
1.197218
0.854885
0.566468
1.940373
1.302285
0.238250
1.177573
0.890643
1.151761
0.920337
2.195732
0.620335
0.816803
0.675314
0.407544
0.723177
1.180628
0.399855
0.729837
0.975436
0.818102
1.057098
1.091365
0.715723
0.753503
1.028441
1.561089
1.229901
1.455753
0.533182
1.086880
1.263190
1.338378
1.209691
1.391021
0.871836
0.543154
1.481468
0.233020
2.132792
0.734788
1.454897
0.995827
0.608543
1.297759
1.202012
1.092202
1.833519
0.662612
1.228751
1.673215
1.115851
1.822785
1.225840
1.280715
2.141410
0.587895
0.184448
0.806888
0.964833
1.420815
1.301612
2.283123
0.661515
1.581178
1.518577
1.497899
0.714944
1.406455
1.879832
1.389427
0.401586
1.575628
1.850312
0.620197
0.621461
0.631257
0.375489
1.410960
1.037177
0.540986
1.296026
1.131214
0.872636
1.872765
0.904147
1.142562
1.366043
1.878481
0.606224
1.801989
0.526739
2.616842
1.473978
1.466318
1.041920
1.859322
0.965563
1.619999
0.478334
1.321809
1.025997
0.762701
1.136772
0.510770
1.534042
0.956573
2.813814
0.544581
0.387494
0.936927
0.348384
0.881141
0.640969
1.104978
0.545103
0.670045
0.900544
1.215899
1.549608
1.678636
0.752289
1.012048
1.954663
1.525673
0.895272
1.133328
1.586293
1.051740
0.988326
1.514148
1.852295
1.053603
1.237207
0.967271
1.176364
1.290058
1.174672
1.057334
1.388361
0.597187
1.403263
0.670447
0.809118
0.693610
1.245026
1.546499
0.799006
1.021112
0.958222
1.330662
0.668339
1.166473
1.260588
0.790028
1.496837
0.504897
0.913720
0.541550
0.271860
1.560413
0.652096
1.398269
0.881247
0.657181
2.583113
1.670215
1.258097
0.486752
1.328454
1.441287
0.556039
0.511696
1.207072
1.043957
0.388959
0.400467
0.876882
1.307208
0.874563
1.138563
1.070452
0.817788
0.702591
1.092420
0.678061
1.527680
1.364418
0.567684
1.442020
1.006065
1.738884
0.312142
1.340460
0.851962
0.283396
0.743554
0.884287
1.133691
1.060137
0.652560
1.616686
1.502016
1.493982
0.974627
0.756485
1.034869
1.203978
1.776216
1.049732
0.570633
1.231823
1.233602
0.556473
0.788716
0.539566
0.823324
2.015907
1.011803
1.310852
0.685672
1.481402
1.367443
0.898127
0.505891
0.399888
1.031421
1.509295
1.198739
0.912966
1.448203
0.925899
1.164161
0.761940
0.666873
1.832729
1.020497
1.645739
1.025232
1.159310
1.506313
0.126832
0.562984
0.705797
1.264130
1.165170
1.016137
1.348220
0.886377
1.249564
0.826108
0.740439
0.280142
2.024560
1.144882
1.285249
1.531279
1.898574
0.919024
0.987025
1.453206
1.770473
1.332418
1.056907
1.372442
0.224979
1.228241
1.403015
0.310803
0.981260
1.711071
0.569735
1.301181
0.545507
1.476880
0.895200
0.867807
0.944494
1.963402
0.800939
1.285996
0.402045
0.760793
2.594425
0.569170
1.034620
0.277821
1.762551
0.232594
0.997292
1.232537
1.717620
1.574125
1.027804
1.256950
1.965106
1.351683
1.129755
1.654072
0.674955
0.682505
0.406995
0.957492
1.166957
1.431361
0.816027
0.842878
1.306509
1.663611
0.837544
1.830556
1.172402
0.905664
1.954681
1.587207
0.910183
1.439148
1.411739
1.945091
1.349628
1.133180
1.780579
1.476234
0.996222
1.353872
1.123663
0.899971
1.274425
1.090913
1.789780
0.978229
0.583114
0.501071
0.887437
0.653886
1.168576
0.985408
1.360504
0.797226
1.095744
1.111140
2.293495
1.130547
1.213355
1.031083
1.250951
1.355498
1.987905
1.407237
1.270459
1.170595
0.907827
1.227124
1.722587
1.081981
0.998024
1.317676
1.007783
0.846987
0.590594
1.557763
1.112688
0.903699
1.463102
0.704322
1.009126
1.059892
2.052240
0.390241
0.677086
1.578464
1.788253
1.126931
0.743967
0.804792
2.139418
0.921858
0.447459
1.549882
1.909140
0.574685
1.484722
1.131218
1.546714
1.619433
1.868183
0.421915
1.457983
0.276156
2.488276
0.612741
0.862756
0.578220
0.766121
1.226327
0.500893
1.274282
1.421823
0.962767
1.041546
0.361603
1.099920
1.854971
1.504607
0.762792
0.572811
1.054404
1.501667
0.987409
1.302671
1.248150
1.084853
0.780648
0.385614
1.033309
1.541970
1.310251
0.540302
0.527147
0.558998
0.778530
1.074687
1.065821
1.211121
1.440055
0.532827
1.019044
1.540781
1.479768
0.957537
0.715740
0.931084
0.864679
0.644504
0.797781
0.354689
2.484291
1.349208
1.182229
1.005167
0.681661
0.843114
0.473293
0.880151
1.227237
0.800167
0.329596
1.885650
1.891576
1.607543
0.892887
1.347376
1.721648
1.069713
1.504638
1.134270
1.529647
1.172214
1.788808
0.741068
1.923805
0.994449
1.272067
0.935588
1.102604
1.570537
0.865475
1.015028
1.538291
1.632422
1.240154
0.720947
1.176041
0.407982
0.750100
1.523934
1.410556
1.399062
0.706269
1.424652
1.185549
1.365695
1.428163
0.698773
1.694819
1.211851
0.602431
0.607458
1.702185
1.541512
2.083735
1.324951
0.931255
1.416333
0.717422
0.591571
1.020281
1.748699
1.407217
1.176248
0.996405
1.189001
1.861423
1.022296
1.253385
0.622597
0.621379
0.775739
0.698216
1.023462
0.933337
0.562654
1.026709
1.038389
2.062727
2.062376
1.168399
1.123530
1.209656
1.551114
0.752053
0.885763
1.346882
1.058249
0.911185
1.435662
0.984333
0.643997
0.639622
1.850800
0.916554
0.858898
1.490762
1.142603
0.606046
1.539974
1.060382
1.384049
1.610326
1.080825
1.015707
1.221817
0.827761
1.044976
1.574597
0.739992
1.468126
2.186275
1.174462
1.340714
1.135148
0.568339
1.159381
1.127973
0.874647
1.486412
0.547790
0.850246
1.542736
1.338114
1.112332
1.588500
1.512216
0.538146
1.687809
1.653986
1.648480
0.937497
1.639039
1.319744
0.178510
1.011088
1.959973
1.135570
0.997952
1.412597
0.652056
1.046598
1.143181
0.994490
0.815492
2.287963
0.605355
1.031435
0.571589
1.631445
2.141200
0.844063
1.705793
0.840917
1.169995
1.533935
1.608821
1.728427
1.312494
1.377505
1.114966
1.164878
1.845704
1.056462
1.248726
1.118594
0.948210
0.675397
0.880643
1.224212
0.815962
0.741839
0.771201
1.365850
2.044298
0.881104
0.581730
1.722485
0.992675
1.175195
0.868990
0.278331
1.169875
0.553501
1.046123
0.487812
1.144530
2.562744
2.887248
1.545009
1.396505
0.610510
0.567806
0.922671
2.023263
0.941053
1.294931
0.970399
1.608385
0.650899
1.120172
1.337219
1.550590
1.007803
0.521383
0.779793
1.661023
0.954655
0.637380
2.082275
0.937151
0.582039
1.474451
0.870256
0.749126
1.370379
0.779812
0.831901
1.382253
0.752194
0.998591
1.767859
0.593618
0.636918
0.605995
0.484551
1.013780
1.427242
1.700764
1.695220
1.356244
1.161724
0.309550
1.000578
1.256037
0.502171
1.932212
0.215090
0.146404
1.099841
0.775508
1.199362
1.764679
0.266918
1.721479
1.923626
0.579232
1.277075
1.450336
0.731598
0.713694
0.508362
0.548786
1.309709
1.513417
0.793686
0.479451
2.131412
1.641656
1.516496
1.405828
1.775243
1.059398
0.316397
1.297761
1.202534
0.727822
1.269350
1.815714
1.214371
0.750481
0.766991
0.423504
0.716406
0.939260
0.453328
1.124821
0.199712
1.522091
0.557631
0.542034
0.901563
2.065413
1.273132
0.682832
0.823816
0.570490
1.017305
1.197334
2.165902
0.181718
0.905267
1.625520
1.171057
1.183470
1.588976
1.126927
2.162523
1.136225
0.789200
0.916918
0.943628
0.666137
0.609833
1.329912
0.840465
1.223232
1.107708
2.003104
1.004943
1.768574
1.589906
1.939456
0.697354
0.918887
0.749357
0.617679
0.749524
0.793140
1.027447
0.577857
1.045932
0.283940
1.503711
0.685664
0.909438
0.643224
1.670124
1.824746
0.710241
0.872950
1.479990
0.749494
1.718248
1.629796
0.914408
1.270357
0.732913
1.738814
0.189952
1.038149
1.357132
0.960074
0.393250
0.563420
1.631077
1.038394
0.631591
1.479242
0.435810
0.460542
0.636181
0.824469
0.999700
1.142461
1.163335
0.563534
0.312970
0.942631
0.725413
1.985656
1.173436
1.686701
1.338201
1.220339
0.162929
0.897677
0.418349
0.918810
0.815671
0.645498
1.172323
1.339604
1.424110
0.595218
0.668544
1.588370
1.338162
1.067583
1.876056
2.040408
1.217207
0.089916
1.969530
1.210404
0.774899
1.603806
1.533675
1.374619
1.233784
0.530659
0.430571
0.904689
0.340380
1.321084
0.873588
1.411977
0.716294
0.924946
0.240039
0.459298
0.332156
0.532006
0.651552
1.210162
1.027515
1.449969
1.096636
0.896899
1.203203
1.630875
0.803202
0.582594
1.342164
0.875796
0.973916
1.499788
0.724097
1.749153
1.511974
1.637170
1.859330
1.302642
1.194161
0.499207
1.791475
0.549471
1.609130
0.529058
1.088284
1.646294
1.506601
0.683538
0.928194
1.818662
1.415806
0.691657
1.228877
0.949018
0.581637
0.858327
0.384075
0.570831
0.778558
0.425134
0.727088
0.861464
0.585387
1.646046
1.260150
1.178610
1.255863
1.465307
1.400721
1.440353
1.232375
1.273225
1.483684
1.571221
0.634540
1.651761
0.266028
1.323073
0.531930
0.694746
1.542771
0.778722
0.816551
0.791764
0.791157
1.514053
1.880352
0.966696
0.606980
1.868922
1.114251
1.595168
1.783224
0.873641
1.683240
1.822932
0.932623
1.276167
1.333764
1.129629
1.107240
1.319711
1.040760
0.575810
0.642737
1.010839
2.268018
0.709443
0.474734
0.933803
1.463806
1.195007
0.722086
1.046794
1.252485
0.948577
0.640731
0.904908
1.545914
1.132709
0.481382
1.113442
1.080684
1.742401
2.065143
0.494893
1.373249
0.135587
0.610920
0.852749
0.951170
0.475979
1.348632
0.856296
2.001068
0.618302
1.118736
1.506077
0.874025
1.297345
1.052367
0.374670
1.309737
1.556884
0.652178
2.409948
0.786554
1.466657
1.401828
1.108514
0.561428
0.624415
1.774426
1.315290
1.311697
0.859319
1.075134
1.256359
1.650937
0.686664
1.253895
1.563187
0.742556
0.769231
1.308242
0.744917
0.866662
0.327101
1.543347
0.901869
2.208963
1.457863
1.006465
1.244245
1.353648
1.219014
1.834659
1.196992
0.525586
2.442973
1.092968
1.074964
1.131461
1.377732
0.486351
0.276783
1.767084
0.698327
1.193248
0.577107
1.375697
1.032068
1.793801
1.900182
1.588352
1.319006
0.945845
0.967289
1.039513
1.149434
0.965591
1.715159
1.191148
1.703246
0.428382
1.567524
0.956851
0.991286
1.694616
1.701737
0.962521
0.435080
0.685284
0.852781
1.929524
1.456681
0.548779
1.101464
0.604332
1.194889
1.690268
0.833328
0.672776
1.082118
1.325110
1.703326
1.545497
0.681559
1.996740
1.164796
1.400796
0.669721
1.691483
0.916472
0.758798
0.597938
0.634390
0.985774
0.441518
1.140889
1.588019
1.587805
1.182821
1.393335
0.980525
1.027464
1.957726
0.996261
1.675297
0.983941
0.954676
0.964185
1.205752
1.616016
1.065342
0.396551
1.683027
1.634033
2.179036
0.289363
0.646667
1.638488
0.322189
1.357434
1.081790
2.203100
0.550565
1.448622
1.580535
0.707311
0.962158
0.804691
0.901372
0.734075
0.892634
0.516209
1.527686
1.819185
1.414485
0.549277
1.564279
1.473969
1.784571
0.811869
0.467882
0.765572
1.278877
1.467282
0.889150
1.105207
0.647700
1.258141
1.056806
1.332406
0.977222
0.625746
1.077794
0.980315
1.108373
0.396494
0.796280
0.876851
1.467671
0.881140
0.525914
0.886063
0.739832
1.249890
0.809538
1.271597
1.432785
1.308051
1.206400
0.254091
1.251754
2.405782
1.678605
0.946471
1.394505
0.791371
1.300711
0.977401
1.634696
1.388968
1.098067
0.957581
0.937975
0.306920
1.407905
0.915745
1.595807
0.815596
1.044642
2.786189
1.054577
1.219523
1.044745
1.525155
1.439625
0.808746
0.413511
0.898694
1.213080
1.276000
0.937772
1.362392
0.094299
1.589980
1.216423
0.625666
0.756609
1.132395
0.532101
1.032633
0.950979
2.027910
0.944122
0.640226
1.720940
0.826066
1.274226
1.922180
1.124364
1.573371
0.876568
1.520546
1.559646
1.154778
0.851044
1.103236
0.887745
1.387848
1.247013
0.798590
1.227552
1.309652
1.238380
1.353288
0.783518
0.336095
1.839487
0.686915
1.706404
0.829586
1.042195
1.704167
0.620077
1.457311
1.113992
1.141647
0.523285
1.132352
1.379731
1.199893
0.617367
0.524265
0.653733
1.481474
1.506507
1.431982
1.313581
1.445923
1.477774
1.044279
0.784046
1.520778
1.264971
0.688273
0.719656
0.521539
0.566722
1.643684
0.126293
1.263234
1.030988
2.175611
1.862421
1.548764
0.593854
0.851964
2.080868
0.634239
0.394152
0.763991
0.626916
1.616252
1.265009
0.319784
1.126691
1.408444
1.795873
1.130296
0.969883
1.153606
0.226548
1.177699
0.940966
1.683291
1.354626
0.340699
1.162320
1.312663
0.895381
0.884723
1.156547
0.666363
0.966691
1.319034
0.732204
0.563086
0.722493
1.045153
0.811095
1.197172
1.425950
1.140623
1.189849
0.233633
1.859363
0.621567
0.479050
0.119619
1.131916
1.159375
1.612386
0.662254
1.328330
0.996228
1.218513
1.039210
1.163758
0.731936
0.854146
0.850551
2.448392
0.839066
0.835772
1.425659
0.852544
1.372432
0.924159
0.604841
1.029402
1.457840
1.631007
0.848052
0.050192
1.578505
1.548187
1.681245
1.562432
1.582512
1.058196
1.541351
0.719694
1.179996
0.617259
0.527294
0.750371
0.928430
1.134212
0.386931
1.066448
1.613943
1.388137
1.274160
2.813594
0.898613
0.235211
1.189053
1.262092
0.361245
0.816371
0.826348
2.288818
0.305205
1.195750
1.909600
0.913824
2.013035
0.771996
1.096658
1.109140
1.631205
1.087370
0.969358
1.151104
0.897787
1.319060
1.402649
0.962717
0.860033
0.866809
0.456562
1.524484
1.410046
0.987884
1.149704
0.645752
1.249939
0.851343
0.602384
0.479741
1.197714
1.779414
1.216668
0.686910
1.996556
0.723418
1.159823
1.645840
0.660041
0.879092
1.608392
0.972056
0.928922
2.189584
0.516611
0.960852
0.533072
1.632688
0.950575
0.319531
0.559035
1.372220
1.082999
0.599241
1.428641
1.887112
0.751916
2.049566
1.787174
0.960065
0.746347
0.845668
1.074778
1.435855
1.190586
0.386369
0.381925
0.499435
0.455044
1.279192
1.001572
1.898991
0.711391
0.573582
1.436585
0.950757
0.878592
0.535652
0.932285
2.568571
1.018839
0.895627
0.853760
1.657495
1.442414
0.466549
1.026741
0.709519
1.725264
0.140267
1.154542
1.561899
1.600693
1.348839
0.703557
0.597880
1.743517
1.181583
1.309510
1.267185
1.066697
1.552048
2.182548
1.645395
3.063289
1.718750
0.774272
0.381659
1.000781
1.238518
0.837373
0.964409
1.056834
0.456135
1.082880
0.782173
0.677640
0.511439
1.577618
0.241848
0.620609
1.401476
2.751368
1.537672
0.693401
1.804144
0.464034
1.619119
0.632961
0.506187
0.858842
1.621878
2.398510
0.561063
1.703507
0.450010
1.502753
1.732086
0.999155
0.650866
1.380619
1.427691
1.803919
1.674531
0.461002
1.347291
1.060594
0.648326
0.878597
1.100563
1.471954
1.123568
0.886440
2.179189
1.316036
1.481319
1.922633
1.282971
0.731720
1.736580
0.872465
1.212643
1.122316
1.148018
0.928075
0.914796
1.097461
0.546323
1.184584
1.015226
1.287812
0.507014
1.143847
1.189879
0.399367
0.519127
0.545397
0.597322
0.878444
1.326818
1.263873
1.213956
1.013929
1.558536
0.862614
0.503162
0.852903
1.393396
1.150998
1.171937
1.768994
0.794065
1.674289
0.999416
0.809284
1.465414
1.636529
2.079569
1.073607
0.745181
1.570233
0.797368
0.917445
0.946031
0.680416
0.550934
1.336666
1.183665
1.288438
0.339082
1.617459
0.781865
0.960825
1.063448
1.892368
0.927779
1.526531
0.762044
0.362533
1.615360
1.690933
1.345341
0.690742
0.382711
0.864839
0.439873
0.474580
1.650916
1.492021
1.415510
1.113451
0.780530
1.042028
1.241973
0.632924
0.746922
0.496221
1.106842
1.145369
1.288430
1.916895
1.526021
1.093763
1.511252
1.493946
1.314834
1.381481
0.763029
1.778365
0.382620
1.427769
1.398903
1.070538
1.343870
1.610860
1.918813
1.691365
1.678981
0.815069
1.680802
1.580812
0.725958
1.374784
1.341260
2.371645
0.585194
1.398026
1.635608
0.663390
0.821121
0.565055
1.823515
1.843831
1.313506
0.656679
1.271649
0.720892
1.307013
1.167847
1.727858
0.557591
0.658840
0.541810
0.921330
0.808277
0.918495
0.798455
1.628688
0.770962
1.430438
1.073955
2.020258
2.097724
1.145754
1.142923
0.499853
1.920647
1.799454
0.961604
0.853208
1.307511
1.086264
1.350239
1.216636
0.360975
0.886702
0.410408
0.877683
0.270144
1.628945
0.756766
1.318696
0.406679
1.181317
0.996334
1.829751
1.083159
1.719926
1.559363
1.232434
0.936530
1.266380
0.326876
0.353163
0.874879
0.896244
1.356533
0.569143
0.739361
1.584515
0.797259
1.439500
0.953429
1.010567
2.134006
0.796106
1.505810
1.387022
0.813351
0.655836
0.917121
1.617596
1.201848
1.235218
1.666291
0.284562
0.742756
0.418195
0.941710
1.122906
1.195331
0.635020
0.472914
0.882239
0.732972
0.850395
0.659899
0.721415
1.452936
1.385272
1.594844
0.983669
0.707329
0.658955
1.042305
1.008636
0.832822
1.079205
0.677931
0.878043
1.156454
1.762858
0.932204
2.484895
1.185664
0.235037
1.277896
1.691152
1.188202
1.210233
1.659587
1.329858
0.425870
0.645489
1.657768
1.329204
0.846126
0.686819
0.599015
0.651842
1.112595
1.851783
1.220003
1.489880
0.717649
1.466624
0.348414
1.651534
1.093694
1.011317
0.718701
0.846613
1.124193
1.240715
1.057034
0.668483
1.094547
0.509761
0.984652
1.774582
0.399976
0.271972
1.744889
0.271118
1.791759
1.049044
0.911499
1.316969
1.329152
0.928519
1.269908
1.374029
1.017258
0.758677
0.400213
1.391471
2.054824
2.020611
1.420345
1.357302
0.611581
0.607276
0.629042
0.965292
0.879587
1.407952
1.788798
0.855205
1.635152
0.838764
0.821838
2.083666
1.842935
1.349412
1.156267
0.812623
1.049945
1.472003
2.178752
1.143982
0.450094
1.442832
1.109734
1.486688
0.828267
2.108395
1.191620
1.974028
1.088834
1.608961
1.595243
0.815890
0.979877
1.106679
1.055005
1.086228
1.226159
0.851670
0.704601
1.547832
0.595653
0.731801
0.787483
1.071520
1.005298
1.133396
0.526541
1.130131
1.808548
0.919784
1.449677
0.551549
0.332391
0.643399
1.303082
1.342577
0.672949
1.147303
0.477050
0.982074
0.436710
0.946808
0.625045
0.570536
1.453537
1.733780
0.655917
1.063614
1.735741
1.077637
0.538052
2.236825
0.332886
0.255915
1.040984
1.097987
0.589040
0.655588
1.115379
1.154922
0.824047
1.984592
0.762784
0.923818
0.403306
1.208065
1.198682
0.964572
0.424883
1.195545
0.549152
0.863746
0.969312
1.375809
1.311114
1.162133
1.081598
0.671631
1.974172
1.512076
0.962681
2.262787
1.059394
0.739393
1.309691
1.094737
1.591162
1.119207
0.448044
0.862966
0.898493
2.009027
1.506673
0.675233
0.941474
1.062815
1.103442
1.126018
0.860784
0.320972
1.546043
1.418286
0.754424
1.174783
1.449817
0.469454
1.453871
1.019629
0.784473
2.081949
0.303668
1.379707
1.675604
1.507729
1.006896
1.051338
0.810489
0.622973
0.705450
0.768681
1.963526
1.511059
1.353849
1.397390
0.363416
0.497465
0.763279
1.318212
1.150142
0.937348
0.601354
0.680038
1.127503
0.270499
0.705101
1.155690
1.670834
1.114943
1.011653
0.252931
1.371506
2.186864
1.381195
1.476755
0.928372
1.255772
1.230814
0.502182
0.769169
0.525411
1.096585
1.952803
0.718642
0.938690
0.714327
0.978487
0.563462
1.960536
2.061794
0.825089
0.824030
0.432192
0.960193
1.360882
1.052224
1.142733
0.382525
1.024104
2.006523
0.534343
1.312523
0.536905
1.144605
1.802284
1.314381
0.741024
0.703961
0.217972
1.040788
0.683447
1.518762
0.695881
0.549606
0.716367
0.482958
1.476930
0.740362
1.126906
1.495032
1.563660
1.326889
1.034010
1.817876
0.979647
0.875975
0.921083
0.867319
1.471835
0.969752
0.765209
0.575757
2.107438
1.137126
0.809233
0.650802
1.225903
2.114267
1.148455
1.856983
0.942163
1.211656
0.577280
1.426395
0.086194
1.499047
0.669160
1.242518
1.660909
1.012785
1.657726
1.005845
1.031786
1.220147
1.550120
1.750460
1.818616
0.767075
0.760943
0.923422
1.074309
0.514994
0.994008
0.944653
0.597713
0.476739
1.264491
0.595263
1.284740
1.756148
1.183043
1.658432
0.842259
0.751261
0.983635
1.296167
0.702200
0.540340
1.247546
1.342851
1.649368
1.205511
1.098850
0.984445
1.370609
0.735889
1.438501
0.487714
1.631590
0.597176
1.736541
0.804727
0.789959
1.166551
1.393839
1.384266
1.388040
0.423442
0.723961
1.300881
1.337975
0.866349
1.869894
1.019729
0.308790
2.469134
0.904857
1.034870
1.290661
0.877104
0.395004
1.044810
0.983010
1.114259
1.095452
0.766381
0.138273
1.068261
0.991377
0.960435
0.461497
2.043972
1.321598
0.827841
0.826512
0.532087
0.317287
1.365452
0.990717
1.389031
1.346245
0.972425
1.397373
1.050207
0.148199
0.881690
0.451909
1.239007
1.287947
2.580574
1.081975
0.510889
0.775981
1.951335
1.314033
0.525325
1.019078
0.571892
1.067656
1.715156
1.463443
1.578133
0.669043
0.521421
0.374486
2.279527
0.917515
0.796782
1.281348
0.488870
0.407465
0.721565
1.051833
1.028649
1.209285
1.011051
1.617030
2.032183
0.929322
1.938285
1.150485
0.864002
0.927348
1.611336
1.559022
1.627569
1.396457
1.098100
1.162881
2.114172
1.250184
1.657091
0.612646
1.340705
1.161570
0.795070
0.539026
1.596432
1.504122
0.607562
1.010570
1.153020
1.549347
0.571533
1.002248
1.247584
1.677484
1.660819
1.079079
1.210727
0.914646
1.279549
2.173906
1.469992
0.762827
1.172040
0.919818
0.862887
1.295695
1.735376
2.103653
0.948659
1.579384
2.021855
1.075003
0.904449
1.691974
0.551673
1.136651
1.000462
1.753921
1.251082
0.230139
1.043346
0.984803
1.067299
0.468357
1.300601
0.657343
1.319336
0.529770
0.388222
0.560866
1.266319
0.609806
0.968280
1.589603
0.289400
0.785253
0.270198
0.906085
1.152141
0.889981
1.462399
2.510571
1.280485
1.726969
1.509594
1.057987
1.347674
0.760584
0.890188
0.926022
0.781751
1.371498
0.447130
1.687771
0.881376
0.709744
1.348230
0.401801
1.612435
0.814868
1.202735
0.761547
1.213804
1.456071
1.399897
0.341501
1.832967
0.969298
1.484628
1.663109
0.732626
0.696376
1.370474
1.866898
1.068347
1.203625
1.014434
0.903421
1.036806
1.316239
2.433514
0.650003
0.952202
0.318041
1.782525
0.757512
0.350128
1.477128
0.836801
1.075545
1.317723
1.180444
0.603822
0.381901
0.728363
1.163391
1.030045
1.226160
1.255315
0.776982
1.760039
0.912075
1.439609
1.265909
1.686820
0.556836
1.588928
1.429657
0.604176
1.431009
1.053758
2.088305
1.053808
1.423946
0.777009
0.630117
1.087436
1.731653
0.646166
1.342166
0.646223
0.604148
1.436343
1.055197
0.881055
1.314950
1.589511
0.884051
1.279934
0.280276
1.824944
0.313545
1.646151
0.657985
0.409386
1.894304
1.560952
1.315963
1.175876
1.621068
1.795787
1.453397
1.209126
0.505987
1.979559
1.201810
1.849358
1.232555
1.311222
0.738767
0.213594
1.683295
1.454644
0.695801
1.098871
1.988409
2.094065
2.047985
0.844714
1.393122
1.482307
1.195217
1.683184
0.675579
1.402344
0.563097
0.841140
0.687382
1.187732
1.067104
1.739261
0.803607
0.817397
0.989963
1.363196
2.636476
0.817355
1.515646
1.661247
0.677571
0.925097
0.582116
0.809018
1.214266
0.590234
1.508013
0.749980
0.508824
0.458426
1.274270
0.361738
1.452048
0.743921
1.835445
1.580596
0.657025
1.323522
1.187094
1.324373
1.633410
0.750068
0.723089
0.914648
1.504964
0.844329
0.676344
1.063992
0.673477
0.960785
0.347996
0.809388
0.638019
1.123011
1.003078
0.991366
1.038150
1.009041
1.424168
0.753803
1.068183
0.979783
0.801553
2.001263
0.915351
0.263845
1.198380
0.553323
0.750641
1.105388
1.523478
1.403984
1.332517
0.931561
1.411050
0.748964
1.088754
1.041374
0.541091
1.117411
0.341942
1.395145
0.775833
0.387423
2.388424
0.681325
0.979738
0.443422
1.707752
1.824883
1.292242
0.950854
1.363424
0.759837
1.212547
1.242572
1.017608
1.199682
0.841127
0.919329
0.901239
1.815403
1.302562
1.762616
1.752574
1.335338
1.817992
1.146316
0.875220
1.260216
1.018566
1.534018
1.701218
0.608554
1.362367
1.218617
0.660941
0.448529
0.869757
1.735080
0.624932
0.527665
1.480849
1.268093
0.790700
0.972691
0.405886
0.829447
0.786383
2.143937
0.425851
0.457995
0.878100
1.397984
1.851244
1.299286
1.504446
0.690441
1.765073
1.007749
2.115168
1.423181
0.939044
0.419451
0.498876
1.298303
0.373787
1.662139
1.786928
0.998614
1.876008
0.629003
1.771119
1.122488
1.100240
1.221675
1.261803
1.256237
1.257711
2.179281
1.279347
1.548668
0.898267
1.234697
1.007667
1.054413
0.994193
1.132026
1.857419
1.136409
0.343512
1.674192
1.210940
0.709521
1.432843
1.475718
0.721631
0.782214
1.279845
0.655346
1.799021
1.526745
2.176585
1.613685
2.485803
1.199443
1.557964
1.597166
1.459584
1.389616
0.645875
1.221631
1.020295
1.208766
0.948387
2.081287
1.158320
0.937785
0.883444
1.929364
1.122723
1.019232
1.089486
1.262885
1.809087
1.029206
0.712017
1.279784
0.978777
0.670933
1.125948
1.448580
1.066500
1.979330
0.581256
1.818725
0.839408
0.156163
1.222608
1.598555
0.699900
0.515584
0.834783
1.332578
0.223478
0.743789
0.445850
1.940223
1.532175
0.735252
1.570445
1.385809
0.627158
0.477286
1.110159
1.149690
0.920603
0.740844
0.846885
0.369675
0.960458
1.351128
0.561911
0.148577
0.995146
0.836205
0.392100
1.394863
1.275549
0.720189
1.262103
1.442950
0.570037
1.150206
1.854096
0.712196
1.079647
0.906506
2.189122
1.177395
0.477210
1.504803
1.273012
1.887960
1.971340
0.883164
1.203596
0.829739
1.031500
1.531263
1.516719
1.344293
0.409609
0.992066
1.248168
0.666294
0.432681
1.456187
1.235653
0.791801
2.021316
0.756364
1.062380
0.470291
1.980786
1.430467
0.785054
1.274111
1.162025
1.062955
0.899182
1.377564
0.821212
1.046013
0.398808
0.541577
1.373578
0.834712
1.214744
2.294684
0.817546
1.604538
1.742970
0.642846
0.566085
0.806983
0.549110
0.273269
1.806988
0.725154
0.798703
1.209377
1.383454
0.797286
1.278583
0.420471
1.830716
1.233001
0.424243
1.782487
0.752184
0.796617
1.632297
2.045858
1.106472
1.531485
1.474954
0.770911
1.338247
1.361961
1.826195
0.874424
1.094136
2.079732
1.533165
0.684540
0.758148
0.925606
1.666066
1.285461
0.557685
0.469579
0.668948
0.689005
1.324053
0.838475
0.619614
0.975267
0.434392
0.810281
0.716486
1.301718
0.580305
1.684216
1.537171
0.686445
1.122664
0.554789
0.807444
1.126576
0.785675
1.090964
2.191214
0.838855
1.489385
1.083680
1.558881
0.878507
1.169278
1.651230
1.528463
0.846211
2.281648
1.031690
1.992507
0.160919
1.778728
1.447341
1.162907
0.883640
1.051977
1.419839
1.134460
1.443135
1.790022
1.287558
0.754055
1.458563
1.333649
0.810926
0.953176
1.686259
1.188017
0.618071
0.869648
1.124476
1.115213
1.121701
0.663341
1.185125
1.894510
1.853479
0.722149
0.888376
1.024354
1.382745
1.583199
1.264349
1.269143
1.186069
1.687664
0.990499
2.000124
1.350951
1.249009
1.653533
0.914590
1.392782
0.725807
0.724808
1.374759
1.525619
0.767401
1.477050
0.497619
0.951406
2.075630
2.488087
1.369027
0.675280
2.051073
1.104341
0.990858
0.645990
0.475355
0.522157
1.359846
0.702845
1.348568
1.318516
1.170630
1.367743
0.778807
1.669867
1.156026
0.759297
0.517325
0.840409
1.540440
0.595442
1.120956
0.420554
0.539530
1.173659
0.369386
1.346033
1.345475
1.388910
1.009103
1.626210
1.783589
1.428537
0.785241
1.222997
0.966684
0.174952
1.078934
1.287894
1.698581
0.496293
0.600866
0.764224
1.942064
1.924310
0.426805
1.124138
1.168756
1.302672
0.692712
1.093875
1.630949
0.339792
1.283854
1.251500
1.914016
0.584969
1.701953
1.148960
1.859593
0.758184
1.535651
2.198299
1.262478
0.396143
0.932775
1.093711
1.553149
1.297775
1.847702
0.259958
1.761195
1.343356
0.360873
0.369613
0.633817
0.749645
1.369786
0.816124
1.736140
1.268145
0.485902
0.982305
0.435702
0.722090
0.827827
1.167510
1.047580
0.492945
1.210773
0.883573
0.928151
1.249077
1.808443
1.676392
1.404188
0.902742
1.301473
0.770580
0.756721
1.297020
1.246375
0.690348
1.286541
0.712312
0.630623
1.218766
0.987573
0.821126
1.224347
0.691425
0.703162
1.073062
1.895463
0.558260
1.029345
1.031179
1.157927
0.723134
0.870479
1.351499
0.854145
0.479344
0.365925
1.902313
0.415014
0.712924
0.680111
1.549004
1.701883
2.839516
1.669434
0.403140
1.643989
1.012150
1.190237
0.792582
0.663787
0.552115
0.836339
0.507295
0.119337
1.601903
0.892315
1.490953
0.426614
0.586345
0.828789
1.814251
0.633761
0.597423
1.334594
0.723052
1.357636
0.972177
0.519018
0.456408
0.709373
2.224974
1.195149
1.745985
0.947847
1.257492
1.247763
1.128291
1.421887
1.393378
0.888475
1.383720
1.345208
1.666442
1.596767
0.977669
1.120948
0.501411
0.814753
1.315929
0.737522
0.760183
1.366349
1.581015
0.822396
1.136283
1.103251
1.430204
1.940920
1.178532
1.734688
1.810061
0.634558
1.051291
0.459390
1.493754
1.128187
1.463163
1.079602
1.425293
0.829973
0.624295
1.584858
0.554306
2.609976
0.540461
0.615084
0.321907
0.809637
1.030057
1.161115
0.364406
1.422815
1.937139
1.911172
0.994244
1.438094
1.579174
2.059099
1.388754
1.164799
0.429165
1.561914
0.705523
1.045558
1.771197
1.188065
1.087245
0.895944
1.676771
1.748104
1.628234
1.099189
0.880291
0.558362
1.272375
0.955311
1.315694
1.376133
2.273203
1.408227
0.755153
1.298948
1.056208
1.284640
0.929372
1.216480
0.802330
0.934970
1.321150
1.137332
1.616172
1.127808
1.305151
1.599275
1.268634
1.265947
0.704844
1.054865
1.041891
1.835275
0.550904
1.307038
0.750761
0.688519
0.303046
1.361705
0.411466
0.682066
2.208605
1.130208
1.385652
1.254536
2.373004
0.583558
0.704653
1.995652
1.792677
1.529012
0.638196
1.911008
0.773025
0.925646
0.884048
1.279682
1.086338
1.473998
0.183263
1.224562
0.875397
1.344832
0.985231
1.060197
1.067326
0.868805
2.306483
1.548620
0.974763
0.706856
1.457596
1.119583
1.578385
0.851758
1.393061
1.042170
2.636080
0.628833
0.985912
1.213470
0.878139
1.572380
0.782311
0.866597
1.897650
1.375961
0.780112
1.267568
1.267792
0.819096
0.748620
0.599341
0.873318
0.553620
0.853405
0.985001
0.965385
0.703318
0.640625
1.618257
0.545257
0.769861
1.071553
0.991378
0.992996
0.940939
1.877495
1.372250
0.393825
1.158989
1.275515
1.232021
0.940307
0.555520
1.186116
0.961282
1.879258
1.321143
1.196810
1.569486
1.653963
0.907858
0.895733
1.428381
0.761384
1.701489
0.888445
1.450285
1.826655
0.706265
1.281482
0.696290
1.619540
0.875449
1.026047
1.240806
1.226074
1.298168
0.714440
1.905164
0.412692
1.050185
1.328644
1.055013
0.646105
0.436670
1.136481
0.840100
0.458488
1.029792
2.488329
0.911009
1.175523
1.595761
1.082730
1.079988
1.181390
0.955476
1.840303
1.229700
0.587655
2.124272
0.703702
0.696860
0.697213
1.079135
0.318717
1.237228
0.900642
1.266453
0.412338
0.878125
1.069704
1.063499
0.847085
1.125975
1.172242
0.905164
0.757159
0.532013
1.422928
1.474094
1.107694
2.443576
1.058588
1.453049
1.361435
0.518248
0.983521
1.160145
1.674867
1.448148
0.495690
0.858995
0.188792
1.127916
2.054607
1.004413
0.736704
1.437352
0.600732
0.576214
0.827923
0.869121
0.884863
2.083226
0.766638
0.350023
0.618075
0.986511
1.427334
1.287646
1.147493
0.414196
1.174264
0.860883
0.856722
0.561840
0.741994
1.299761
0.682866
0.395797
1.517617
0.828927
0.766070
1.727638
0.881016
1.411108
0.949526
1.414805
0.838137
1.036037
2.080645
1.361014
0.774124
1.551442
0.577363
1.050640
1.251685
0.836289
1.056212
1.431470
1.078317
1.078251
1.046988
1.826720
0.441933
0.753255
1.709754
1.018324
0.905453
1.563222
1.561097
1.918972
0.651954
1.584204
1.049691
0.841964
1.119455
0.545147
1.246269
0.858473
0.803674
1.236632
0.610967
1.217169
0.966800
1.076320
0.453362
0.922049
0.320642
1.425151
0.289435
1.563457
1.146147
1.523796
1.469458
1.373494
0.287000
0.463233
1.313829
0.442786
2.778903
0.371805
0.977972
1.185032
1.465663
1.217555
2.436743
0.427189
0.391135
0.988693
0.866605
1.799892
2.685406
1.185433
0.888177
1.587773
1.974465
0.261040
0.725076
1.171776
1.111866
1.092322
1.078118
1.557652
1.429337
1.418146
1.219634
0.736647
0.181618
1.530152
0.919408
0.953130
1.912635
1.481863
0.922698
0.572913
1.224273
1.197794
1.043090
0.876784
1.187568
0.675388
0.938536
1.431968
1.794625
1.452181
1.108988
0.416515
1.880238
0.898281
0.988364
0.662060
0.832471
2.022344
0.274254
1.574282
1.298270
0.905615
0.612251
0.668692
1.185696
0.799404
1.176643
0.487570
1.611933
1.073237
1.333642
1.441564
1.474496
1.116548
0.945602
1.479910
0.813397
0.943799
1.639546
0.727194
1.580894
0.651249
0.891310
1.180100
2.022075
1.788099
1.147597
1.841661
0.303349
1.066515
2.133888
0.697976
1.763634
1.604197
0.913617
1.119980
0.877334
0.189762
0.214102
1.512924
1.432773
0.270417
1.046425
1.169278
0.933979
1.105477
1.703252
1.909413
1.138390
0.531753
0.957293
0.971412
1.345103
0.536750
0.950926
0.778762
0.497314
0.756364
0.597710
0.973760
0.791780
1.329621
0.989613
0.481586
0.630422
0.904500
0.791372
1.081343
0.824572
0.771129
1.875460
1.110536
1.080204
1.433955
1.022943
1.118178
1.719242
0.192668
0.773050
0.868399
1.281330
1.019337
1.150406
0.912853
0.781245
1.940843
0.709798
1.190390
0.997764
0.909196
0.508851
1.283317
2.185272
0.373567
1.707739
1.204074
0.777343
1.130321
0.504065
0.724975
0.308955
1.367943
0.887570
1.363381
0.948786
0.922429
1.709782
0.957817
1.238741
1.626809
1.295724
0.756415
1.026238
1.888728
1.352758
0.844420
1.550896
0.932872
1.195327
1.000643
1.322348
0.973416
1.789135
1.060174
0.706557
1.226018
1.446717
0.975512
1.467008
2.131140
0.898152
0.735880
1.761484
0.765446
1.419657
0.406680
1.007827
1.271186
0.390693
1.020816
2.102138
0.318550
0.963862
0.726181
1.997320
1.340151
0.864680
2.196942
1.392678
0.692600
2.802943
1.014299
0.663196
1.272218
0.699062
1.235932
0.532004
1.201002
0.653315
1.338561
0.438701
1.721164
1.528041
0.981918
1.336476
0.577310
0.682746
1.285375
0.922655
0.919666
1.969043
0.783430
1.776829
0.579494
1.137517
0.704121
0.881887
2.183770
1.745471
1.479425
0.196639
0.872993
0.859930
2.303923
1.088588
1.207957
0.696046
0.198934
1.802486
1.125263
1.010385
1.322491
1.217687
0.653059
1.186515
1.320850
1.604930
0.979267
0.798843
0.788008
0.298525
1.125059
0.628359
0.392570
1.372339
1.720225
0.829610
0.847461
1.346684
1.137064
0.841458
1.254816
1.341937
1.194625
1.005774
2.411997
0.586418
1.123948
0.765723
0.959225
0.963137
1.144040
1.502512
0.505600
1.473667
1.386242
0.737174
0.302624
0.983191
1.564332
1.509267
0.702118
1.429144
1.661127
1.157997
0.734919
0.880420
1.027049
1.362249
0.776777
1.122589
1.214523
0.619689
1.857871
1.142034
0.564529
1.177554
1.801078
1.117284
0.715664
1.541071
0.924898
1.166431
1.535146
1.221960
1.420230
0.655052
0.251727
2.161521
1.029063
0.874018
1.066934
1.010688
1.149120
1.007876
0.569565
0.916387
1.402375
0.443067
1.166661
2.081862
1.131754
1.897403
1.151532
0.482957
1.373157
1.844098
1.466753
1.989634
0.969431
1.185192
1.812714
1.164135
0.619504
0.423838
1.080939
1.082058
0.574472
1.052941
0.610590
1.353278
0.917570
1.395253
0.752914
0.913490
1.874680
1.181522
0.500834
1.215809
0.903309
1.184088
0.846063
1.205118
0.521652
1.172347
0.704677
1.220330
1.265665
1.079367
1.139168
1.897679
1.262398
2.004708
1.147765
0.592666
1.526118
1.425705
1.447499
0.555885
1.815579
0.416889
1.988064
0.455397
0.595656
0.994433
0.554470
1.431563
0.864532
1.960922
1.131254
0.954620
1.422892
1.824672
0.864189
1.171056
0.693482
0.732614
2.312569
1.425246
0.572270
1.705537
1.182361
1.303905
1.515147
0.595227
0.934360
1.449295
1.080506
0.214769
0.868726
0.732824
1.268975
1.684885
0.974062
2.325896
1.032832
0.503851
0.432087
0.238491
1.218212
0.967933
0.722249
0.605018
0.633911
1.012517
1.906486
0.750161
1.829216
1.761676
0.915627
0.772519
1.164318
2.243642
0.788281
1.456454
1.167208
1.143725
0.221735
1.143154
0.179088
1.090106
0.872874
1.699805
1.427510
0.955651
0.565646
1.135873
2.448571
0.609706
1.131306
0.702816
0.537639
1.331781
1.951708
1.668128
1.422369
0.988459
0.408516
1.232856
0.662459
1.094825
1.770120
1.446047
0.894401
1.071665
0.430770
0.628618
0.621038
0.447312
1.333284
1.361253
0.668326
1.234863
0.773056
0.445864
0.754451
0.315600
1.937428
0.713467
1.100735
1.514670
0.761401
0.627319
1.102758
0.727652
1.254621
0.841623
1.614321
0.554040
0.730996
0.490813
0.919791
0.974810
1.504121
0.675950
0.816623
0.854185
1.011110
0.186336
1.115593
1.059995
1.177615
1.791387
0.605893
0.616309
1.174053
0.963836
0.946683
1.572215
1.511481
0.851598
0.818696
1.627918
1.319572
1.121570
1.106747
0.680658
1.514945
0.675738
0.857096
0.321168
0.795247
1.466722
0.737351
1.448124
1.101494
1.250286
1.321780
1.396137
0.841922
0.742795
0.464343
1.062901
0.952224
1.196058
1.792335
1.669593
1.974923
1.237058
0.912959
1.259591
0.705969
2.243932
1.517583
1.370299
1.206402
1.014317
0.586891
1.768358
0.547054
1.530155
0.234840
0.261527
1.823826
1.375276
0.971711
1.892401
1.415141
0.946734
1.344561
1.137501
0.822245
0.899988
1.564614
1.051330
1.510243
1.060147
0.770582
1.874105
2.129118
1.277470
1.169218
1.115713
0.365555
0.869096
0.905392
1.404851
1.242273
1.159785
1.053919
1.688032
1.818299
1.065449
1.776804
1.220002
1.114654
1.434128
1.078457
0.992107
0.813138
1.335867
1.289033
1.012384
0.999100
2.792649
0.311600
1.258803
1.626587
0.757160
1.580531
0.700682
1.341432
1.505145
1.066347
1.860633
1.500886
1.902437
1.036517
0.657510
0.696663
1.348694
1.208079
2.320348
2.041499
1.244108
0.706037
1.155366
0.752304
0.927391
1.000261
0.789331
0.710787
0.663757
0.468515
1.667478
1.033088
1.132227
1.719019
1.578243
1.785987
0.807906
0.856838
0.810147
1.295050
1.552055
1.877140
0.987700
1.670515
0.396958
1.847775
1.180604
0.494922
0.664860
0.828917
1.426162
0.942954
1.431414
0.820915
0.574229
0.406723
1.505849
1.685464
0.721886
1.137081
0.840994
0.312679
1.375419
0.317577
1.492100
1.160833
0.611309
0.823985
1.945620
0.830911
0.767272
2.003635
1.359228
0.476793
0.387774
1.428939
1.342064
0.329611
1.679734
0.722155
1.057670
1.185838
1.335189
1.097099
0.500932
1.408521
0.512963
1.757777
1.639861
0.554570
0.577458
0.955072
0.954978
1.159465
0.820177
1.163116
1.013091
0.316545
1.647928
1.482528
0.347882
1.431860
0.262587
0.811411
0.675729
0.729397
0.972565
0.840926
0.256366
1.088270
0.615636
0.845343
0.852780
0.774041
0.609035
0.980008
0.462066
0.762294
0.597712
0.459614
1.085308
0.692274
1.689274
0.865211
0.440062
0.844215
1.120216
0.707859
1.066527
0.747734
0.980240
0.714380
0.922023
1.370368
1.841765
1.603121
1.544298
0.719578
1.764953
1.850445
1.186144
1.183777
1.962847
0.523310
1.501162
1.820726
0.586959
0.546086
0.886449
1.085115
1.854353
1.084343
1.665676
1.503281
1.673924
1.450127
0.924132
1.433841
0.881818
1.720244
1.757699
0.865700
1.415859
1.537805
1.542908
1.739780
1.276311
1.232574
1.187319
0.685772
1.489139
0.875577
1.134787
0.552515
1.277192
1.947814
0.552450
1.262717
1.728972
1.082981
1.717207
2.485933
0.999876
1.347614
0.823920
1.132656
0.974462
0.188725
0.942627
1.715166
1.072479
1.192924
0.901222
1.315801
0.750155
0.861437
0.826790
1.252400
0.158436
1.487365
0.897640
0.950560
0.942950
0.858581
1.614581
1.401550
0.558398
1.062737
1.178165
2.058254
1.067481
0.951189
0.373001
1.032522
0.671336
1.359831
1.375416
0.792298
1.463661
1.712269
1.259577
2.097534
0.649029
0.795722
1.148599
1.454949
1.136600
0.237643
1.855434
0.667888
1.122715
1.532517
0.809283
1.274611
0.718014
1.486542
0.553711
0.690587
1.333623
0.423535
1.795812
1.562092
1.095299
1.140125
0.958656
1.302478
0.974734
1.282551
0.674016
1.760859
0.601421
1.934060
1.745769
0.744967
0.809616
0.590237
1.389773
0.766664
1.096728
0.877787
1.094398
0.597270
1.030403
0.750978
1.262587
1.484798
0.422507
1.554527
0.862445
1.375342
0.780621
0.631173
1.495055
0.675717
0.883082
2.015174
0.405612
1.244180
1.342200
1.098468
0.382280
1.102238
0.463395
1.743692
1.343612
0.821347
0.827779
1.105691
1.188040
1.558836
1.184030
1.809382
1.291916
1.422745
1.547055
0.963657
0.823029
0.672828
0.161110
1.210923
1.051184
1.095959
1.393192
0.808703
0.756477
0.659196
1.307620
0.922799
2.074665
1.163365
1.457599
1.114447
0.682908
0.805534
1.016575
1.107165
1.578559
0.637033
0.981434
1.234247
1.561282
1.173893
0.760266
1.643448
0.460274
1.641026
1.919333
0.898612
0.903551
1.056797
0.762983
0.766213
1.605808
1.388048
0.585895
0.775103
0.196395
2.224272
0.970234
0.887338
1.162113
0.931551
0.840872
1.597838
1.987726
1.183679
1.309296
1.145357
1.019898
0.575388
0.590883
0.444134
0.529543
0.959860
0.980338
1.136238
1.316308
1.415095
2.244985
1.540809
0.524328
1.098640
1.082168
1.477008
0.475415
1.637334
1.273667
1.247619
1.209435
1.252273
2.352220
1.889921
1.050627
0.768171
2.090898
1.765476
0.853606
1.006750
0.634262
1.451104
1.193649
1.848778
0.936988
0.714417
1.984527
1.858698
2.496261
1.026116
1.222168
0.900103
1.012391
0.515064
1.634644
0.846819
0.983787
0.663956
1.359760
0.996902
1.009923
2.541832
0.342196
0.811774
1.617810
0.746932
0.761156
1.153389
1.085182
1.257675
1.373280
0.462234
0.632441
1.372816
0.982568
1.226958
0.859099
1.953480
0.665593
1.769255
1.349614
0.732129
0.888632
0.581514
1.253516
1.301222
1.828510
0.755298
0.729196
0.618263
0.712652
1.677732
0.800918
1.191185
1.238714
1.061708
1.047070
1.313355
0.421521
1.623375
1.442382
1.881188
1.267994
1.689425
0.450007
0.826375
0.703429
0.813496
1.091247
1.226397
0.829636
1.255966
0.424743
1.754334
1.221723
1.059089
1.332859
0.743700
2.118680
1.117822
0.997662
1.388673
1.498322
1.002374
1.212744
1.273988
1.108339
1.027486
2.383384
0.449734
0.334058
1.587993
1.412282
1.527860
0.909145
1.302208
0.737465
1.082616
0.679629
0.355741
2.250237
1.138326
1.372538
1.141435
0.860846
1.298525
0.997915
1.464755
1.240211
1.846499
1.339228
0.302119
0.939196
0.865317
0.968382
0.322622
1.336850
1.062323
0.671633
1.601625
1.090439
1.656250
1.917416
0.125486
2.070030
0.708482
0.535365
2.151895
1.119939
1.164684
1.822888
1.861978
1.037134
1.442007
0.822193
1.845512
1.500184
2.301074
1.437738
0.778748
1.068524
1.195297
1.630564
1.645448
1.442409
0.831048
1.810539
0.764631
1.001945
1.601510
1.683616
1.090219
0.939156
1.233631
1.226025
1.310315
1.427620
1.030434
1.628727
1.263947
1.902051
1.236604
1.614524
1.265263
0.341547
1.979781
1.074256
0.788345
0.775240
1.226565
0.560177
1.444144
2.124374
1.944070
1.390185
1.275440
0.716582
1.098788
1.044140
1.933312
1.627677
1.128548
0.776723
1.310183
0.390159
1.242796
1.154548
0.466074
1.206248
0.319786
1.749199
1.096988
0.475881
0.916620
1.317659
1.522912
1.818924
2.598147
0.415940
1.726069
1.320290
1.230878
2.302981
0.939106
1.450755
1.463725
0.979495
0.365356
0.449151
0.983803
0.580342
2.424881
0.785925
0.730544
0.754264
0.650754
1.243249
1.086867
1.532357
2.117770
1.773071
0.995252
0.683550
1.117114
1.718233
0.785688
0.958254
1.488718
0.836462
0.966269
1.292164
1.616501
0.534033
1.050355
1.932274
0.658165
2.142506
0.895516
1.921162
2.160905
0.631966
0.825575
1.042199
0.430389
1.240962
0.495559
1.231351
1.608770
1.919412
0.815796
1.113110
1.448464
0.684683
0.663352
0.794429
1.231920
0.794582
1.495524
0.994773
0.876858
0.740132
0.789412
0.469412
1.679294
1.153341
1.777257
1.732770
1.406482
1.489861
1.204402
0.551725
1.558594
1.194799
1.167580
1.364787
0.580355
0.951983
1.244295
1.558073
1.460678
1.048979
1.112734
1.289531
1.812824
0.643115
1.890939
2.425221
1.006416
1.172348
1.222673
1.448805
0.599967
2.549648
1.660675
0.835194
1.304953
1.273642
1.214597
0.667436
1.195895
1.009269
0.885387
1.600512
1.081596
0.143471
0.698815
2.875775
0.339881
0.724628
1.531865
0.561485
1.263166
1.403716
0.480278
1.755664
0.676504
0.424723
1.649050
1.001723
1.235292
1.408092
0.582410
0.976549
0.922909
2.164808
1.885751
1.988138
1.070651
1.258718
1.442800
2.499078
0.808329
1.653177
2.183344
1.230306
1.111898
1.080932
0.272216
1.010377
0.845582
0.622119
1.123762
0.250834
0.768440
0.534223
1.238276
1.052278
1.705785
0.238999
0.728142
1.357595
0.921693
1.720680
1.104447
1.010806
1.728962
1.533785
0.351126
1.496923
2.036235
1.494446
2.099101
0.588911
1.787646
0.656863
0.264123
1.242042
1.601847
1.058809
1.703158
0.578985
0.776092
0.982384
0.751249
0.834187
0.592760
2.002770
0.856187
0.781275
0.640686
1.299204
1.300971
1.193009
0.920734
1.601665
0.900584
1.505080
1.043730
1.018590
0.330162
1.396524
1.476916
0.832069
0.886976
1.687207
1.231752
1.609958
0.950200
0.088860
0.481986
1.039289
1.070263
0.968046
1.320328
1.103241
1.289846
1.893524
1.166779
0.915938
0.771948
1.351425
0.835637
1.006136
0.849020
1.155746
1.033849
0.992735
0.637583
1.763172
1.530804
0.252673
1.689052
2.064430
1.423745
0.527777
0.378668
0.517909
0.756771
1.458387
1.528076
1.769189
0.946797
0.419103
1.613088
1.444456
1.148917
1.038508
0.870366
0.789718
0.999149
0.665704
0.236881
0.675857
1.273770
2.307935
0.804878
2.032731
0.342706
0.715249
0.184716
0.841392
1.759023
1.658858
0.745156
0.800539
1.451232
0.852952
0.596632
1.019260
1.301672
1.645533
0.472491
0.651980
0.500170
1.342700
1.296531
0.796086
1.582159
1.109614
1.320207
0.347420
1.348618
1.164954
2.032256
0.979366
1.994331
1.171461
1.534696
0.479307
1.147434
0.869456
1.092905
0.928998
1.066449
0.807502
0.996235
2.149024
0.577467
1.161508
1.018116
0.995422
1.784234
1.599888
0.873818
0.897755
1.214225
0.695583
0.999066
1.037706
1.026553
0.889164
0.856779
1.562001
1.481274
0.863900
1.027627
2.379635
1.923613
1.340225
1.594030
1.345839
0.677342
0.828464
0.871953
1.398191
0.623570
0.756708
0.997781
0.920343
0.845401
0.741753
1.566738
0.834326
0.814158
2.131356
0.485619
1.539659
1.321450
0.882521
0.732093
0.834609
1.554465
1.381301
1.155053
2.072238
2.144037
0.843553
0.811062
1.049671
1.512790
2.070358
1.301686
0.226130
0.793343
0.296817
1.594950
1.326132
0.674177
0.826513
0.593925
1.377251
0.516556
0.595497
1.008358
1.569065
1.048160
1.319012
1.402765
1.187474
1.281006
1.676927
0.292903
0.211984
2.394088
1.850653
1.123261
1.567897
2.832643
1.307783
1.151090
0.964872
1.469814
1.486293
1.607760
0.995650
0.319684
1.055677
0.524127
0.747178
0.765682
1.004267
1.345631
0.892545
0.666494
0.445280
1.347807
0.812587
0.729777
1.006760
0.490249
1.048243
1.005329
1.243268
1.124229
1.011729
1.268491
0.506597
1.090364
1.099641
1.010422
0.968887
1.055913
0.309255
2.864755
0.623562
0.991806
0.802778
0.800905
1.082012
0.641000
1.486898
0.688599
1.153616
0.941698
1.370667
0.910236
1.457686
1.545872
1.198646
2.343769
1.049722
0.868421
0.969160
1.053356
0.725606
1.249330
0.555117
1.982018
0.576872
0.334666
0.526921
1.316149
1.001464
1.193872
1.007554
0.854423
1.759008
0.680485
0.563669
2.008775
1.080186
0.670105
0.931046
1.131539
1.105459
1.871387
1.322810
1.067834
1.340338
1.188098
1.919574
1.090310
1.375775
1.742843
1.233211
2.702090
0.955024
0.609286
1.398239
1.302689
0.529576
1.585848
0.965349
0.877742
0.833570
0.815217
0.871006
1.617254
0.730335
1.112533
0.549112
1.994513
0.462269
1.902424
1.811091
0.336293
0.476629
1.197002
0.765673
0.985144
0.660487
0.719155
2.105278
1.091681
1.087000
0.338383
1.194072
1.788403
0.890040
0.376822
0.655732
0.891758
1.407411
0.867649
0.865026
2.566731
0.733718
1.062759
0.621877
1.420209
1.846527
0.858177
1.026157
1.093568
1.291081
1.702780
1.274004
0.496045
1.413926
1.405208
0.704123
2.262006
1.412570
1.164084
0.730076
0.990445
0.627856
1.908466
1.377841
1.214833
2.789104
1.690654
0.954642
0.377698
1.479547
1.326102
1.991716
0.861627
1.600079
1.816266
0.928276
1.918163
0.744243
1.548819
1.038428
1.085538
1.735296
0.798046
1.167287
0.773205
0.740013
1.073778
1.821890
1.945853
0.507966
1.871089
2.368273
1.168681
0.452642
1.686378
1.017390
0.562072
1.134203
1.666028
1.515854
0.635050
0.597393
1.240748
1.203940
0.638846
2.140671
0.796414
0.589219
1.447536
0.378073
0.796759
1.152881
0.891940
0.607051
1.498660
1.460866
0.972180
1.952817
1.146686
0.848886
1.814018
0.760462
0.862965
1.081384
0.833292
1.148633
1.558490
1.516329
0.979654
0.483826
0.865165
1.341488
2.361408
1.498625
0.350866
0.994357
0.740923
2.477095
1.141413
1.357311
0.551157
1.692734
1.039735
1.413482
1.196495
2.086477
1.484897
0.749664
1.585847
0.699131
1.589043
0.940935
1.315667
1.968054
1.018384
0.897938
0.536312
0.490203
1.199984
0.873686
1.158073
0.748551
1.952670
0.764139
1.440035
1.419116
0.513986
1.303167
0.332483
0.525904
0.718932
1.133091
1.235378
0.744595
0.534794
1.064953
0.908470
0.829065
1.336080
0.950637
0.946562
0.751989
2.517619
1.953404
0.778901
0.639552
1.491407
1.991218
2.838712
1.157541
1.486029
0.665811
0.682267
2.643401
0.660028
0.911673
1.723101
0.349483
0.690166
1.572902
1.087282
1.716142
0.466061
0.418347
1.608492
0.947578
1.600565
1.301554
0.920348
0.987304
0.604821
0.470703
1.079327
1.352678
1.078981
0.699400
1.160731
1.187597
0.693856
1.401097
0.434094
0.952231
0.754317
2.264463
0.733711
1.051301
0.528683
0.798278
0.798181
1.272514
1.086716
1.378082
0.736181
0.705234
0.375963
1.261650
0.768229
0.659466
1.136828
1.020274
1.464642
1.504841
1.424635
1.046640
1.127383
0.409492
0.815638
1.245835
0.706240
0.499186
0.404265
1.191202
1.797266
1.629173
0.758827
1.612464
1.102831
1.589604
0.838322
1.417847
1.315511
0.813277
0.649907
1.220983
0.784413
0.622842
0.592623
1.169362
0.170402
1.826827
1.237045
0.911192
1.211640
1.204105
0.976575
1.497699
1.676208
1.660597
1.637997
0.982639
1.128235
0.413427
1.071022
1.467313
1.897509
1.868904
0.727061
1.554176
1.208773
0.280748
1.716920
1.499684
1.366559
1.834706
1.074140
1.335957
2.232022
0.719004
0.244522
1.278049
0.608995
0.455929
2.046026
1.627418
0.206818
0.472768
0.621494
0.789268
0.582955
1.000234
2.092471
1.100621
2.097663
2.364843
0.883086
0.776306
0.617105
0.303637
0.830734
0.887877
1.289521
0.874881
0.522742
0.920024
1.178847
0.813848
0.656180
1.182259
1.009646
1.195650
2.581211
1.573362
0.689378
1.101926
1.069501
0.952003
1.933028
0.727105
2.134389
0.615064
1.601874
0.417188
0.595470
0.859881
0.587270
0.867526
1.432839
0.870250
0.829504
1.283094
1.059729
1.117492
0.696935
1.144954
1.511139
0.881592
1.977068
0.873807
0.837937
0.526448
1.112990
2.340485
0.811253
1.298254
0.944823
1.033054
0.939004
1.397789
0.985119
1.495296
1.677869
0.800386
1.148022
1.112792
1.318089
0.679230
1.870994
0.950432
0.465545
1.043512
1.221239
1.409678
1.983463
0.713036
0.579390
2.276661
0.350294
1.288870
1.663516
1.326468
0.502524
1.254577
1.278416
0.459180
1.535527
1.427497
1.030214
1.595687
1.010806
0.492326
1.741893
2.219665
0.901229
1.499605
0.936909
0.874961
1.775856
0.664593
0.813127
0.800870
0.400444
1.013507
1.011457
1.231146
1.374781
1.901634
0.609727
0.711420
0.797456
0.629014
0.846681
1.026350
0.849674
2.075479
1.330995
1.274564
1.283631
1.046157
1.533244
1.884891
1.987585
1.788355
1.344094
0.550209
1.116971
0.639596
1.312114
1.984648
1.149614
1.020496
1.416691
0.687916
0.429815
1.397726
1.299492
0.614665
1.339667
1.437214
0.816547
0.914082
1.762530
1.764350
0.740105
1.655936
0.948695
0.878610
0.702173
1.614429
1.417439
0.977774
1.483786
1.159046
1.140733
1.325878
0.922366
0.704150
0.686931
1.325037
0.538612
1.202348
