0.667362
0.435272
0.903431
1.722785
0.308766
0.981626
1.808662
0.981977
1.292265
1.879957
1.358174
1.613498
2.249161
1.264584
1.236125
1.036080
1.184065
1.703939
0.542980
0.813396
1.570761
0.761807
0.275418
1.355719
1.580756
1.010995
0.747282
0.742793
0.965004
0.622157
1.411153
1.636315
0.545382
1.394707
2.158301
0.686393
0.938811
1.313583
1.002735
1.116492
1.471632
0.943191
0.797131
0.831582
0.440991
0.583217
0.340090
1.039166
1.043256
0.822656
1.658659
0.786085
0.847306
1.180096
1.305460
1.298145
1.367419
1.237534
0.921205
1.797589
2.134916
1.169643
1.106973
1.089622
1.505680
0.324739
1.294201
0.589776
1.119071
0.808064
1.342827
1.039641
1.980310
1.501380
0.332866
0.615276
1.007770
1.207616
1.783912
1.123096
0.966628
1.148725
0.763762
0.451847
1.024883
0.957262
0.731606
0.493753
1.484351
0.709307
1.310661
1.409460
0.815577
1.294637
1.331924
0.368227
1.348300
1.411113
1.620712
1.269681
1.813902
1.722853
0.794812
1.867359
0.826421
0.372898
0.507986
1.417852
1.989696
0.660999
0.923281
1.229458
1.072368
1.500575
0.712268
1.274290
0.399432
1.614910
0.410948
1.260646
1.223483
0.931295
1.183420
1.288669
0.523948
1.095269
1.350529
0.889967
1.125464
0.767286
1.724262
0.956792
0.668170
1.252115
1.012641
1.718110
0.603330
0.625155
0.498583
1.363780
1.780218
1.295332
1.287366
2.066791
0.821777
2.028906
0.729894
1.600220
0.228055
0.886494
1.473700
1.206701
2.104342
1.293823
1.820374
0.833295
0.901917
2.058100
1.697375
0.761805
1.051424
0.894216
1.995140
1.248679
0.270423
0.941839
1.619736
1.494213
1.231223
0.876811
0.418346
0.909509
1.339081
0.849538
0.510413
0.799288
0.569800
0.489328
0.849579
2.004582
2.239539
2.048636
1.142752
1.745607
0.145858
0.219732
1.250033
1.171842
1.269986
1.410351
0.968574
0.953704
0.368385
1.504950
0.597674
0.852770
1.113657
0.861605
0.978757
1.619950
0.212337
1.212210
1.608851
1.308221
0.807669
1.206486
0.851326
1.458110
0.784783
1.093743
1.353348
1.487570
1.823546
0.729153
0.763485
0.341155
1.130351
1.894171
1.543117
1.098371
0.888694
1.009886
1.470607
1.270212
1.281713
1.467651
0.484822
1.073100
1.151148
0.872831
1.948933
0.691316
1.666475
1.273882
0.867524
1.469912
1.030402
0.542781
2.530532
1.301425
0.895147
2.083757
1.091482
1.306883
0.737061
0.687641
1.083030
1.172937
0.939945
0.843997
1.264298
1.264551
1.040621
2.005127
2.032168
1.071456
0.794721
0.754995
1.623038
0.910763
1.707850
2.121358
1.053243
1.013545
1.768764
0.170622
1.462302
0.959592
1.022537
0.966968
1.807807
0.519944
2.079788
0.532796
0.412534
1.453672
1.276996
0.509148
0.654175
0.960113
1.410509
1.361785
0.372655
0.901167
1.343182
1.435896
0.952947
1.444585
0.869943
1.685619
0.779912
1.334598
1.015283
1.119439
1.100339
0.533468
0.837167
1.184578
0.727717
1.773010
1.572637
1.436995
1.688621
0.733313
0.961650
1.230846
0.557190
0.857070
1.501465
0.779595
0.783461
1.100953
1.140738
0.686996
1.250160
2.232571
0.870869
0.342608
0.782726
0.584701
1.257008
1.602330
0.635384
1.175901
2.000965
0.806087
0.920058
0.588109
1.271124
1.242759
0.586560
0.481764
0.605666
1.175281
1.811387
0.632596
1.744655
0.517163
1.052168
0.706330
0.428674
2.147912
1.222509
0.962680
1.691025
1.429046
1.166034
1.351083
0.655057
1.421914
1.152170
1.961076
1.675653
2.882922
0.900788
0.962972
0.901662
0.981153
0.820958
0.090207
0.536324
0.597520
1.378548
1.509080
1.360233
0.874111
1.321057
0.829368
0.518460
0.445967
1.120644
1.186536
0.918605
0.968657
0.747834
0.950285
1.504428
1.485938
1.877571
1.541829
1.488654
1.116544
0.765926
0.285255
1.037291
1.168464
1.511879
1.762366
1.796221
0.722865
1.612105
1.518678
0.749646
1.364327
0.722503
1.797768
0.677123
1.044640
0.569960
0.443320
1.322215
1.393382
1.361599
1.928120
0.681941
1.143593
1.163612
1.160408
0.559570
1.349244
1.461235
1.271307
1.529460
0.320157
1.365921
1.699720
1.050700
1.309873
0.522367
0.555315
0.776431
1.189119
0.556009
1.355558
0.827022
1.640392
1.393850
1.234618
1.085742
0.498378
1.582468
0.611220
0.788865
1.217961
0.956389
0.722711
2.065747
1.219644
1.384568
1.495543
0.981874
2.023311
1.760678
1.775468
1.030746
0.680921
1.156273
1.433514
0.560832
1.032930
1.127906
1.152811
1.422662
0.593398
1.903001
1.215070
1.383780
0.391545
1.541049
0.614592
0.683156
0.818017
1.617455
0.731619
1.098105
1.500386
0.755257
0.614265
1.356824
1.018355
0.626963
0.941085
1.253308
0.479875
1.728496
0.688141
1.671209
1.080089
2.201061
1.134758
0.792856
1.031988
1.799543
0.481351
0.835209
0.660835
1.138541
1.047185
1.623050
0.869505
0.776559
1.218370
0.929426
0.423777
0.441149
1.899525
1.347036
0.921011
0.948745
1.276928
0.677103
0.687119
1.314164
0.804087
0.811730
0.880232
1.103803
2.635911
0.243902
0.883380
0.920975
0.797608
1.186728
0.768754
1.176917
0.996345
1.407647
0.531018
1.014555
0.885269
1.295206
1.178031
1.131103
0.756063
0.830789
0.840146
0.956670
0.372793
1.569945
0.634062
0.512391
1.382192
1.331220
0.619672
1.469139
0.641565
1.317633
0.603559
1.049328
0.521615
1.336793
0.950153
0.792288
0.408120
0.393024
1.943972
0.838556
1.501746
0.745125
0.807542
0.414274
1.181358
1.356691
1.054422
1.429900
1.067772
0.865091
1.441804
0.881565
0.457550
1.012090
0.831271
1.169391
1.743840
0.398015
0.604790
1.152288
1.369449
0.892547
1.136721
0.767912
1.837217
0.504299
1.717897
0.925696
0.532414
1.354207
1.370287
0.921304
0.711744
1.698025
0.529179
1.497800
1.202213
0.975971
1.427074
1.618010
0.343202
1.565010
1.636637
1.287492
0.608205
0.740000
1.040431
1.145743
1.040623
1.793288
1.114030
1.256096
1.132516
1.372693
0.823801
2.524312
1.244912
0.599677
0.726879
1.462662
0.809962
0.454162
1.593915
1.183426
0.720778
1.240920
1.205787
1.004358
0.671902
1.815404
1.300324
0.932937
1.528396
0.444823
1.410559
0.502616
0.932109
1.298766
0.597564
1.567454
0.845599
1.353503
0.639040
1.683308
1.984213
0.543035
0.775986
1.036209
2.069581
1.616821
1.200521
0.749533
1.183543
1.401151
0.424345
1.265144
1.183126
1.200325
0.483273
0.786421
0.551575
0.966649
1.298565
1.390350
1.299153
0.628915
2.007179
0.850611
1.129202
0.241393
1.086176
1.374198
1.023240
0.830446
1.739014
0.721745
0.499342
1.482028
1.535977
0.547345
0.739243
0.687518
0.395790
0.799116
1.233278
0.949303
1.488684
1.067670
1.081556
0.477846
0.568773
1.365239
1.982061
0.760689
1.907038
0.770050
1.066110
0.990103
1.236054
1.066049
0.952994
0.318401
1.034566
1.413674
0.884291
1.099652
1.413236
1.139846
0.976422
1.491097
1.336968
1.012685
0.726729
1.288227
0.235753
1.425339
0.461475
0.333506
0.494439
0.935438
1.534270
0.880833
0.692371
0.637423
0.558685
1.440304
1.840868
1.403376
0.921729
1.124065
1.377138
0.742476
0.904122
2.055121
1.234681
0.430124
0.671853
1.715620
0.446691
1.021679
1.399198
0.366176
0.258897
0.728105
1.798406
0.963615
1.373955
0.924566
1.679970
0.907652
0.750591
0.976926
0.919319
1.394092
0.691194
0.727602
0.991851
0.679913
1.056798
0.606346
0.494921
1.501383
0.645329
0.952449
1.510612
0.848603
0.590983
1.530130
1.488718
1.418154
1.385812
1.269977
0.906324
0.592998
0.302733
1.271411
1.163518
0.545357
1.394478
0.621148
1.417327
1.153732
1.253200
0.590361
1.590836
0.931032
0.507325
0.640777
0.512343
0.932456
0.796531
0.650675
0.244284
0.926199
0.588748
1.627110
1.470423
1.224036
1.124360
0.888189
0.655266
1.421366
1.761835
1.381684
0.943183
1.338057
0.954725
1.524622
0.838464
1.067582
1.484398
1.158407
1.079877
1.979594
0.675938
1.518270
1.697320
0.921836
0.918189
0.905299
1.193705
0.890898
1.145122
0.779021
1.494608
1.272258
0.594645
0.721278
1.113209
0.911055
1.106519
0.655580
1.238222
1.086297
0.814499
2.001100
1.742654
1.392135
1.381896
1.237222
0.853296
0.670463
1.129791
1.160283
0.322114
0.789390
1.920312
0.815387
0.695593
0.927208
0.802666
1.720360
0.819211
1.869743
0.944992
2.045155
0.957584
0.920230
0.902402
1.087927
1.620003
1.308052
0.826270
2.057019
1.232857
0.795911
1.388608
0.769531
1.527660
1.980944
1.450423
0.720594
1.589809
0.640135
1.431294
1.623694
1.286344
1.694367
1.045991
0.929823
1.445825
1.094903
1.068428
1.756433
0.675372
0.869158
1.072876
1.396396
1.107250
0.781075
1.998493
1.702112
1.182784
2.111777
1.016506
0.827722
0.981744
0.488141
1.045159
1.024191
0.665509
0.388885
1.149183
1.951173
0.882305
1.376843
0.845730
1.705352
1.226099
1.617061
1.566919
1.467698
1.121526
0.903759
0.973353
0.778893
0.833924
0.739695
0.412720
1.161873
0.785791
0.756421
0.879084
2.163034
2.319459
0.389987
0.714283
1.184691
0.630535
0.863976
1.656420
0.835027
0.994802
0.885906
1.740929
1.692381
1.198014
0.698362
0.761329
0.456255
0.813733
0.624061
0.826697
1.681293
0.590966
0.765311
1.836319
0.691111
0.548894
0.679336
0.722405
1.290668
0.773134
1.253662
1.157134
0.820087
0.814013
0.806434
1.133643
1.893870
1.182737
0.969748
1.399024
0.594804
0.772290
1.335183
1.371152
1.565833
1.145959
0.968340
1.008922
0.407612
0.368504
1.714730
0.768731
0.798146
0.842540
1.315522
1.321859
0.731907
1.019348
1.963584
1.302113
1.947132
1.171520
1.055282
1.537558
0.990432
1.477648
0.556365
2.206370
0.990286
1.145519
0.686600
2.079297
1.536453
0.492102
1.486928
1.316110
1.111619
2.317655
1.338981
0.514228
1.395550
0.582467
1.671146
0.912181
0.703345
1.030123
0.883273
1.417660
1.692426
1.933410
1.191466
1.685857
1.001520
1.446153
1.375805
1.752810
1.160127
0.347670
1.427660
0.585626
1.424372
0.644768
1.237587
1.942020
0.811119
0.736953
0.889032
0.940923
1.536354
1.391314
0.998210
0.851815
2.556820
0.318747
1.828646
1.013860
0.266462
0.852308
2.339177
0.912678
1.365321
0.608514
1.155026
1.232604
1.078159
1.286552
1.408339
0.670610
0.761209
0.788465
1.292976
1.161911
1.241366
1.083866
1.530832
0.633142
0.468702
1.570401
0.434474
0.567383
1.581780
1.212184
0.666438
0.716093
1.509794
1.044987
1.657554
2.012946
1.847003
0.802458
1.105977
1.053889
1.839798
0.411407
0.431010
1.251533
0.944293
1.118791
0.913828
0.709360
0.757985
0.351523
0.797995
2.298952
1.026594
1.089764
0.770461
1.137216
2.404190
0.913372
1.046375
0.620779
0.868359
1.293161
0.581047
1.204444
1.450083
0.857020
1.295539
0.387677
0.855092
0.805763
1.345954
1.851333
1.270437
1.179786
1.200510
0.795605
0.234826
0.760860
0.825152
0.321683
1.159825
1.139122
1.590521
1.089607
0.710303
1.077049
0.731429
1.239889
0.819315
1.231558
0.625616
1.673942
0.982602
0.880039
1.400949
0.961124
0.581901
1.347391
0.843245
0.392208
0.781983
0.854384
0.490162
0.437198
0.906808
1.648989
1.373502
1.645422
0.791544
0.362133
1.006979
1.792300
1.027774
1.141851
1.765846
0.565411
0.512829
0.857863
0.555026
0.783850
0.562113
1.410999
1.619215
0.925080
0.866134
0.797775
1.136358
1.373727
1.400555
1.027137
0.922645
0.657549
1.174671
0.892129
0.971561
1.406214
0.329445
1.454433
0.887742
0.758494
1.279431
1.674973
0.433443
1.851710
1.365134
1.502825
1.358808
1.397834
0.599010
0.618109
0.565461
1.367323
0.699297
1.820838
0.901378
0.656184
1.576523
1.075130
0.707999
0.904676
0.898054
0.632373
0.835344
0.784215
0.301894
1.041346
0.783493
0.934020
0.985093
1.039033
0.502426
1.059944
1.260979
1.382116
0.580480
0.511106
0.841271
0.868721
1.236543
0.633442
0.776334
0.772620
0.839564
0.898263
1.652459
1.629169
0.621190
1.060633
1.071150
2.236826
0.328507
1.265413
1.317964
0.932146
0.690983
1.406144
0.523906
0.546062
0.969657
0.366903
0.856003
1.117660
1.681183
1.731200
0.439616
0.729013
1.300071
2.012298
1.082605
1.374309
1.635402
0.743583
0.639670
0.903744
1.874537
1.667804
1.656086
0.997922
1.291446
0.421510
0.587682
0.621976
1.103718
1.849267
1.531094
0.734171
0.462108
1.445175
0.613221
1.414969
0.937395
1.350960
0.797679
0.813936
0.732611
1.167769
2.523702
0.785361
0.621661
1.726500
1.039978
0.721880
0.286423
0.652254
2.529685
0.770436
0.758396
1.549754
2.132011
1.148220
1.124176
0.662884
1.328697
1.004584
1.739777
1.524703
1.126221
0.902981
0.854473
0.971954
1.336025
1.149650
1.168795
1.179538
1.043071
1.562976
0.617399
0.853869
1.050010
1.213895
1.811647
1.233979
1.424731
0.764176
1.387077
0.313810
1.709888
1.285992
0.880303
1.514612
0.482162
0.657224
0.997056
0.482582
1.633525
0.889796
0.923920
1.053175
0.660375
0.849212
1.384642
1.399972
1.151773
1.295792
1.176932
1.589206
1.132684
0.717871
0.647407
0.617961
1.090892
0.575004
0.944484
1.220388
0.716962
1.555440
0.403580
0.427011
0.667136
1.531757
1.070825
0.534860
1.105691
1.705498
0.887890
1.677168
1.945933
0.903974
0.729448
1.417555
1.378752
0.503783
1.079935
0.803179
0.198628
0.753736
0.739009
0.903858
0.456434
0.603141
1.766669
1.297836
1.383953
1.158061
1.232989
1.042647
1.505302
0.847291
0.588032
0.195931
1.515054
1.144431
1.585199
0.993408
0.362560
1.528454
0.658099
1.296636
1.065713
1.143626
0.660685
0.421345
1.663055
2.365904
0.866358
0.566984
1.377828
1.040566
2.107618
1.250858
1.339248
0.664432
1.102161
1.700780
0.688671
1.333367
1.570686
1.037484
0.777121
1.619381
1.356190
2.147534
0.373086
1.190230
1.294789
0.824471
1.567621
1.518355
1.051156
0.598766
1.537919
1.593771
1.535872
0.625041
0.888679
1.661392
1.562113
1.453809
0.713446
1.765034
2.295033
1.679498
1.883098
1.065665
1.129574
0.973855
1.570694
1.546313
1.886838
1.357015
0.612077
1.087249
0.767194
0.965910
0.639521
0.981117
1.278572
0.775876
1.181312
1.258912
0.861618
1.345364
0.480185
1.131993
0.853962
0.625802
1.640219
2.445639
1.707505
0.932709
1.840054
1.140353
0.690836
0.780379
0.984420
0.658879
1.860282
0.834902
1.077077
2.499721
1.153763
1.294408
1.512805
0.752478
0.564083
1.149110
1.068838
1.743365
1.529205
0.687051
0.686751
0.745392
1.765783
1.016776
0.868731
1.470853
1.810489
1.411112
0.830166
0.952772
1.148198
1.100215
1.181881
0.654719
0.357534
0.443498
0.454135
0.838759
1.428088
1.080136
1.204209
0.811572
1.232363
0.693213
0.605348
1.136078
1.365109
1.812768
0.597063
0.454525
0.748978
0.902996
0.720710
0.667285
1.725925
1.513506
1.628959
1.403990
1.114563
0.245071
0.499287
0.700594
1.097191
0.398178
2.096166
1.310424
1.167821
2.453120
1.402880
1.126289
0.331349
0.867955
1.270911
0.973979
1.072420
2.495791
1.461767
0.448924
1.078753
0.818702
1.518162
1.071533
1.167227
1.187570
1.122315
0.733994
1.430434
1.107672
0.713279
0.846379
0.561950
0.830562
0.558223
0.773601
1.150110
1.674772
1.168180
1.074709
1.715960
1.994286
0.845267
0.600559
1.557398
1.419238
1.384766
0.223221
0.660838
1.074224
1.415765
0.517578
1.317809
1.791912
0.909554
0.742351
0.990457
0.651039
1.766702
1.264398
0.831601
2.102846
0.473897
0.924772
1.582261
0.383468
2.212123
2.049324
0.797481
0.932975
1.353433
2.052412
1.467619
1.103281
2.006262
0.983391
1.301650
0.439056
0.450675
1.051559
1.656533
1.658414
1.096476
0.481615
0.934636
0.692308
1.493839
0.655802
0.661947
1.035874
0.745671
1.394782
0.335598
0.610046
1.385345
0.699306
2.532567
0.417364
0.566647
0.508860
1.397421
1.268784
0.237916
1.928554
0.835992
1.622905
1.181323
0.739398
1.466521
0.806371
1.093699
1.133035
0.510036
1.303412
0.628475
0.924040
1.493684
0.589210
1.377147
1.365593
0.991649
1.241809
1.106166
1.542820
1.334663
1.259326
0.943877
0.310964
1.390110
0.748403
1.297866
1.039776
0.634768
1.293664
0.791065
1.933490
0.925180
0.984672
1.771657
1.009389
1.361515
1.101104
0.561524
0.799041
1.310765
1.239867
1.650693
1.293191
0.708526
1.287877
0.296960
1.726122
1.390967
0.863655
0.760652
1.494841
1.443984
1.312987
1.964458
1.610020
0.665383
1.452706
1.390203
1.122074
1.088915
0.453469
0.698280
0.500618
1.668534
0.748747
1.082159
0.739195
2.278987
0.740703
0.509802
2.080985
1.134365
1.319285
1.030044
0.740772
1.481091
1.125796
0.447987
0.924828
2.222925
0.842337
0.913849
1.127810
1.210454
1.122812
0.827738
0.602042
1.277144
1.001297
0.869471
0.913629
1.197087
0.940800
0.692810
0.816631
0.813923
0.761093
0.951377
1.094886
0.751038
0.730821
0.855933
1.582092
0.914762
1.306607
1.174154
2.004544
0.854951
1.411767
1.348872
0.986294
1.628164
1.225958
0.638052
0.524311
0.414829
1.339454
0.551309
1.625769
0.937949
0.711103
1.523524
0.642544
0.930462
0.797822
0.143204
0.856991
1.715863
1.301455
0.715979
1.529178
1.548999
0.346774
1.281055
1.324148
1.602679
1.340917
2.289169
1.467361
1.724920
0.291037
1.785323
0.592084
2.332687
0.909363
0.977393
1.922724
2.087362
1.207960
0.965652
1.561332
0.731446
0.897223
0.648141
1.399090
1.370289
1.647508
0.640406
0.975182
1.235053
1.501176
1.486332
1.845802
0.724550
0.596584
1.159703
1.746379
0.796505
0.895541
1.232247
1.048331
0.427466
0.493937
1.649693
1.259546
0.107244
1.031801
0.885342
1.415694
1.055144
0.860489
0.768347
0.755140
0.939619
1.070793
1.207203
1.926465
0.557867
0.658530
1.138142
1.316436
1.126708
0.889487
1.554139
0.466615
2.416529
0.371490
0.484540
1.807267
1.374770
1.288187
2.207267
1.441493
2.005241
0.820826
0.627574
0.942825
1.808443
1.639811
1.511226
1.424587
1.142672
1.710703
0.802195
0.906672
0.936067
1.264049
1.074203
0.294673
1.010042
0.850569
1.908056
1.625448
0.708151
1.077681
1.411496
1.347082
1.703600
0.281456
0.965163
0.648487
0.470266
1.945359
0.434589
1.085489
1.868802
1.450840
1.238940
0.664001
0.672802
0.772225
1.488351
0.576347
0.636559
0.782646
1.632978
0.643904
1.531327
1.444088
0.767713
1.169030
1.201750
1.904453
1.072857
0.746640
0.522346
0.874229
1.129476
1.606360
1.676581
1.299676
0.588657
1.400557
0.878088
1.384620
1.114352
0.943575
0.428390
0.672598
0.413033
1.509225
1.740000
0.676076
1.051479
0.313854
1.463586
1.520991
2.432480
1.538504
0.869175
1.822579
1.090277
1.000676
1.309902
1.039108
0.495598
2.104229
0.966033
0.966757
0.942235
1.158120
0.795167
0.851272
0.524454
1.140900
1.473262
1.437940
1.396041
0.952764
1.309941
1.653623
0.776447
0.713168
0.712600
2.128034
0.750231
0.710643
0.904919
1.794119
1.248358
1.574596
0.798048
0.910363
1.601684
1.885019
2.014117
0.836734
0.802060
0.445334
0.693915
0.694196
1.661103
0.525068
1.086044
1.171929
0.714563
1.526096
1.396453
1.317653
0.965972
0.605537
1.053864
2.012516
1.442266
2.570988
1.248417
0.919851
1.087860
0.548408
1.307419
1.088648
0.900365
1.181569
0.632808
1.434920
0.780005
1.008209
0.867855
0.540714
1.009389
0.421080
0.703019
1.460616
0.719613
1.709713
1.253404
1.575252
1.554265
0.358760
0.837057
0.438440
0.585840
1.774076
2.316273
1.215589
1.063488
2.245833
0.898995
0.482135
1.164410
1.305896
0.885975
0.987877
0.980392
0.908434
1.475036
0.839062
1.050764
0.872527
0.783057
0.923202
0.795096
1.030606
0.385219
1.611281
1.748648
1.354801
1.011901
0.902928
0.562006
1.902000
0.698378
1.252222
1.605649
0.855709
1.139232
0.591534
1.389498
0.450084
0.801881
1.105478
1.104514
2.090162
1.102494
0.809352
0.652896
0.796302
0.387086
1.043695
1.399385
1.205079
0.843732
0.938882
1.303040
1.120011
0.590208
1.488792
0.916085
0.558074
1.020958
0.974564
0.911824
0.876142
1.134580
0.819892
0.828960
0.530645
2.170009
0.794659
1.288919
0.846773
1.920099
0.263650
1.175044
0.927182
1.202051
1.107326
1.750952
0.715824
0.492617
0.683057
1.582248
0.965864
0.993303
1.051116
1.314050
1.236595
1.828601
1.720165
1.702915
0.694236
1.272632
1.438634
0.758307
0.772575
1.625296
1.731515
1.051968
1.577817
1.086705
0.860740
1.155900
1.042872
0.840962
1.328902
1.160396
1.304640
1.430262
0.514752
1.350341
1.057543
0.737922
0.662468
0.586973
0.497435
0.327651
0.596189
2.160536
1.084184
1.318211
1.122662
0.562048
1.179074
1.378485
1.479039
1.320783
0.983550
1.331664
1.784457
0.692350
1.106401
1.171351
1.311183
1.686886
0.489925
1.382896
0.841422
0.517702
0.497164
1.070437
0.590155
0.970362
1.156826
0.930709
0.785256
1.949604
0.391962
1.105665
0.917323
0.845558
1.116208
1.626484
1.144175
0.328525
1.018880
1.062103
0.883430
0.416963
0.963985
1.258718
0.253878
0.553827
0.831574
0.634332
1.951628
0.977904
1.151862
1.024145
1.268436
0.978807
1.382240
1.101204
0.907895
1.340401
2.104562
1.362373
0.946902
1.439419
0.689817
0.918111
0.769171
0.537411
0.206742
0.783613
0.595385
0.622559
1.276834
0.360441
1.622733
1.458851
1.015015
0.484202
1.013777
0.786086
1.101949
0.875829
1.301339
0.616194
1.054470
0.926618
1.555307
1.018327
1.578354
0.938301
1.922244
0.736816
0.780268
1.293289
0.991565
2.002304
0.303078
1.131305
1.065661
0.976798
1.070386
1.387592
0.694072
1.239922
0.766139
0.775450
1.855374
1.487389
1.504055
0.833395
0.774287
1.338929
0.629383
1.384206
0.923301
0.713136
1.222303
1.363652
1.165265
0.828168
0.570471
1.442523
0.575809
1.156664
0.196376
0.664799
0.454937
1.803173
1.614371
0.998565
1.211513
1.328736
0.746715
1.185928
0.438102
1.136943
0.760649
0.681456
0.871973
0.831292
0.932665
1.100183
1.251969
2.060359
0.809455
1.377874
0.472679
0.816901
1.125081
0.958123
1.252174
0.865588
1.306976
0.812970
0.755137
1.647125
1.054766
2.232589
0.901289
0.539709
1.540994
0.887969
0.846952
1.106502
1.478947
1.019313
0.546959
1.173699
0.486226
0.903123
0.435042
1.321762
1.645455
1.693149
1.558079
0.613611
1.391370
1.665767
1.767139
1.032256
0.972596
1.289266
0.880260
1.463882
0.848371
1.130706
1.159319
0.639847
0.591008
1.113295
1.308268
2.145431
1.668095
0.492417
1.265422
0.403495
0.176144
2.189169
1.100293
1.327592
2.275872
1.304315
1.580699
0.627459
1.395318
1.356969
0.630377
2.269769
0.821013
1.430419
0.738802
1.059941
1.035762
0.931802
0.849462
1.105375
1.292822
1.190922
0.849566
0.228290
0.471886
0.943590
2.113429
1.223440
0.662116
1.437168
1.634778
0.308230
1.253576
0.482197
0.455058
0.713355
1.607147
1.008692
0.946692
0.592456
0.573184
1.370336
1.098784
1.791176
1.379775
0.509428
1.498216
1.104293
1.732234
0.926769
1.136290
0.740248
1.025178
1.788211
0.349404
0.358705
0.992476
1.577979
1.026106
1.959297
1.496661
1.531150
0.411053
1.834070
1.038565
0.676213
1.374408
0.530834
0.777794
0.510158
0.694603
0.860812
1.175985
0.478223
0.968721
0.819711
1.231138
1.361658
0.332236
1.104550
0.498414
0.905096
0.615941
1.406381
1.064301
1.133512
1.030926
0.788004
1.421611
0.485243
1.502696
1.265873
1.931075
0.674376
1.234357
0.599463
1.647025
1.634472
0.940352
1.153895
1.322922
0.727556
1.444346
0.970351
1.215160
0.255347
1.146256
0.776036
2.093558
0.884012
1.697887
2.325520
0.536958
0.835656
0.571315
1.310329
1.218890
0.457535
0.563381
1.564980
0.681176
0.902737
0.164673
2.600732
0.962084
0.963333
1.462696
0.580511
0.672771
0.676253
0.725350
1.585750
2.385562
2.255722
1.119546
0.495818
1.844340
1.920286
0.946980
0.912322
0.553781
0.996125
1.308120
0.642683
1.098531
1.687109
1.272040
1.003509
1.096034
0.566661
1.115636
1.081201
0.480849
0.713899
0.803396
0.498383
0.861133
1.313781
0.445580
0.515338
1.293617
1.628140
1.041353
0.862297
1.246282
0.860076
0.833637
0.507563
0.883264
1.522723
0.515778
1.155151
0.927891
1.131600
1.504100
1.417483
2.721945
0.594734
1.606841
0.409498
0.962986
0.430077
1.156577
0.287348
0.939013
0.930667
0.969287
1.094707
1.275240
1.909694
1.397572
0.616861
0.566644
1.269745
0.730893
0.933548
1.182675
0.951321
1.260172
1.687651
0.590717
1.235230
1.337278
0.744231
0.784122
0.862548
1.141339
1.633029
2.970679
0.414715
0.666337
1.061595
1.427187
0.427087
2.015565
1.014394
0.933456
1.958251
1.051114
1.572453
0.466856
1.079917
0.881714
0.412139
0.963718
0.514306
1.259119
0.306354
1.471910
1.031569
0.733014
1.111652
0.527035
1.459922
1.910173
0.856166
1.344233
1.421384
0.463797
1.636125
1.032355
0.475358
1.312269
1.361122
0.710845
0.953761
1.307042
0.566921
0.867530
1.427272
0.799247
0.531159
2.300646
0.968648
1.755299
0.471049
1.331105
2.362283
0.864763
1.867678
0.809186
0.498189
2.408606
2.017099
0.773682
0.964505
1.178898
1.220142
1.004320
0.263974
1.208644
0.504710
0.932182
1.345572
0.711152
0.313458
0.605090
1.122013
0.561048
1.078126
0.629072
1.105933
1.279357
1.982443
0.446732
1.380332
1.333782
0.377051
1.061795
1.223626
1.346263
1.012036
1.008978
0.273598
1.601251
0.803425
0.851628
2.458377
0.420266
0.873970
1.298023
1.200779
0.633665
1.439657
1.286580
0.663403
0.693466
2.065702
0.650729
1.280879
0.747917
0.978323
1.484454
0.345746
1.316624
0.288484
0.544998
1.273767
1.241172
0.508014
1.609061
0.959252
0.895913
0.993326
1.011004
1.919403
1.441767
1.331267
1.690463
1.758062
1.131783
0.805588
1.875371
1.498840
0.632160
1.206648
1.148513
1.805922
0.836149
0.795365
0.227586
1.455706
1.485628
0.866188
0.740689
0.776218
0.601817
1.299746
0.854365
1.409592
1.160065
0.581507
1.525850
0.718426
0.615979
0.421936
0.334133
1.379733
1.046408
0.645499
1.355747
1.169693
0.926422
0.996374
0.938658
0.826754
1.903251
1.007774
1.974114
0.672057
1.815936
0.855405
0.586693
0.828197
0.976858
1.451226
0.997015
0.555339
1.683613
1.218147
1.683385
0.812867
1.171041
1.136774
1.175202
1.389144
2.371781
0.273095
1.795465
0.781296
0.977846
1.547288
1.376335
1.088377
0.743751
1.570545
1.845289
0.269786
1.440480
0.578534
1.015518
0.837339
1.570842
1.617032
1.161558
1.340170
1.245452
0.457388
0.683087
0.473680
1.985302
1.291467
0.865678
0.519727
1.471506
0.434872
0.862803
0.669144
0.989752
1.433271
0.829787
0.819134
1.279027
1.129790
1.692451
0.612512
1.240370
1.083883
1.613854
0.892645
1.147421
1.853080
0.183749
0.933802
1.000985
0.556951
0.182664
2.044879
0.613847
0.429842
1.698624
0.883429
1.256570
0.406119
1.245713
0.637757
1.857356
0.881316
0.749812
0.454424
0.587845
0.701659
0.770847
1.635188
1.199390
1.344611
2.054509
1.216616
0.684582
1.696640
1.620134
1.025296
1.503636
1.315889
1.491077
0.594671
0.670207
0.730183
1.672674
1.255760
0.684611
0.688603
1.425208
2.282365
1.379965
0.921891
1.065073
1.187568
1.252148
0.946740
1.233921
1.561909
1.391507
1.145072
2.172704
0.739048
0.959859
1.034515
1.445665
1.805308
0.542840
0.662662
0.797262
1.896740
1.453878
0.474316
0.853696
0.624604
1.106433
1.464291
1.377141
0.653197
1.690178
1.001844
0.930853
1.032210
2.208076
0.994143
0.485472
0.468898
1.584740
0.573619
1.274796
1.043647
0.796904
0.474525
1.053408
0.950224
1.472954
0.955065
0.658285
1.007300
1.362348
0.779991
1.403266
1.140769
1.098284
1.910469
1.662573
1.140734
0.930928
1.378457
1.228071
1.630033
1.246940
1.591084
0.952372
1.342907
1.692636
0.559865
0.889021
0.639268
0.868866
1.644389
2.088059
0.947615
1.170001
0.440793
1.370364
1.702336
0.831968
1.569319
1.012033
0.767999
0.859305
1.055877
1.893718
1.021705
0.563403
1.044400
0.485504
1.600380
1.169715
1.065276
1.447787
1.363311
1.070985
0.723780
1.725121
0.592214
1.275102
1.661898
1.348227
0.380200
0.844322
2.018124
1.129441
0.373040
1.365572
0.566687
1.031277
1.149081
1.628063
1.503570
1.215491
0.422776
1.239126
1.365673
0.459033
1.652494
0.543307
0.616724
1.408620
0.110484
1.278647
0.916905
0.548513
0.433619
1.337336
0.780475
1.014617
2.334828
1.967049
1.690767
0.831742
1.367494
1.099375
0.788606
1.858379
1.215858
0.822293
1.491416
0.876478
1.233826
1.409270
0.896882
0.340288
0.532740
1.132851
0.580453
0.626099
1.560844
1.130341
1.425188
1.359407
1.394587
1.003799
2.257561
1.818231
0.530718
1.039423
1.289061
1.319576
0.862763
1.386173
1.320283
0.433821
1.494859
1.021192
0.237062
1.075293
0.899837
1.744910
1.650576
1.351392
0.967054
1.369170
0.600760
1.071623
1.256589
1.704679
1.136572
1.089626
0.981228
1.016487
0.663758
1.777825
1.194947
0.818227
1.568455
0.593430
1.300449
1.309559
1.933111
2.301063
0.900409
0.712310
0.487131
0.762246
1.657874
0.755337
1.446466
1.164105
1.084898
1.116742
0.958275
0.852859
1.159019
1.519158
2.102904
0.872140
1.306810
1.083084
0.623613
1.363612
1.630964
1.093102
0.581978
0.388380
1.247501
0.433566
1.028762
0.783815
0.748045
1.183728
1.081551
1.454611
0.637934
0.681718
0.811616
1.638844
1.076126
0.806477
1.055502
1.019714
1.635695
1.466987
0.951312
0.622772
0.541246
0.823443
1.972516
1.213341
1.895508
0.524075
1.183965
0.513239
0.758657
1.168169
0.896293
1.706837
1.653171
1.674288
1.219958
1.440119
1.386314
1.077727
2.240708
0.878865
0.950257
1.754242
0.563220
0.826557
0.379445
1.965458
2.058004
1.245847
1.409983
0.797361
1.252791
1.443358
0.825176
1.150855
1.470521
1.702684
1.022296
1.145532
0.663271
1.126818
0.733410
0.754332
0.907732
1.345591
1.430311
0.365019
1.280276
0.882475
1.294566
0.676096
1.645121
1.210932
1.439024
0.683301
1.245818
1.272216
0.801902
0.533545
0.661613
1.086266
1.670074
1.510006
1.965366
0.687300
0.491688
0.845216
0.517523
1.000647
1.406732
0.496399
1.232035
0.409692
1.489930
0.949673
1.102026
0.733407
1.429684
1.382355
0.776633
1.686438
1.242271
1.884903
1.281446
1.189646
1.090795
1.134472
1.120774
0.938135
1.668290
1.185544
1.133029
0.560462
0.231546
1.044112
1.613131
0.603001
0.374396
1.465195
1.138338
1.363870
1.077697
0.666239
1.727187
0.653464
1.176955
0.779671
0.818002
1.579104
0.854734
0.378906
0.928390
1.579213
1.884830
0.525145
0.139916
0.752034
0.957117
0.912917
0.721313
0.218524
0.487062
1.473525
1.129337
1.521827
2.127175
1.512874
0.740632
0.574921
1.866765
1.229066
1.290813
1.021618
1.950422
0.777640
0.789090
0.866389
1.319853
1.208729
1.446660
0.486340
1.724596
0.829400
0.653619
1.215087
1.800122
0.677554
1.042783
0.536362
1.913540
0.960040
1.118330
1.039395
1.623055
2.123249
0.653490
1.549384
0.599513
1.721005
1.142969
1.596139
1.339961
0.618593
0.645221
0.220976
0.510317
1.224735
1.379235
0.880389
0.618771
0.374608
2.072562
1.202726
1.996164
0.878381
1.085695
0.829821
0.975064
0.606808
0.477591
0.872383
0.593191
0.553052
0.577457
0.907874
1.549667
0.967399
0.944556
0.935301
1.417549
1.373994
1.091523
0.964129
1.015057
0.318814
1.000635
1.406307
0.572457
0.716996
0.900148
1.058019
0.845035
1.058194
1.888736
0.761028
0.611129
0.883258
0.511515
2.213416
0.700857
1.318009
0.353209
0.315340
0.367030
0.804403
1.688839
1.466305
0.440941
1.406049
1.201233
1.832680
0.714225
1.138997
0.783085
2.776479
0.659872
2.002098
0.662821
1.044772
0.704478
0.544954
0.696233
1.261854
1.202089
1.389732
2.059127
0.770620
1.370929
0.993416
1.211245
1.217106
0.817890
1.141385
0.361987
1.418940
1.059916
1.178656
0.645969
1.440437
1.953970
1.282382
0.733343
0.851318
0.886423
0.830567
1.428972
0.695366
0.840982
1.025167
0.347583
2.280216
2.072948
1.008792
1.432077
1.266304
1.097751
0.501111
1.009981
0.783881
1.597485
0.800372
1.413828
1.704882
1.257638
1.344071
1.733962
0.584943
1.273199
1.069553
1.036973
0.607998
0.338045
1.416631
0.690385
0.458603
2.202357
0.665644
0.812340
0.848098
0.830986
0.995241
0.648969
0.876238
0.913560
1.090800
1.933436
0.975125
1.148475
0.949785
1.139117
0.208723
0.808933
0.629055
0.763665
1.637129
0.815722
0.683252
1.173815
1.608142
0.775223
0.594454
0.498506
0.930619
1.052254
1.221559
0.389918
0.917746
0.959194
1.387351
1.898217
0.364167
2.081311
0.465184
0.594226
0.400045
1.348376
1.008248
1.084448
0.850453
1.660436
0.932694
0.601811
1.950212
1.662918
0.612493
1.504394
2.083981
1.182176
0.912400
1.353789
1.408887
1.177041
1.037453
0.791922
0.635099
0.797461
0.820301
0.930315
0.521245
0.543037
0.950624
0.334538
0.670274
1.276027
0.638733
0.316359
1.346625
1.595211
1.865898
1.712428
1.715744
1.190608
0.886497
0.846164
0.388662
0.566317
0.530665
0.653659
0.403692
1.039080
1.659704
1.404628
1.176198
1.441688
1.420358
0.378525
0.877093
1.469393
1.031033
1.037770
1.102505
0.858382
1.231941
1.898521
0.354613
0.928671
1.756616
1.195389
1.602688
1.221285
0.924469
0.952560
1.186315
0.153358
1.375923
0.664187
1.243380
1.546694
0.745900
1.199640
1.095796
1.804604
0.309248
2.151050
1.124328
1.264798
1.683410
0.670174
1.465310
0.865292
1.048972
0.841457
0.783561
1.167645
0.414749
1.830823
0.541159
1.119681
0.816543
0.906012
0.582732
1.001469
0.512387
0.391416
0.425275
0.962270
1.830389
1.492829
1.059117
1.190131
1.330840
0.492141
1.448586
0.634970
1.764184
1.820326
0.504672
0.928099
0.428695
0.732857
0.960190
0.809176
1.128784
1.415898
1.398936
1.729846
1.729471
1.277327
1.079425
1.169146
1.211253
0.638509
1.147087
0.779778
0.568381
0.840773
0.719650
0.833796
0.383492
1.835427
1.457588
1.064787
1.681674
0.183605
0.680308
2.315697
0.877905
1.392402
1.137227
0.856562
1.932032
1.173261
1.122543
1.049495
1.360763
0.769031
0.905946
0.510938
1.112101
1.075997
1.235465
1.797776
1.096047
0.605801
0.311078
1.349438
0.649199
1.164577
2.081524
2.262113
1.398006
0.477172
1.544210
1.077471
1.085934
0.824683
0.312018
0.461215
1.109795
1.791514
1.098793
1.210192
2.234751
0.977881
0.693177
0.686685
0.300282
0.909094
0.902631
1.876217
0.725124
0.853849
0.788387
0.604746
0.847684
1.182827
1.183253
0.853687
1.755437
1.794563
1.168179
0.869723
1.072414
0.706505
0.231438
0.855741
1.550486
0.441217
1.654702
0.482935
0.290591
1.038594
0.887398
0.885309
1.183974
0.479614
1.805097
1.294122
0.563830
1.040140
0.900902
1.065567
1.026623
0.647563
1.447033
1.052443
0.454031
1.461496
1.355027
1.074197
1.220223
2.311327
0.781287
0.852040
0.352611
1.360596
1.421841
1.196713
0.669227
0.979112
1.360093
1.253371
1.141824
1.551567
0.610155
1.069943
1.712657
0.423782
1.277327
1.623648
0.713442
0.936501
0.772962
1.094762
1.512294
1.266298
0.569171
1.070463
0.947938
1.331816
0.580436
1.261731
0.329117
0.947856
1.332323
1.444255
1.079469
1.098954
0.558318
1.256198
0.739599
1.889513
0.982958
1.602936
0.983885
1.013153
0.988513
0.909039
1.090447
0.712697
0.207494
0.921717
1.630105
0.342269
1.092742
1.508634
2.304775
1.732051
1.405750
0.694836
0.137504
0.671048
1.206472
0.556231
0.650293
1.131869
0.811249
0.881912
1.483994
0.715076
0.802448
1.568802
1.396243
1.450752
0.908313
1.086825
0.409500
0.670363
2.211160
0.748085
1.244316
0.395354
1.442617
1.320602
1.874649
1.192724
1.103647
1.814526
1.035050
0.363757
0.448127
1.769260
0.995611
1.643582
1.296836
1.956317
1.104681
0.883658
0.423108
1.919526
0.826217
1.020094
0.878482
1.084156
1.011659
0.758656
1.299265
0.702648
0.817564
1.244417
1.014163
1.212552
1.763057
1.500493
1.093349
0.526433
1.592998
1.187484
0.237339
1.086633
1.079424
1.544177
0.691123
0.881597
1.624659
1.058308
1.016588
1.062449
2.200059
0.964853
0.223922
1.149916
0.215913
1.610165
1.119803
1.183626
1.814593
1.941671
1.147522
1.725894
0.485442
1.003677
1.994592
2.069370
1.235762
1.264307
1.166379
0.994523
0.233866
0.589292
1.950448
0.500101
1.536684
1.729963
0.861868
0.192378
1.962278
1.701426
0.777449
0.925353
1.398914
1.531202
0.492098
0.831988
1.175947
1.033062
1.639687
1.177912
0.974403
0.544581
0.492866
1.122504
1.944091
1.239458
0.893400
0.646160
0.360426
1.197705
0.847873
0.779888
0.959640
0.816451
1.427103
0.905430
0.735006
1.538708
1.311259
1.593788
0.488202
2.054205
0.940229
1.809395
0.925369
1.413586
1.053260
2.605502
1.902717
0.957878
1.423959
1.193820
0.463719
1.695062
1.104442
1.285314
1.947158
0.442719
1.266218
1.337000
1.182493
1.456531
0.966257
2.814213
1.751070
0.873956
1.266375
0.901784
1.118202
1.441520
0.449880
0.705333
1.787773
0.240473
0.607428
1.429544
1.622848
1.773982
0.796679
0.937265
1.165372
1.065469
2.061168
1.090281
0.716664
1.253782
1.258295
1.100742
1.203429
0.465496
1.783495
1.260935
1.363680
0.868365
1.178984
1.205232
1.023138
1.110466
1.007717
0.906147
1.388052
0.740237
0.793826
1.247008
0.295860
1.031980
1.664272
0.671731
0.537565
1.123120
0.498203
0.276184
1.519041
0.557436
0.507256
1.170891
0.608439
1.379898
0.525732
0.439096
0.452829
0.988580
0.959450
1.660012
0.922386
0.571899
0.760177
1.074880
1.069836
0.897847
1.714825
0.762873
1.046021
0.982711
2.279205
1.997251
0.840130
2.526357
0.592391
0.770317
1.227771
0.679546
1.169633
0.360315
2.471517
1.392288
0.607157
0.795299
0.953623
1.197178
1.039269
1.302639
0.843939
1.511608
1.007402
1.573167
1.435828
1.943033
0.940006
1.117341
0.926434
0.271857
1.308290
1.170540
0.875366
0.793760
0.822245
0.933836
2.567098
1.141357
1.371750
1.422542
1.159008
1.341382
1.022803
0.914756
1.173226
2.119107
1.064242
0.880919
0.724743
0.830423
0.515138
0.690370
0.834860
1.067945
1.654090
1.959314
0.887939
1.790941
0.891600
0.553342
0.446690
0.835965
1.056957
0.914998
0.450978
1.147926
0.415543
1.534974
1.681600
1.239240
0.824128
1.042082
1.305988
1.348575
1.444058
0.373131
1.024110
0.820850
0.718175
0.764653
1.075139
0.902310
0.379329
1.178724
0.831560
1.340040
1.619665
0.425882
1.708371
1.201669
1.318620
0.648449
0.735374
0.411968
0.819816
1.706360
0.749918
1.034885
1.667744
0.797306
1.006082
0.900410
1.027783
0.747683
1.085734
1.119377
1.217494
0.815829
1.508400
1.329800
1.356556
1.501123
2.652113
1.103092
1.958263
0.514079
1.268956
0.610244
1.118840
0.435653
0.365157
1.040241
1.612668
1.137932
0.231342
1.463555
1.162859
0.506759
0.420117
1.428933
0.937108
0.883885
1.845383
1.645326
1.150975
1.104468
1.129356
0.858460
0.753673
0.590694
0.710231
1.170105
0.219421
1.101876
1.122189
0.679149
0.758682
1.755552
1.300563
0.958693
0.506598
1.646146
1.773500
1.278667
0.742241
1.682677
0.445527
1.739699
1.004286
1.332729
0.659151
1.090411
1.518926
0.949893
0.791530
1.665350
1.418130
0.660578
0.720399
0.731076
1.185281
0.797775
0.701427
0.404163
1.481804
2.055903
0.420905
1.414833
1.328261
0.729211
1.601160
0.926887
0.895182
0.943420
0.962799
1.706973
0.862636
0.824987
1.373457
1.682034
1.405811
0.721136
0.715247
0.626270
1.616867
0.992755
1.713594
1.553198
0.972195
1.063474
1.810288
1.223885
1.136139
1.008426
0.762870
0.644111
1.215147
1.194470
1.570787
1.149528
1.566310
1.372148
2.572715
0.702297
1.282109
1.592734
0.548667
1.847449
0.783691
1.202096
1.586463
0.813857
1.109034
0.867887
1.055903
0.619807
0.486121
0.963784
1.686692
1.054292
1.535957
1.595582
1.625484
1.375820
1.277109
1.160398
1.570774
1.355628
1.165308
1.047548
1.584215
1.424933
0.658318
0.953537
0.407830
0.888759
1.365765
0.732023
0.916677
0.992825
0.473096
0.982895
1.394431
0.770511
0.639632
1.096979
1.712790
0.760281
0.632932
1.937720
1.206734
2.013398
0.540441
0.979526
0.509920
1.272195
1.109480
1.318606
0.628320
1.198568
1.117237
1.339443
1.524460
0.732969
0.749145
0.414485
1.430980
1.414123
1.224538
0.698778
0.527646
0.673578
1.212404
1.190704
0.803094
1.186093
1.485095
1.281233
1.030036
1.264675
1.430900
0.630850
1.404125
1.092745
0.909378
0.550270
0.641178
0.913189
0.550074
0.083510
0.960749
0.564718
0.861490
1.721146
1.037687
1.299856
0.588107
0.392713
0.803543
1.482133
1.305824
1.931240
1.225616
0.796700
1.002482
1.962689
0.471226
1.026711
0.821285
0.286738
1.218056
1.137602
0.766452
1.101126
0.725659
1.056572
0.858566
1.440936
0.422834
0.513907
0.658230
0.788689
1.024074
1.350001
1.066540
0.638849
1.073513
1.056478
0.583231
1.559662
0.502030
0.893217
1.839961
1.011077
1.431484
0.913262
0.989840
1.274007
1.375975
1.023515
0.249806
0.971430
1.750898
0.641154
0.696533
1.487973
1.146065
1.092101
0.652606
0.361865
0.481932
1.511072
1.061235
1.432505
0.854540
0.726446
1.432262
0.762087
1.576413
0.718220
1.254002
0.299102
1.488852
0.768667
0.591803
0.408908
1.403318
1.293601
1.035732
0.784975
0.767156
0.896660
1.035819
0.924637
1.584373
1.533893
1.833227
0.909563
1.902726
1.341049
0.814368
1.853642
1.199984
0.924519
1.551748
1.816608
1.421849
0.671958
0.414757
0.518389
0.863991
1.280623
0.341043
1.847696
0.402865
1.065892
1.045462
0.902745
0.402064
1.165238
0.928242
2.025039
1.198892
2.014670
1.535189
0.591591
0.756636
1.744886
1.596583
1.182582
1.114704
0.658914
0.237092
0.983452
1.545935
0.261697
0.786751
0.972478
2.004731
0.720553
1.319677
0.459217
0.852561
0.890556
1.051048
1.398768
0.690834
1.303308
0.832909
1.773575
1.693873
0.967493
0.433852
1.573575
1.201282
1.274117
1.821717
0.679010
1.273360
1.824470
2.298083
1.195731
0.673313
1.493457
1.328213
0.167604
2.321327
0.840830
0.616007
1.069727
1.513027
0.425349
1.083126
1.461825
0.501017
0.270690
2.078185
0.526746
0.839752
1.234736
1.025077
0.496083
1.786688
1.103400
1.697374
0.549368
2.124883
0.118816
1.032433
0.611824
0.809329
2.025085
0.558952
1.320383
0.937588
1.169341
0.719248
1.523978
1.135005
1.120737
1.049787
0.802987
0.731191
1.641447
0.223279
1.180734
0.719781
0.575710
1.236037
1.925691
1.249306
1.453582
0.919395
0.610626
1.428645
1.697113
0.872721
1.058583
0.771622
2.154593
1.260411
1.422230
1.014583
0.312668
0.699529
0.312291
1.551986
0.792184
1.344132
0.846868
0.323756
1.094990
0.360820
0.513524
1.747574
0.661799
1.071063
0.954259
0.994267
0.595065
1.155354
0.863914
1.717040
1.240782
0.337382
0.631686
0.844970
0.887873
0.679644
0.269268
1.017848
0.715610
0.718990
0.686700
1.019209
0.787501
1.348340
0.654850
0.960120
0.885363
0.934770
2.041202
0.992471
1.997793
0.643105
1.719334
0.111414
1.711243
2.046987
0.682861
1.049833
0.711376
1.161486
1.312250
1.088365
0.529095
1.750977
1.641444
1.125923
0.699218
0.983929
1.261943
0.331597
1.324596
1.049236
0.738488
1.203480
0.470404
0.738310
1.321674
1.294121
1.253861
1.628394
0.829237
1.526142
0.592488
1.689178
1.436027
1.090001
0.927814
0.966496
0.807771
1.327653
0.578554
1.116827
0.874921
1.125007
0.881033
0.502621
1.164866
1.552231
0.936403
0.872817
1.641068
1.015268
0.788553
0.983612
0.960666
0.775966
1.457132
0.945955
0.725141
0.587218
1.544938
0.740638
0.627085
1.484826
0.446326
2.171271
0.358084
0.739448
1.048779
2.201339
0.981823
0.964575
0.710662
1.260166
1.050517
1.106653
1.841929
0.889664
0.614672
2.213942
0.496699
0.262073
0.460414
1.980900
1.541770
0.712803
0.821592
0.783203
0.649240
1.292378
0.250006
0.163786
1.310736
1.662545
2.047771
0.939330
1.078394
1.736557
1.250670
1.522335
2.192302
1.643641
0.990539
1.263821
1.413592
1.394221
1.021672
1.153064
0.384789
1.156231
1.117189
1.424113
1.602947
0.744466
1.146710
0.782402
1.595707
1.594844
1.002298
0.882123
1.272686
1.214521
0.269508
1.958327
1.843222
0.802702
1.152012
1.531079
0.719377
0.045922
2.171556
1.098381
0.551695
1.159454
0.469966
0.881803
0.912853
1.452446
1.386172
0.863679
0.777747
1.212781
1.833867
0.517320
0.611341
1.447404
0.848762
0.772251
0.836911
1.086466
1.525697
1.382378
1.096011
2.216059
0.977236
1.916533
0.469084
0.827005
0.934407
0.996440
1.454058
0.472565
1.517535
0.846598
0.397808
1.492545
0.861515
2.635556
1.574356
1.410548
1.328193
0.881581
1.160477
1.746041
0.746005
1.615950
1.790966
2.457497
0.635704
0.449675
0.410325
1.251219
1.009041
0.574432
1.548888
0.595308
1.156351
2.076687
1.095183
1.075368
0.752858
0.688527
0.611915
1.332849
1.117672
0.818714
1.070645
1.093483
0.502086
0.640417
1.673536
0.934409
0.311568
0.851558
0.923164
1.571591
0.604329
1.330986
1.637115
1.740442
1.183830
1.893777
1.008209
1.286825
0.866838
1.330495
0.846394
1.918549
0.802425
0.571699
1.704345
0.875139
0.538700
1.723560
1.040713
1.013665
0.387470
1.179470
1.533458
2.351026
1.681409
0.944568
0.826513
1.342500
0.327078
1.015368
1.324141
1.639193
1.023621
1.497597
1.179693
1.099018
0.295016
0.594894
1.082922
0.526485
1.232357
0.995599
2.283817
1.632870
0.892700
0.399093
1.036773
1.317488
0.980840
0.907430
0.421783
1.262824
2.777142
1.970748
1.260924
1.849443
0.601175
1.866907
0.340828
1.176665
1.310200
0.549417
1.152669
1.791364
1.310782
2.343730
2.411094
0.862314
0.534579
0.661553
1.166024
0.200354
0.920856
1.019430
0.836343
0.470394
1.082857
0.899992
0.607121
0.394237
0.995342
0.661515
0.261097
1.351033
1.494841
0.599112
1.456803
0.720613
0.463951
0.584936
1.091259
0.735872
0.895029
1.002192
1.610591
1.323232
0.631090
1.252028
1.268999
0.591535
1.553617
1.467511
1.324537
0.878942
0.940016
0.811548
0.882032
1.158210
0.573670
1.419695
1.186227
0.981064
2.083873
0.141108
1.136624
0.637090
1.830200
1.005494
0.772045
1.275683
1.166244
1.185177
1.004649
1.062583
1.788160
1.164133
1.384976
0.800071
1.127486
1.601601
1.449560
0.450522
1.128008
1.180763
1.171953
1.146584
0.543038
1.734536
0.693905
1.007129
0.047410
1.537343
0.856333
1.837947
1.261601
1.037251
1.211038
1.104720
1.670468
0.908453
0.846458
1.119386
2.138723
0.420960
1.582764
1.211868
1.013112
1.243298
1.040618
0.564729
0.286991
0.951932
0.709175
0.890086
0.699297
1.300721
1.370093
1.565796
0.826770
1.190694
2.132008
0.953699
0.890835
0.849814
0.780659
1.221286
0.860289
0.791688
1.697732
0.301436
0.648536
1.361768
1.207725
1.460447
1.183492
0.964684
0.292846
0.668888
1.836780
1.359098
1.281641
1.485922
0.992497
0.843947
0.853659
0.876829
1.853238
1.749302
1.559862
1.293110
1.351925
0.890396
1.696154
0.704752
0.531584
0.995577
1.506958
1.545288
1.343013
0.463283
0.947752
0.851527
1.068349
0.352071
1.262520
0.894485
0.477073
0.634220
2.097302
0.635216
0.976660
0.863422
1.271680
1.346304
0.818913
0.451292
0.559378
1.587700
1.079426
1.553623
2.098375
1.047003
0.874230
0.862937
1.286609
0.297589
1.222831
0.640444
0.639666
0.810785
1.412705
1.215805
1.001618
0.601970
1.355297
0.360265
0.543536
1.740091
1.196480
0.460869
0.802815
1.296534
1.831310
1.969671
0.920263
2.020220
1.173746
1.310670
0.712520
1.056604
0.614411
1.102004
1.584552
1.064249
1.536422
0.380591
1.209081
1.205642
2.063779
0.802190
1.192157
1.466327
0.909837
0.871817
2.174190
0.877176
1.065361
1.922950
0.479175
1.445449
1.326644
0.868436
1.342628
0.749496
0.498747
1.228356
0.512823
1.157920
0.638419
0.812278
1.145896
1.062687
1.681777
0.268955
0.837274
2.393112
1.407671
1.468067
0.347514
1.666958
0.490794
2.062249
1.293798
0.905749
0.507264
0.803829
1.692303
1.506731
1.370170
1.532732
1.858679
1.686903
1.598137
0.894166
0.979841
1.960484
1.017992
0.626744
0.780084
1.960180
1.295226
0.968490
1.106838
1.485554
1.007884
0.970285
0.684169
1.788111
1.047962
0.828905
1.497692
1.706391
0.420685
1.505158
0.781576
1.390072
0.789710
0.628561
1.164158
1.159338
0.951659
1.322598
1.267956
1.112072
1.192666
0.396615
0.793559
1.823363
0.291616
2.020190
0.957377
0.398365
0.979248
1.754371
1.429237
0.899187
1.489909
0.767223
0.558940
1.221241
0.661181
0.616014
1.212764
0.469354
0.608910
1.222337
1.705248
0.547513
1.492490
1.438059
0.927179
0.261340
0.678581
2.049156
0.551817
0.813469
1.240439
1.303568
1.109240
1.178385
1.930603
1.253041
1.328489
0.980998
0.244012
1.306646
0.811164
1.323171
1.579544
0.648942
0.924830
1.634221
1.585880
1.545644
0.330714
0.951123
1.331150
1.852154
1.146527
1.223876
1.025150
0.475474
1.346711
0.487425
1.137359
1.243195
1.094650
0.600006
0.888347
1.182167
0.641212
0.931552
1.387705
0.550750
0.504486
0.609406
1.639060
0.663393
1.986989
1.451573
0.621174
1.086952
0.712707
0.867691
1.987631
0.899143
0.192406
1.519974
0.749337
1.003167
1.708181
0.576193
1.807715
1.119812
0.500058
1.156267
0.659250
1.348825
1.231605
1.484270
0.288220
1.286340
1.009977
1.700121
0.650431
0.830343
0.916317
0.554964
0.765844
1.496437
0.615356
0.321981
1.496198
1.734859
1.192577
1.247555
0.766899
1.385399
1.043676
1.001212
1.337854
1.228637
1.238438
1.156573
1.398735
1.535255
0.708734
1.207921
1.461732
0.453012
1.585931
0.308764
1.017529
0.724920
1.022250
1.382787
1.532107
1.129193
1.445464
0.985843
1.001734
1.501941
1.094021
1.440380
1.364984
1.040606
0.694026
2.381226
1.053071
1.644018
1.212732
1.161772
0.395710
1.542217
2.339146
0.842232
0.323446
1.383061
1.005253
2.162499
1.262190
1.522142
1.216899
1.877096
0.934511
1.676149
0.723642
0.586236
2.190907
1.703138
1.474861
1.557994
1.311946
1.727530
0.459341
0.979361
1.310393
1.288846
1.330265
1.446997
0.597736
0.965178
1.609041
1.017775
1.454385
0.365486
1.329379
1.317132
1.239114
0.924580
1.473243
0.688543
0.851711
1.103380
1.012072
1.962147
0.459836
0.231465
1.718231
0.658579
0.483201
0.998039
1.713050
1.700992
0.601868
1.996482
1.567946
0.866094
1.057761
0.819987
1.366135
0.360348
1.005903
1.727399
0.653260
1.558953
1.232523
1.916196
1.043199
2.349719
1.036542
1.062862
0.890177
1.135507
0.698833
1.015253
0.379655
1.475742
1.691495
0.401357
1.054150
1.197223
1.248547
0.535188
0.766169
1.368984
1.387552
1.399613
0.522909
0.811299
1.613424
1.213787
2.028293
0.682682
1.362690
0.787549
0.941984
1.121044
1.013875
1.426328
1.680376
0.568326
0.507852
1.078749
0.770191
1.192035
1.034289
0.854332
1.973147
0.358811
0.894824
1.235425
0.990379
1.224360
1.520050
0.558746
0.813320
1.417556
1.901771
1.175258
0.746069
1.047141
2.209802
2.010891
0.769332
1.002917
0.793396
1.425268
0.684180
1.299483
1.334025
0.794298
0.882041
0.992526
1.428880
0.614702
0.770114
0.853098
0.271986
0.827886
1.528515
1.315903
1.081442
0.732186
1.504592
0.357338
1.272594
1.162279
1.455402
1.113378
1.458870
1.318694
0.499610
0.597597
1.475165
0.915185
0.778671
0.903569
0.581973
1.331431
1.745452
1.302764
0.939805
0.992355
0.841103
0.645638
0.365556
0.749754
0.819169
0.602608
0.546391
0.766774
0.904162
1.987278
0.720295
0.963093
1.578934
1.614429
1.727189
1.529677
0.891638
1.830848
1.058086
0.800825
0.607464
0.905283
1.448895
0.283658
0.825167
0.626786
0.811554
0.667914
0.543365
0.368023
0.658958
0.385373
0.924496
0.879452
0.186608
1.812458
1.134045
0.808515
1.526455
1.052915
0.581570
1.056111
1.202729
0.994578
1.751958
1.159848
0.735696
0.954793
0.907977
0.652961
0.335636
1.919424
2.039295
1.408887
1.428379
1.428105
1.246860
1.029520
0.352742
0.799286
2.220889
2.174960
0.959931
1.083029
0.670202
0.524084
0.720641
1.464547
1.121745
0.525591
1.490974
1.509808
1.379278
1.400598
0.680127
1.333557
0.621695
0.489177
0.977075
1.032715
0.717354
1.196606
1.359206
0.346074
0.673773
0.988450
1.617842
0.746517
1.934674
1.137528
0.235910
0.906062
0.983775
1.741580
1.982998
0.433259
1.314051
1.102899
0.805414
1.605532
0.652253
2.122240
1.416655
1.184214
1.694432
0.471218
0.929676
0.937347
1.041100
1.145897
1.239401
0.732753
1.424170
0.732532
0.702973
0.947158
1.839966
1.523868
1.623407
0.889249
0.560962
0.394962
0.841501
1.325772
0.360318
0.869988
0.470529
0.634780
1.332882
1.308218
1.010201
1.097617
0.899132
0.735432
0.757337
1.373071
0.514001
2.379668
0.552777
0.829281
0.950246
0.198885
1.206258
1.157506
1.273871
1.331238
1.462711
1.133988
1.698545
1.707050
0.321533
0.961068
0.776102
0.261410
1.430132
0.925656
0.956972
1.850217
0.890473
1.130056
1.267005
0.512649
1.405599
1.663719
1.604374
1.158136
2.041023
0.502968
0.981647
0.736487
1.127087
1.441330
1.806524
1.490114
0.373323
0.770702
1.814285
0.847326
0.353563
0.774270
2.936278
0.925610
0.348837
1.830787
0.778674
1.333856
1.153009
1.237221
1.129999
1.072766
1.428776
0.826518
1.385842
0.866667
1.191428
1.276338
1.219149
1.970902
1.400966
0.629940
0.638643
0.970538
1.209781
0.909790
0.782014
0.610432
1.245299
1.989397
0.730826
0.590183
0.953432
1.552764
1.656826
0.818366
0.535803
0.425177
1.510642
1.225243
0.798055
0.437509
1.512905
0.879536
0.977235
0.670319
0.763815
1.636954
0.256342
1.474610
0.339257
0.787710
1.330019
0.978300
1.414163
1.054680
0.586706
1.069635
0.285835
1.169082
0.227199
1.840717
1.107122
0.532420
0.917620
0.877431
1.183035
1.714432
0.809551
1.034791
0.932120
0.935957
1.207877
0.552852
1.175167
0.940266
2.410158
0.830229
1.386883
1.143096
0.627153
1.842097
1.857802
1.811822
2.080869
1.692447
1.354485
2.216080
1.224113
0.472619
1.686242
0.598316
1.185334
1.648268
1.860259
0.625183
1.422252
0.909375
1.889590
0.606414
1.094086
1.091217
0.953798
0.914643
0.318427
1.956722
1.781286
0.845952
1.625439
1.186664
1.194259
1.223892
1.282283
0.181983
1.327162
0.440202
0.548901
1.221423
0.559685
0.662390
0.629924
0.928425
1.374449
1.733083
1.496451
0.734890
1.555679
0.692823
1.097788
0.935498
0.723425
0.967834
1.117650
0.617406
1.113832
1.051390
1.231934
1.443158
1.278152
1.026691
1.170766
0.577231
0.340558
1.166832
1.394119
1.703386
1.367569
1.323392
1.340620
1.079207
0.932786
1.692381
0.969106
1.696548
0.976987
0.936371
0.565973
1.520543
1.335017
1.291625
0.409793
1.198731
1.253818
1.346088
0.792212
0.634379
0.537794
1.781707
0.074669
0.584639
2.198421
1.999810
0.759956
1.098777
1.641040
1.473238
1.639612
0.836657
1.641735
1.269414
0.892182
1.137174
1.446521
1.137849
0.831039
1.800261
0.875348
1.282937
0.631235
0.362563
1.006502
1.180200
1.010488
1.346554
1.498946
0.422476
1.335111
1.455259
0.685352
0.518492
0.548021
0.955600
1.282153
0.241112
1.631210
0.781294
0.666331
0.812714
0.987389
1.069945
1.830988
2.310986
1.218718
1.026051
1.034386
1.471221
1.756897
0.945092
0.881963
1.009279
1.510976
0.795150
1.314062
1.169501
1.237114
0.439164
1.092724
0.756335
1.027836
0.346445
1.807022
0.533183
0.336338
0.978710
0.789014
0.741195
1.079921
0.776435
0.647930
0.837411
0.721834
1.319372
1.940072
0.971072
1.556588
0.420809
0.656999
0.924436
1.063552
1.465577
0.958994
0.594971
1.165054
0.977055
1.297696
0.594586
0.576478
0.688896
0.328427
0.618748
1.730862
2.044100
1.617342
0.333567
0.657620
1.084174
1.825550
0.906679
1.166929
0.500263
1.037810
0.918557
1.479984
0.581160
1.064276
1.124385
2.106991
0.824989
0.858272
1.169277
0.982023
1.438717
0.618179
1.060530
0.791837
0.093753
0.736300
1.473860
0.386896
0.777984
2.250890
2.242939
0.719375
0.639842
1.702593
0.418546
1.201187
0.368922
1.608392
1.349805
1.051313
1.369266
1.495971
1.316089
0.567414
1.465872
1.322849
0.292218
1.049356
0.998486
1.567493
1.226349
1.292361
0.936710
1.263895
1.174360
0.769753
1.594729
1.111793
0.911053
0.832359
1.587185
0.978510
2.352146
1.488293
0.773554
0.888084
1.495128
1.147034
1.792269
0.881355
1.119882
1.423380
1.277257
1.500215
1.315385
0.989075
1.329179
0.985526
0.986511
0.373793
1.163819
0.277867
1.712833
2.108025
1.279340
0.439238
0.581339
1.685848
0.304892
1.074361
1.267918
0.418377
0.579050
1.661531
0.743979
0.712362
0.627652
1.405032
2.635167
0.399086
1.856700
1.285642
0.973831
0.825600
0.464603
0.947050
0.678954
0.745197
0.313906
0.989057
0.810802
1.471316
0.872336
1.691128
0.824128
1.825294
1.379477
0.890157
0.844292
1.891748
0.851605
1.238032
1.024606
0.137920
2.382577
1.503412
0.798573
0.983177
1.182396
1.102224
1.828804
0.828636
1.182999
0.305602
0.599973
0.965411
1.896510
1.655972
0.365002
1.032528
1.351318
0.869578
0.922087
1.232284
1.379121
1.981079
2.011102
1.730972
1.740018
1.375159
0.626589
1.546448
1.280707
1.438103
0.971418
1.407523
0.814351
1.331007
2.088948
1.391863
0.626975
0.275767
2.435599
0.298499
1.911783
1.651841
0.831329
0.591823
0.495264
1.535422
1.048425
1.118051
0.672966
0.512587
0.582966
1.205741
1.535927
1.048646
1.150476
1.483398
0.660262
0.579154
1.543837
0.809606
1.150633
0.866005
0.210022
0.714062
0.468264
1.684325
0.452940
0.649828
1.237158
1.148226
0.671783
1.838494
0.742488
1.331758
1.823859
1.641325
1.534002
1.416798
0.283393
0.895573
1.446813
1.362452
1.074416
1.091531
1.357680
0.500015
1.484138
1.173747
0.830861
1.580191
0.938206
0.730612
1.369236
1.304330
1.469988
0.509954
1.896850
1.064011
0.714390
0.683379
0.188451
1.128293
0.453562
0.254555
0.403241
1.517726
1.585576
0.809347
1.905991
0.972703
1.015513
0.439027
1.559080
1.157685
1.863876
0.332001
0.931940
0.678064
0.537605
1.011713
0.965554
0.995040
1.821588
1.229161
0.876819
0.495420
0.250084
2.006133
1.154166
1.180489
0.700914
1.043973
1.497866
1.489645
1.504266
0.643725
2.503948
0.692316
1.028768
1.322235
0.620387
0.706918
1.262863
2.015821
0.754415
0.634970
1.189857
0.893731
1.575189
1.065997
1.732796
1.113028
0.790661
0.728936
0.483036
1.170777
0.855902
1.118805
0.972353
1.572164
0.495781
0.353756
0.880231
0.961933
0.455344
1.753615
1.104870
1.498721
1.884448
0.870572
1.202461
1.075325
1.715971
1.101390
1.032042
0.797710
0.966990
0.819216
1.326251
1.027004
0.903612
0.809159
0.677771
1.154246
0.389173
0.963378
0.996871
1.072366
1.306891
0.370260
1.557870
0.787190
0.421958
0.956699
1.691736
2.594465
1.375569
0.916056
0.642993
0.585784
0.273792
1.120498
1.339702
0.749492
0.646879
0.528082
0.816132
1.092890
0.744149
1.711851
1.388347
1.104609
2.084798
1.894736
0.565456
0.136439
0.169431
1.666167
1.154103
0.870404
0.840289
1.270302
0.586873
2.143212
0.734559
1.570431
0.503673
0.535725
0.857763
0.633531
1.420238
1.279285
1.192235
1.762555
0.610305
1.670231
0.563275
0.699781
1.777273
1.072930
2.324869
1.385348
0.741609
0.757353
1.192994
1.999625
1.664163
1.274256
1.873964
0.816756
2.213623
1.118936
1.331920
1.116709
1.295877
1.313983
1.350690
1.683712
0.639274
0.995512
0.887019
0.705704
1.053724
2.097777
0.646953
0.516601
0.419315
0.472584
0.729827
1.198826
0.673539
0.713293
1.478472
2.414025
0.685905
0.780630
1.090715
0.913336
1.194197
0.856759
1.943609
2.035697
1.760499
0.573709
0.779395
1.589987
1.446029
1.487622
0.996786
1.128372
1.794155
1.367491
1.224821
0.776532
0.422395
1.367733
1.576932
2.109868
0.614516
0.615324
1.666030
2.098647
1.602644
0.668711
1.094064
1.109333
1.089811
0.871811
0.696905
0.594374
0.728431
1.233281
0.461502
0.722137
1.150947
1.202232
0.565793
0.244411
0.689722
1.303069
0.709569
1.209032
0.805444
0.741089
0.977107
1.709237
1.390676
0.280097
0.690100
0.478229
1.065885
0.450330
1.107197
1.699571
2.250725
0.453472
1.080640
1.367472
0.613461
1.726753
0.316578
0.968785
0.761065
1.742143
1.102713
1.138115
1.240767
1.341132
1.146223
0.754570
1.343381
1.523424
1.267822
2.460507
1.726315
1.792057
0.593186
1.057639
0.645390
1.994879
0.328110
1.649095
1.228612
1.209375
1.695614
0.577859
1.764043
0.953666
1.358221
0.657490
1.703184
0.540912
0.565533
0.505853
0.881645
0.918918
0.972912
0.530789
1.979783
2.040772
0.293302
1.031253
0.818292
1.304432
0.795986
0.789019
1.567863
1.668441
0.554492
2.087597
1.812230
1.121587
0.948726
0.414288
1.448199
0.934513
0.993804
1.191139
0.831962
0.633350
0.458442
1.329118
0.517627
0.893592
0.409206
1.075462
0.849554
1.029725
1.832462
1.323149
0.635263
1.244983
0.772910
0.317801
1.080413
0.353784
1.444676
0.839603
1.106160
1.340759
0.698191
0.517071
1.880412
1.957177
1.151781
1.290342
1.330766
1.851149
1.340252
1.021504
0.801000
1.612588
1.061766
0.933209
0.937576
1.189958
1.202836
0.962448
0.335108
0.531711
0.855843
0.882485
1.217265
2.262216
1.406966
1.218278
1.525009
1.032312
1.288624
0.632992
0.852005
0.612048
0.577656
0.195499
0.247421
1.332387
0.634285
1.550769
1.165896
1.773678
0.486514
1.062105
0.662457
0.669399
2.214288
0.979796
1.555916
1.220687
1.233421
0.819106
1.345332
0.821556
1.399090
1.173243
1.340323
0.969265
0.243451
0.940519
1.301251
0.855428
0.746480
2.529269
0.992677
1.594354
0.324757
0.731442
1.736139
1.590893
0.961317
0.744554
1.415856
2.224840
0.553005
0.240023
0.793980
2.073879
1.342617
0.741937
1.356594
0.715685
0.981051
1.213699
1.487094
2.040291
1.569804
0.964842
2.030069
0.853383
0.959853
1.693179
1.700161
1.054174
0.500855
0.984506
1.471756
0.923734
0.881860
1.701358
0.788873
0.859307
0.662434
1.167676
1.596815
0.794789
1.500272
1.163029
0.899112
2.101008
1.322600
1.499028
0.850252
0.667617
1.655203
1.055037
1.618823
1.115096
0.583576
1.780125
0.676235
0.771979
0.949908
0.442133
1.271819
0.263868
1.268259
0.224969
1.174061
0.951659
1.452367
0.412903
0.787476
0.434566
0.663238
1.149439
1.216330
2.624559
1.322798
0.950571
1.081813
0.893958
1.003698
0.674467
1.289626
1.014938
1.408036
1.838099
1.902491
0.761988
0.940277
0.203431
1.679564
1.479636
1.892213
0.761095
0.315448
1.098298
0.687307
0.817290
1.102759
0.768844
0.782972
1.102861
1.363425
1.042630
1.689160
1.078584
1.156192
1.359307
1.531300
1.655321
1.025063
0.582418
1.421706
0.874095
1.313888
1.362551
2.165472
1.242078
1.516872
1.386609
1.279764
0.829724
1.986889
0.661284
0.856092
0.648638
2.129649
1.698812
0.292485
0.927095
1.664517
0.613198
0.501558
1.345821
0.882625
1.120455
0.537779
0.557531
1.387221
1.425834
0.818348
0.737983
0.697760
1.136838
0.678465
0.895457
1.189650
0.745209
0.655232
0.760898
0.696024
1.275466
1.019985
0.650388
0.709101
0.504672
0.351497
0.597100
1.714822
1.563977
0.585996
0.629430
0.891837
0.995211
1.567161
0.556965
1.003047
0.703958
1.647588
1.678417
2.340690
1.532515
1.351549
1.685572
1.161086
1.062288
0.795322
0.824460
1.298939
0.409685
1.666476
0.648014
0.826708
0.548930
1.426892
1.450776
2.674354
1.601920
1.490740
0.953800
1.083743
0.998017
1.726412
0.682442
0.679251
1.484903
1.032017
2.029992
1.722314
1.684914
1.512615
0.990535
1.128178
1.521923
1.343189
0.337720
1.608871
0.811793
0.882246
0.803237
1.355880
0.834301
1.144411
0.882386
0.829381
1.640235
1.845714
1.053196
1.026343
0.395389
0.631079
0.788304
0.449429
1.103168
0.498789
1.608671
0.544025
0.462675
0.332562
1.122989
1.232291
0.978458
0.852851
1.028274
1.486087
0.292103
0.429089
0.999785
1.427460
0.550400
0.840518
0.458200
1.200265
0.845549
0.698971
0.539276
2.028226
0.688146
1.172737
1.396546
1.338312
1.130949
0.629033
0.760123
1.974361
1.255267
2.172121
0.544138
1.245691
0.397175
1.436800
0.913223
0.895969
1.648613
1.132945
1.638892
2.428446
0.877058
0.748122
0.621609
1.124196
1.602297
0.666340
0.451941
1.092219
1.750119
1.972596
1.684480
0.944479
1.138363
0.545195
0.994509
1.008749
1.749333
0.953951
1.351301
1.999415
0.673253
0.497225
1.277344
0.256485
0.711097
1.088222
0.584535
1.937016
0.710730
0.293367
0.883309
0.767242
1.973883
2.686157
1.445189
0.496190
1.489483
0.574480
0.737785
0.726463
1.570656
1.402518
1.351794
0.875274
1.415817
1.482379
1.282735
0.629946
0.877311
1.537310
1.186982
0.643126
1.206596
0.996546
0.782668
1.432289
1.128208
1.788332
0.558388
1.220776
0.850325
1.507038
1.746526
0.632604
1.234391
1.588538
0.451293
0.871585
1.446025
0.905962
1.523610
0.459981
0.641939
0.686506
1.526642
0.874464
1.086576
2.340345
1.563563
1.103548
0.710007
0.960219
1.122579
1.679962
0.842313
1.364316
0.764376
0.727660
0.528620
1.059089
1.928860
0.647826
0.857176
1.253297
1.194850
1.401014
0.872258
0.533167
1.273285
0.937406
0.202069
1.280941
1.055309
1.288665
1.402361
1.442045
1.804642
2.153226
1.552130
2.459594
1.280116
1.896332
1.212286
1.630143
1.808126
0.784452
1.130517
1.119628
1.017510
0.494761
0.651298
0.938933
0.418628
1.302089
0.277072
2.574381
0.670659
1.566743
1.131701
1.128542
0.110217
2.029050
0.780444
1.314749
1.017802
0.676118
1.397498
0.608548
1.122760
0.478353
0.705817
0.587465
2.162841
1.250150
1.194393
0.846230
1.274047
1.034605
0.904099
1.250136
0.858068
0.179013
0.954622
1.907648
0.439238
0.420046
0.687553
1.058116
0.743852
0.657279
1.216723
0.121449
1.360583
1.292565
1.434533
0.910880
0.696068
0.926498
1.540567
0.828773
1.230467
1.673809
0.951134
1.641246
1.426925
1.115572
2.290633
0.553570
1.453184
1.293073
1.175374
1.625565
0.795735
1.395980
0.767633
0.886359
2.651309
1.140254
1.064702
1.053598
0.697329
0.916872
1.152810
0.348382
0.547653
2.107911
0.895374
1.181941
0.621168
0.668833
1.324243
0.665071
1.181214
0.523088
1.189732
0.807356
0.914667
2.011712
1.254133
0.639358
1.541636
0.664825
0.646106
1.006179
1.824451
0.757323
1.102925
1.214847
1.252705
0.914679
0.576200
0.466730
1.661536
1.347431
1.349735
1.103086
1.943506
1.739443
1.533395
1.849244
1.323358
0.943537
0.888805
1.130582
1.198178
0.438572
1.394692
0.734557
0.486893
0.805366
0.839471
1.906493
0.755505
1.998800
1.339758
1.647691
0.692617
0.715446
0.766954
1.575214
1.539846
0.458456
1.155957
0.907513
1.599168
1.134866
0.964378
1.110720
1.436806
0.998212
1.663091
0.865222
1.044109
0.667905
1.181797
1.086352
0.600241
1.538513
1.094680
0.940372
0.870689
1.292015
0.966406
0.481929
1.365415
2.250138
2.109984
0.855631
1.185059
0.766967
0.623681
1.377625
0.895443
0.706445
0.522164
1.406795
0.469206
1.912871
0.701673
1.501575
0.819149
1.318896
1.742277
1.238288
1.433620
0.785441
0.995822
0.940274
1.502464
0.757507
1.589487
1.240392
0.680898
0.587978
1.834547
1.095730
0.347683
0.970719
1.585248
0.860771
1.394317
1.137447
1.301569
1.813021
2.166474
0.979791
1.246354
0.915624
1.483899
1.894335
0.325017
0.651192
1.243627
0.314505
1.156431
1.004139
0.546025
0.997690
1.563023
1.492056
1.320646
0.583135
1.317536
0.396688
2.008062
1.257804
1.870148
0.851122
1.452778
1.266870
1.200961
2.117837
1.476538
0.879782
0.698302
0.514131
1.523280
1.883545
2.184397
2.412336
2.142096
0.960054
0.452704
1.393101
0.830741
0.711378
0.652400
1.972192
1.470679
0.589539
0.540290
1.412689
1.121238
1.168323
0.624065
1.605508
1.255600
1.765891
1.315594
0.505801
1.594819
0.930578
1.807284
1.384737
1.474501
0.849987
0.689054
1.292324
0.899581
1.076392
1.271597
0.662313
2.105788
0.710387
1.143262
0.929184
0.457222
2.199451
0.919936
1.403030
2.034124
1.161657
1.681558
1.505897
2.466482
0.952918
0.646005
1.179507
1.370004
0.774362
1.715956
0.826588
1.137747
0.951933
2.007053
1.190881
1.186209
1.618657
0.958358
0.348691
2.410140
0.700545
1.395031
0.850605
1.066173
1.607511
0.930953
0.595780
1.325729
0.640609
0.899634
0.463559
0.702701
0.793672
1.895245
0.662390
1.152565
1.635735
0.933605
1.742759
1.948805
0.260477
1.251588
0.445221
1.084651
1.245468
1.046701
0.952633
1.009402
1.065356
0.785220
0.629443
0.967627
0.717642
1.288000
1.616378
1.573585
1.552141
1.010731
1.500758
1.161839
0.642646
0.733823
1.451645
1.198048
0.659212
1.272098
1.533500
0.519612
0.737822
0.780807
1.317307
1.471964
1.344808
1.209685
1.456849
1.707792
1.375785
0.882773
1.622288
1.683140
1.163684
1.296787
1.895351
1.044826
1.817638
0.635527
0.774867
0.232242
1.159640
0.558385
1.159487
0.838263
1.817598
0.951960
1.332581
0.766762
1.139378
0.735332
1.122566
1.788853
1.507045
0.718461
1.478820
1.148290
0.756299
0.733030
0.909820
1.105161
1.142818
0.768200
0.834994
0.744837
0.899414
0.934588
0.581842
1.325645
1.647309
1.046171
0.843776
1.840733
1.506296
1.040618
1.429780
1.217417
0.258746
0.833795
0.728272
0.867529
0.390441
1.413103
1.014681
1.574517
1.165787
1.192082
0.513232
0.986086
1.448479
1.098643
1.134724
1.578848
0.661882
0.725850
1.342216
0.218585
0.506749
1.525150
1.249760
0.699770
1.238577
1.312979
0.664239
0.664024
0.811410
0.384540
1.835298
0.777364
1.238660
0.878600
0.815937
1.967222
1.082652
0.983819
0.747906
1.411498
0.432030
1.008795
0.497833
1.021453
0.783897
1.267739
0.581314
1.217552
1.218809
0.746871
1.369446
0.971117
0.880934
2.118268
0.723289
0.813729
1.196833
0.886874
0.562934
2.111656
1.708116
1.363218
1.205005
0.938896
1.127115
1.892936
0.394617
0.936387
1.186526
0.566961
0.499476
0.552114
0.363318
1.308156
1.421665
1.624100
0.668976
1.316194
1.865432
0.503024
0.979167
1.511151
1.977848
1.139168
1.416840
2.103851
1.092890
0.658038
1.187276
1.394763
1.681306
0.430544
0.753164
0.691515
1.546869
1.842054
1.013286
1.265700
0.665780
0.832557
0.223190
0.801182
1.618359
0.705671
0.901800
0.812270
1.401647
1.176969
1.363917
0.706860
0.677962
1.582085
1.530883
0.538948
1.172877
0.990402
1.489583
1.694277
1.449878
2.001925
1.433145
0.952895
0.683155
1.246420
1.323957
0.144288
1.331951
0.349611
1.032628
1.340679
1.569784
0.725203
1.119179
0.530482
1.164750
1.750009
1.136674
2.497817
1.584220
0.923796
0.677866
1.178988
1.280074
1.247446
0.514327
0.753826
0.629978
0.480457
0.786158
1.487963
1.199577
1.154416
1.149893
1.119528
1.541475
1.222685
1.434051
1.339838
0.905252
1.310754
0.847568
1.341100
1.194096
1.751564
0.447487
1.320298
0.617047
0.930022
1.556056
1.361085
0.896556
0.975969
0.387578
0.559991
0.809609
1.937720
0.910314
0.992049
1.126385
0.664145
1.214953
1.288241
1.648476
1.543169
1.267593
1.006509
0.482987
1.059858
0.757598
1.564370
1.959505
0.524190
0.956272
1.442061
1.550940
0.456633
0.895574
1.885341
1.234677
1.832169
1.010645
0.540682
1.197559
1.505370
0.990197
1.159317
0.930405
0.535618
1.234732
1.230587
1.840593
0.748658
1.437006
1.478399
1.918131
0.643492
2.018034
0.901269
0.627282
2.064634
0.793821
1.852453
1.329366
0.092172
0.627113
0.735039
0.413720
0.529248
0.996233
1.269335
0.741255
1.148685
1.743690
0.569193
0.990502
0.840770
0.576214
1.320397
0.935450
1.358463
1.210479
1.210923
1.220073
1.254464
0.979524
1.074060
0.978443
2.124553
1.625943
2.260300
0.569451
0.626599
1.519093
1.020047
0.758233
1.322998
1.040926
1.160752
1.088476
1.829648
0.694950
1.112581
0.666065
1.052723
0.611228
0.646751
1.796236
0.631799
1.341648
1.062157
1.281550
1.142944
1.262081
2.164572
0.406475
0.826159
0.952199
0.984273
1.123541
1.483856
0.751479
0.602880
0.596676
1.364539
0.720597
1.076773
1.910481
1.328475
0.659332
0.725678
0.878730
0.597929
1.322628
1.312731
1.410640
0.676421
1.568596
0.589781
1.271510
1.312515
2.108441
1.115076
1.577467
0.489626
0.903196
1.804747
2.172740
1.228278
1.930441
1.143551
1.154332
0.803099
2.051423
1.222070
0.606186
0.890035
1.019856
1.204986
0.837193
0.684907
0.783639
1.590470
0.898775
0.925759
0.511828
0.510091
1.065305
0.551922
0.387616
0.578603
1.117936
0.393850
1.105381
2.220480
1.291205
0.953340
2.420946
0.864797
0.194153
1.557226
1.543828
1.926838
0.869100
1.508410
1.258834
0.640998
0.618591
0.763238
1.120271
0.874355
0.882297
1.718605
1.128624
1.343326
0.987722
0.984955
0.658069
1.881150
1.643408
0.710845
1.711699
2.113377
1.659298
0.511899
1.485590
0.759074
1.236364
1.577503
2.083754
1.293288
1.055031
1.652267
1.316106
1.050863
0.684633
1.560653
1.450175
2.492909
0.919517
0.878534
1.096660
0.665970
0.859141
1.831072
0.383377
0.533390
0.893789
0.537822
1.243306
1.011440
2.125335
1.704710
0.989274
1.158228
0.815771
0.658656
1.006252
0.364815
1.308456
1.424906
1.036512
1.417483
0.818883
1.314689
0.625305
0.327980
0.429381
0.931872
1.459604
0.850066
0.563161
1.619113
1.850370
2.172533
1.113011
1.461775
2.150285
1.600121
0.693228
1.336402
1.673095
0.630262
0.892056
1.080344
1.258502
0.929707
0.944502
1.178848
2.023392
1.524952
1.066830
1.444233
1.098081
1.520775
0.793780
1.366620
0.943812
1.054904
1.000189
0.888849
1.283066
1.770773
0.782226
0.524921
1.698636
2.317440
1.707164
1.007645
0.926984
1.473217
0.791718
1.927108
1.095635
1.846350
0.599231
0.895657
0.721712
1.004688
0.679124
1.772739
0.351921
1.151013
1.265912
0.740562
1.445962
1.314649
1.036797
1.406285
2.579500
1.076548
1.033130
0.768447
1.348453
1.257629
1.392396
1.566473
0.550837
1.349642
0.868752
1.038613
0.449200
1.012152
1.317967
1.737744
0.998253
0.799651
1.500489
0.335979
1.737868
0.280669
1.851344
1.038582
2.703234
0.997803
1.670100
1.396995
1.177546
0.867164
1.434824
1.068094
1.197890
0.924648
0.844452
1.439261
1.429124
0.620981
0.873369
1.408874
0.766473
0.892677
1.489926
1.037151
1.239483
1.028517
2.010097
0.305989
1.674193
1.693069
0.564473
0.269757
0.715666
1.219186
1.299016
1.005955
2.177948
1.156044
0.560296
0.712344
1.803098
1.672129
0.780076
1.328218
0.842718
0.488141
1.499967
1.664805
1.275926
1.354383
1.379217
1.411368
0.736291
0.747513
1.266942
0.943145
1.278159
0.922434
0.925033
0.841500
0.811664
0.969540
1.566939
0.610194
1.170960
1.791498
0.741082
0.974020
1.049776
0.847177
1.081069
1.045213
0.803617
0.449764
0.648806
1.452999
1.025906
1.795915
0.710604
2.367690
1.166384
1.561059
1.455395
1.448534
1.051968
1.100767
1.551242
1.585098
0.525407
0.528096
0.866038
1.720780
1.556004
1.079293
1.202599
1.173553
0.431051
1.015607
1.589820
0.409976
1.037159
1.139410
1.445180
1.685830
1.403090
0.650731
0.836982
1.682691
0.714176
1.749860
0.937515
0.554010
1.478757
1.128545
0.944566
0.771985
0.929646
0.552156
1.210007
0.744306
0.914353
1.495953
1.287653
1.011963
1.152230
0.845195
0.822776
0.447554
2.277517
1.020608
1.657542
0.775395
0.619786
1.110782
1.505301
1.366117
1.009390
1.365400
0.932531
1.707743
0.868523
0.914710
0.783850
1.521066
0.567055
1.397566
0.365823
1.369283
1.617396
1.521889
1.004913
1.128452
0.844540
1.638644
1.250054
0.276501
1.513899
1.530618
0.655765
0.951979
0.512119
1.117928
0.918550
1.208013
0.746173
1.261182
1.104023
0.345574
2.014837
0.352394
1.347029
0.623046
1.514692
1.637590
1.240387
1.287209
0.443826
0.790860
0.934107
1.877726
1.144141
0.707901
0.146056
1.159112
1.142318
2.220811
1.263823
1.025109
0.729104
0.742312
1.088366
1.358295
1.740555
1.154366
1.015398
1.164372
1.815868
0.598766
1.187082
0.774323
1.356110
1.998498
0.464179
0.802667
0.197955
1.066618
1.467547
0.912117
1.160604
0.636620
1.613411
1.028744
1.219412
1.355693
1.072061
1.491172
0.963645
0.956262
0.927307
1.211107
2.139976
1.369219
0.646642
1.141514
1.166856
1.797992
0.937445
1.144069
0.281582
1.587657
0.707243
1.599429
0.711650
0.578322
0.399951
1.342206
1.005775
1.263100
1.816097
1.293277
1.496262
0.654508
0.732362
0.833620
0.864115
0.790395
0.728604
1.268140
0.269304
0.681859
0.711979
0.991390
0.436055
0.468572
0.563950
0.754581
0.806381
0.798505
1.361993
1.198095
0.603748
1.893977
1.107772
0.607994
2.461175
1.479500
0.769780
0.820359
2.331239
1.246336
1.457140
0.790610
0.572287
0.832783
1.760276
0.985761
0.747085
0.279859
0.996750
0.898693
1.093228
1.184316
1.400779
1.437872
0.584912
1.130312
1.712855
1.883353
2.087600
1.081942
0.930503
1.386944
0.980501
1.966185
1.504314
0.865802
0.472939
1.308215
0.930561
1.218575
0.484364
1.271456
1.131245
1.627330
0.919236
1.058831
0.244138
0.445892
1.337305
1.612693
1.707080
0.422437
0.258398
1.187935
1.126983
0.545170
1.410158
0.953883
1.046475
1.063744
0.900533
1.122946
0.847544
0.701447
1.638696
1.514029
0.649383
0.747542
0.902533
1.395482
0.668666
1.645161
0.566376
1.455325
1.155831
1.420276
1.667119
1.563775
1.195576
2.441002
1.578002
0.460202
1.334667
1.298890
0.875147
0.900479
1.033341
1.304477
0.608944
0.544619
1.401668
1.616174
0.931111
0.671603
1.116019
1.179093
2.015167
0.505294
1.019380
1.494359
1.025152
1.060491
0.644508
1.976116
1.220399
1.363915
0.616570
1.119039
0.771538
0.924198
1.820028
1.389244
0.782047
0.569375
1.466888
0.695624
1.016037
0.635325
1.035497
1.322461
0.598152
1.446952
0.554049
1.086748
0.416054
1.343211
1.102044
0.973692
0.645100
1.304653
1.384664
1.647537
1.283927
0.988814
1.363261
1.706131
1.585235
1.986093
2.125126
1.138699
0.732722
0.982425
1.157294
1.473394
0.921406
1.018455
0.822032
0.676614
0.395061
0.779532
1.005682
0.963623
1.450356
1.093401
0.660278
1.110814
0.862478
0.761783
1.460603
0.818333
1.412671
1.302629
1.536312
0.759382
2.346647
1.979246
0.394858
1.699188
2.161678
1.071743
1.838079
1.201052
1.395541
1.105875
1.080356
1.153110
0.748003
1.116909
2.782837
0.809507
1.090636
1.693735
0.354972
1.632167
1.162939
1.888169
0.819690
1.705928
0.904279
0.733133
0.995610
1.873396
1.763288
1.140212
1.653398
1.650640
1.114149
1.778708
1.304371
1.669993
1.309923
1.673707
1.190718
0.630276
0.535774
1.234368
0.874810
0.789519
0.698303
1.499578
1.252005
1.598110
0.860770
0.622022
1.983431
0.641724
1.204797
0.254391
1.458707
1.237688
1.085425
1.331877
1.961125
1.258708
1.237982
1.446716
1.140996
0.177754
1.194954
1.430834
1.439617
0.922648
1.105873
0.577809
1.780280
1.576398
1.378145
0.568942
0.538716
0.962215
1.107770
1.365714
0.800705
0.958383
1.436596
0.871268
0.658204
0.521933
1.139706
1.471454
1.567457
1.292051
1.315085
0.878409
1.655982
0.901798
1.726736
0.529058
0.407519
0.846855
1.376037
0.790904
0.757885
0.938062
1.431323
1.469916
1.426229
0.721017
0.312565
1.504070
1.130767
1.678055
0.979232
0.398849
1.053601
0.507559
0.807662
1.084780
1.864778
0.682449
1.248351
1.343894
0.621108
1.178417
0.927850
1.049855
1.276434
0.763506
0.756652
2.460536
1.735603
1.347588
0.804281
0.993408
1.714651
0.498628
1.073703
0.106535
1.030965
0.668713
1.502750
0.846517
0.940528
1.186845
1.018782
1.980588
0.868926
1.237190
1.091102
1.360383
1.329572
0.697683
1.176974
2.262570
0.497718
0.966402
1.735919
1.830817
1.186590
1.603499
0.217110
1.174580
1.790388
1.447795
0.522988
1.097457
0.658930
1.799539
0.329562
0.902367
1.764796
1.276552
0.440918
1.695611
0.796975
0.794938
1.210103
0.950109
1.460908
0.557058
0.743603
0.884443
0.588787
0.922530
1.216864
1.048030
1.246571
1.206452
1.483093
1.637858
1.958946
1.116903
0.695632
1.333989
0.632620
1.790517
0.449740
0.953359
0.486825
1.184434
0.972072
0.969710
1.056382
0.898203
0.851770
1.229539
0.652837
0.955561
0.974270
0.852016
0.514749
0.825225
1.298528
0.848636
0.474823
0.656645
1.574892
0.862249
0.648078
1.104289
2.269880
0.841684
1.914949
2.435916
0.909408
1.837435
0.456765
0.884116
1.406652
1.949803
0.295371
1.972162
1.232137
1.198025
0.974682
1.809205
0.641580
0.588740
1.233684
0.501307
1.135144
1.371311
1.968547
1.979424
0.965486
1.231644
1.368693
1.180819
0.414202
1.047467
1.456207
0.953755
1.233297
0.625342
0.907469
1.200344
0.538921
0.963047
0.630486
1.871158
1.292524
1.097096
1.006150
0.633901
1.310206
0.521130
1.058740
0.564813
0.942848
1.725045
1.309879
1.183540
1.363964
0.787206
0.366978
1.237270
0.955073
2.364572
0.686188
0.764996
0.323303
1.514715
1.373428
0.525245
0.997605
1.807911
0.649705
0.353733
0.894733
1.437401
1.374398
0.630021
1.505883
1.047654
1.850284
0.824380
0.851805
1.992990
2.255012
0.513595
1.010784
1.359147
0.373475
1.419393
1.361180
0.772309
1.502595
1.745237
1.783760
0.942816
2.048522
1.102199
1.206743
1.448600
1.318381
1.401166
1.009077
1.765844
1.533432
2.355467
1.161440
1.910558
1.136297
1.371453
0.673571
1.863405
1.083717
1.421602
0.910700
2.448324
1.870999
1.912464
1.311763
1.549627
0.703765
1.000486
0.244731
0.941235
0.976714
1.035470
2.180551
0.403152
1.111296
0.618049
1.192706
0.382750
1.386089
1.654863
2.437851
1.783429
1.130091
0.930731
1.558945
2.280489
1.325936
0.486625
1.719652
0.887270
1.249573
1.307413
1.933838
0.932097
1.103827
1.592892
1.658049
0.908600
1.142333
0.487468
1.483382
1.259964
0.640696
1.370651
0.620316
0.981613
0.966215
1.042879
1.672412
0.519748
0.542125
1.979879
1.235904
0.500294
1.406770
1.616460
1.192980
1.107981
1.432181
0.833700
0.693827
0.605857
0.789737
1.551549
0.440573
1.349235
1.510944
1.690327
1.655654
1.180267
0.856467
2.042952
1.111255
0.956369
0.887902
0.762688
1.884580
1.581337
1.264316
1.576613
1.999694
0.584305
1.623141
1.114240
1.245877
1.092837
0.627609
0.647008
0.422483
1.498099
1.530729
0.695445
1.307203
0.348365
1.244896
0.981566
0.875444
1.658653
1.135078
1.900334
1.055848
2.108497
0.851595
0.608569
0.554535
0.296184
0.634495
1.011259
1.003060
0.510478
1.697334
1.008697
0.251960
0.974788
0.375599
0.940645
0.490387
0.488645
0.772465
0.871316
0.916963
1.255397
1.812248
0.143898
1.123129
1.049278
1.455058
0.917868
2.636497
2.007938
1.116895
0.628442
1.106320
1.842341
2.161935
1.310768
0.479630
0.687405
1.466006
0.918424
1.086558
0.915083
1.786618
1.077940
1.347701
0.849053
1.484967
0.890096
1.638697
1.172661
1.058677
1.189176
1.631914
1.361620
1.735248
0.571905
1.343768
1.612232
1.344107
1.119852
0.679880
1.594211
0.758491
0.967643
0.831557
1.144483
0.940603
1.284567
1.764739
1.605051
1.906913
2.199549
0.486454
1.508350
1.725094
0.776799
1.127810
1.188952
1.224318
0.504982
1.010817
0.539499
0.437023
1.494264
1.285641
0.828114
1.321967
0.943367
1.074054
0.940514
1.301322
1.009887
1.408937
0.753214
2.055341
0.357981
0.869480
1.544336
1.741960
1.292888
0.856957
1.123785
1.331485
0.739491
1.391378
1.239807
0.981020
0.945381
0.976736
0.978943
0.993725
1.305367
1.600845
0.518991
1.371810
1.434042
0.938583
1.407386
0.522301
1.585925
0.693782
1.324293
1.424481
0.852416
0.351633
1.420421
0.901299
1.660602
1.106610
1.190886
1.532645
0.934050
0.761314
0.578623
0.665576
0.400056
1.144363
1.666206
0.455387
1.012831
0.959247
1.976037
1.692768
0.825303
2.680816
0.394296
1.584260
1.368288
1.500862
0.850383
0.825075
0.600239
1.150874
1.032219
2.363880
0.534522
0.970318
1.912286
2.608305
0.505357
0.633549
0.632829
0.611026
0.583310
1.009169
0.833017
1.779597
0.923302
0.727326
0.938916
0.703957
1.608203
1.308754
1.152708
0.929800
1.122042
1.061214
0.498911
1.129616
1.218210
0.879214
1.529215
0.689347
1.172801
1.209074
0.438315
1.537916
0.616717
1.922134
1.874536
0.891268
0.793860
0.289701
1.659297
1.022577
1.293431
0.863371
1.084136
0.857330
1.207050
0.518287
0.771268
0.969720
0.390258
1.066558
1.771422
1.559543
0.653189
0.789527
1.132021
0.248997
1.200142
0.907473
0.253822
0.951556
1.526939
0.541275
0.577442
1.151919
0.708554
0.713708
0.286486
1.244265
0.936991
1.157455
1.156220
1.071552
1.037383
1.330677
1.943068
0.400229
1.420111
1.400182
1.307424
1.436442
2.028184
1.860470
0.884480
0.955267
0.819542
1.184717
1.817060
0.628033
0.763678
0.502863
1.525786
1.761383
0.692818
1.241739
1.022372
0.811042
1.005441
0.959700
0.896567
1.317075
0.564050
1.022093
2.507880
0.738851
1.947481
1.413598
1.783229
0.993980
1.194009
0.676702
0.826795
0.442959
0.858085
1.617371
1.184076
1.302608
2.475456
0.879600
0.496693
0.820370
1.472281
1.151560
0.439350
1.127746
1.213839
1.182152
0.730532
1.676047
1.131332
1.657240
0.420221
0.931943
0.407811
0.809166
0.600256
0.584369
1.740698
0.645156
1.513023
0.277155
0.472037
1.324190
0.527952
1.913962
1.403025
1.766272
1.641760
0.626207
0.773425
1.394507
1.216332
0.739588
1.055551
1.611711
1.123026
0.579828
0.813632
0.556706
1.049778
1.556600
0.483820
1.104026
1.806746
1.135101
0.924601
1.204435
1.426368
0.749117
0.875669
0.712227
0.938014
0.804543
0.732881
1.185006
0.462939
1.094020
1.462935
0.742583
1.503908
1.358206
1.364796
1.531867
1.299199
1.470834
1.235523
0.966725
1.953167
0.877486
0.332499
1.484650
0.995385
0.742722
1.362193
0.640304
1.342683
0.876992
0.813386
1.914772
1.601061
1.160584
1.239641
1.450987
0.280838
1.250381
2.519668
1.575415
1.216611
1.250526
0.743895
0.326823
1.461498
1.167775
1.405039
1.746302
0.584265
1.335839
1.440766
1.179544
0.910692
0.439906
1.013751
0.811330
0.582131
1.027885
2.006357
0.789822
0.454821
0.718559
1.752376
1.445135
1.165045
1.128638
1.460847
0.572009
1.178795
0.479813
1.816867
1.429755
2.690907
1.098708
0.907518
1.174927
1.380033
0.677308
1.196310
0.800150
2.069263
1.406692
0.871602
2.403680
1.071631
0.657693
1.675203
2.082166
0.440829
0.681859
1.054246
0.508396
1.182803
0.809186
0.526113
0.648550
1.308122
0.869689
1.689602
0.749406
0.768331
0.835968
1.447947
1.187498
1.948586
0.722139
0.514833
1.133688
0.744936
1.315692
1.621884
0.851468
1.589803
1.114745
0.829657
1.380702
1.044633
1.901529
0.365316
0.769306
0.825893
0.668513
1.665094
1.146000
1.045591
1.028449
0.792110
0.431914
1.234661
1.157324
0.594461
0.672665
1.077772
0.610030
0.629737
0.987464
0.976508
0.590207
0.667955
1.167053
1.143040
1.323259
1.229748
1.200184
1.554829
0.856555
0.476225
0.910728
1.629124
0.343072
0.764815
1.814937
1.012085
0.765284
1.684435
0.782585
1.013022
1.164718
0.860165
1.338543
0.884916
0.736378
0.641871
0.639295
0.807215
1.597942
0.797991
0.784814
1.290756
1.361782
0.323507
0.814146
0.274565
0.543973
1.218209
1.418191
1.904103
0.929802
0.543423
1.300075
1.488648
1.271061
0.786393
0.789962
1.278018
1.605154
0.786597
1.647846
0.786413
0.771272
1.120335
1.308929
0.732852
1.022449
0.951147
0.667004
0.689540
1.260902
1.869916
1.806769
0.305910
1.338749
1.668077
1.036216
0.788820
0.782389
0.604493
0.660933
0.496370
1.330796
1.279270
0.763501
1.508884
1.034020
1.232148
1.328492
1.429970
0.257988
1.325072
0.909030
1.375620
1.632934
1.322569
1.339308
1.097368
1.503059
1.522201
1.489388
0.973134
1.296764
2.120970
1.183284
1.049922
0.748711
1.377527
0.841797
1.608725
0.169981
1.372790
1.500036
0.970236
1.393381
1.013468
1.282457
1.276522
0.455776
0.813209
0.679817
2.287508
1.042306
0.851458
0.354036
1.165844
1.188029
0.833294
1.111107
0.648236
2.048491
1.264537
1.590805
1.249988
2.426518
0.902059
0.883130
0.854701
2.178657
1.936732
1.537634
1.025139
1.069934
1.091685
0.352218
0.867838
1.197851
1.279540
0.217595
0.869971
0.600277
1.286340
1.270760
0.848633
1.060063
1.340341
0.720438
0.926701
0.954925
1.133431
1.147105
0.494133
1.139297
1.525009
1.124299
1.613704
0.903416
0.879573
0.709539
0.489477
0.983798
2.224005
0.963945
0.864301
1.841974
2.236945
1.415927
0.351636
0.739545
0.502121
1.361355
1.676697
0.836982
0.969081
0.666533
0.670061
0.540961
0.496196
1.105883
1.390103
0.632170
2.574347
1.230043
1.448604
1.120515
1.022013
1.734256
2.069918
1.888787
1.620343
1.373355
1.107963
0.602610
2.028833
1.352688
0.855533
1.018768
1.004288
1.342187
1.057491
0.548439
0.596537
2.312662
1.170852
0.566198
1.346836
1.535717
1.515602
0.749702
2.409730
1.897583
0.876173
1.600922
0.901627
1.428596
1.267231
0.803647
0.624182
0.933044
1.150577
2.292974
1.050123
0.864020
0.470059
1.689641
0.683856
1.257552
0.848416
1.084607
1.437683
2.271994
0.935306
1.443593
1.333910
0.747389
1.606546
0.847215
0.723057
1.046650
1.422105
1.602056
0.172789
1.655189
0.948785
1.671775
1.576206
0.714819
1.779575
1.384033
0.989107
1.803512
1.461465
1.268398
1.203110
1.350177
1.287209
1.627075
1.073172
1.579992
0.458887
1.447626
1.066602
1.135918
1.716805
0.581405
1.288362
0.390247
1.444761
0.899433
0.301192
1.004193
1.313632
2.088784
0.931279
1.044945
1.386978
1.043527
0.672606
1.467603
0.901360
1.185144
1.184747
0.832185
0.496360
1.769786
0.765768
1.078435
1.322710
1.220287
0.814739
0.880608
0.880987
0.885023
0.857674
0.859365
1.606454
0.968400
1.755054
0.667971
0.715403
1.389238
1.092902
0.589389
1.078177
0.167637
1.321865
0.328076
0.224991
0.438894
1.001421
0.912303
0.679909
1.517710
0.690999
0.963493
1.227903
1.771868
1.342370
0.916107
1.080454
0.507129
0.623178
1.082671
0.948253
1.092939
0.604812
0.777412
1.784230
0.926727
1.918779
0.986726
0.740318
1.004173
1.237295
1.030424
2.238962
0.780551
1.487193
0.606030
0.838361
1.520191
1.389120
0.679012
1.063832
0.771691
0.554172
1.230921
0.936115
1.806073
2.307126
1.162076
1.916190
0.877876
0.353941
1.392629
0.684373
0.919138
0.895338
1.245836
0.855006
0.196696
1.415315
0.877504
1.391018
1.712203
0.351896
1.753110
1.311844
1.349072
1.043635
1.069373
1.359982
1.041329
0.534127
1.329744
0.926138
1.523639
1.171562
1.270675
0.345900
1.382634
2.138846
1.303251
1.481375
0.972192
0.833900
0.713402
1.697183
1.214460
2.416020
0.877983
2.242654
1.026339
2.266701
0.627350
1.471971
1.205068
0.718490
0.415680
0.862633
1.919807
1.083118
1.257189
1.228342
1.029732
0.857411
1.446249
0.927200
1.097866
1.540302
1.024095
0.920933
1.031210
1.411454
1.680417
0.783154
0.426923
1.324324
0.501570
1.202162
2.008542
1.585100
0.805045
1.551270
1.319661
1.618282
1.228208
0.742091
1.337719
1.108214
0.775217
1.479361
0.682393
1.364419
0.930512
1.266780
1.189338
1.117628
1.022979
1.971588
1.030383
0.456216
1.079269
1.180819
0.894370
0.809511
0.325070
0.900264
0.568183
0.722533
0.673408
0.906374
1.659885
0.981100
0.422778
1.330153
1.770222
0.461113
1.602706
0.940661
1.134680
0.628685
1.406772
0.604343
1.310550
0.871277
1.609950
2.201844
0.902159
0.763261
0.331664
0.940291
1.727616
0.663191
1.483326
0.697887
1.190329
1.414056
1.250192
1.519311
0.441336
0.981747
0.533416
0.938126
0.603214
0.812574
1.900768
0.878522
1.077259
1.294709
0.882943
1.802089
0.571430
0.479806
0.686360
1.197677
0.686089
1.321953
1.018897
0.623746
0.347371
1.331433
1.230707
1.375261
1.278461
1.493924
1.006155
1.239480
2.354693
1.780649
1.418193
1.693140
1.194489
1.221106
1.449064
0.730212
0.857662
2.611818
1.712642
1.934550
0.444687
1.966493
1.674074
0.604265
1.503072
0.971415
1.199534
1.037792
0.739452
1.345073
0.838895
0.904109
1.077444
1.280403
0.959783
0.413793
1.029280
0.784218
1.189398
1.014655
0.464821
1.308991
1.101272
0.258429
0.988619
1.493934
0.871614
1.099861
2.117618
1.139167
0.981791
1.096110
1.950902
0.496098
1.206132
0.990913
0.729044
1.672491
1.881363
1.150407
0.976283
1.108757
1.405003
1.702671
1.916187
0.618511
0.383207
1.300592
0.870674
0.897817
0.624148
1.600333
1.810812
0.954664
1.541816
0.749952
0.608230
1.283780
0.480784
0.737458
1.354639
1.045530
0.591826
0.401566
1.376367
1.919993
0.316730
1.667860
1.396655
1.239191
1.755528
1.015108
1.341135
1.394338
0.348121
1.757974
0.966532
0.971467
1.213371
0.738843
1.140393
0.875478
0.589796
1.357924
0.639028
1.466817
0.925261
0.159586
2.107202
2.434167
1.140568
2.012841
0.849648
1.433554
0.883653
2.123837
0.735450
0.711021
1.688950
0.672982
1.434610
0.753943
0.798847
1.209977
1.637881
0.751474
1.244571
1.219983
0.726842
1.236531
0.539970
1.648287
1.116455
1.220914
2.086077
1.322100
0.891832
1.242146
1.064336
1.255124
0.970620
0.984833
1.090852
0.343968
1.107159
1.879633
1.569100
0.842950
0.762105
1.195596
1.048378
1.164602
0.920718
0.916348
1.950351
1.493883
0.451381
1.139779
1.307333
1.547264
1.670962
1.623084
0.754474
1.002857
0.516075
1.222226
0.893236
1.234390
1.248509
1.256137
1.689796
0.613345
0.785230
1.313320
0.555015
1.962287
0.898776
1.939587
1.261860
0.851812
1.379589
0.147908
0.849165
1.093762
1.188753
1.251073
0.839072
1.230792
1.050656
0.931372
1.632998
0.910663
1.335090
0.998481
1.649979
1.984002
1.434604
1.511102
1.158950
0.884548
0.763552
1.039418
0.362183
1.080720
0.729819
1.282388
1.328600
0.336511
0.726198
2.472930
0.332685
0.444661
0.786979
0.655651
1.125739
1.510549
1.916113
1.498420
1.078055
0.909610
1.208513
0.855079
2.072489
0.563098
1.686637
0.446750
1.298210
0.703656
0.837815
0.952275
0.713387
0.773200
1.150273
1.213723
0.870232
0.873879
1.505256
0.841375
1.884234
1.389859
0.919906
0.531277
0.787749
1.235357
0.870028
1.046486
0.531620
1.351263
0.671663
1.216960
0.729263
1.220695
0.528650
1.403175
1.581604
1.213277
1.438575
0.772758
1.256625
0.628014
0.371404
0.706568
1.632872
1.326878
1.185288
0.563404
0.635161
1.567849
1.002481
2.328308
1.885295
2.084182
0.954848
0.760703
1.363299
1.188857
0.853293
1.290093
1.748559
2.051318
1.189593
1.087912
1.660432
0.697564
1.739486
1.521375
1.324293
1.292748
1.020174
1.871245
1.222228
2.418831
1.426773
0.580799
1.348953
0.700651
1.326555
0.954457
1.305557
0.888641
1.764376
1.255534
1.103984
1.368150
0.988535
1.243002
0.826815
0.965081
1.156649
0.872560
1.637535
0.872060
1.225212
0.508801
0.836340
0.748537
1.676071
1.394398
1.235271
1.592050
1.070858
0.595130
0.071929
1.048145
0.617440
1.216297
1.143809
0.528561
1.616894
0.844815
1.537764
1.230830
2.022204
1.389488
0.306826
1.547044
1.066922
2.139563
0.339638
1.078211
1.921616
1.308984
0.934895
1.452434
1.366708
1.365189
1.878701
0.774358
0.992489
0.963207
2.153014
2.092737
0.905723
1.052113
0.909542
2.199639
0.463589
1.268375
1.551001
1.062197
0.762950
0.510456
0.922279
1.491799
1.560027
0.600897
1.368900
1.001323
0.769618
1.481278
1.489315
1.344141
1.856619
0.545381
0.219484
0.874995
0.472288
0.861585
1.517926
1.456094
0.397672
0.351354
1.165958
0.792732
0.825261
0.546120
0.619048
0.947142
0.976246
0.513123
1.047920
0.929849
1.795728
0.416594
0.987746
1.259685
0.450973
0.680379
0.438931
1.512334
0.855480
0.914948
1.361975
0.361538
1.272164
0.796232
1.535376
0.294690
1.123824
0.872791
0.553202
1.120926
0.619226
0.684764
1.251816
1.399316
1.085104
0.880787
0.138898
1.044642
0.935078
1.731707
1.608454
0.907001
0.997962
0.479388
0.956191
1.080667
1.741251
0.874080
0.818604
1.296701
1.058960
0.701043
1.484390
0.990476
1.350743
0.976781
1.429017
1.135204
0.968532
1.188079
1.044752
1.014679
1.154632
0.530493
0.633110
0.585272
1.028480
1.363806
0.306152
0.905811
1.435390
1.501667
0.840209
0.591303
1.427225
2.903175
1.877086
1.227127
1.490104
1.272440
1.172302
1.068073
1.007185
0.566605
0.892731
0.974505
0.893771
0.300417
1.402620
0.247534
0.992447
1.182356
1.106780
2.468616
0.344798
0.617163
1.591566
0.489824
1.784039
0.820260
1.084264
0.979544
1.012366
1.632445
1.312580
0.785608
0.911996
1.099956
1.306462
1.009694
1.069188
1.702164
0.631197
1.872807
1.335051
2.088738
1.285682
0.954141
0.758985
0.392440
1.337180
0.339314
1.154029
0.850465
0.936959
2.136797
1.439247
0.705030
0.613299
1.475380
0.750499
1.160451
1.311379
0.725344
0.802639
1.398875
0.518411
1.505594
0.649679
1.712287
0.814623
1.874669
1.026251
0.798501
0.949493
1.414561
0.858142
2.342926
0.931458
2.011392
1.577540
0.875168
0.470122
1.146756
0.656590
2.180465
1.442316
1.296027
0.607835
2.055289
1.014726
0.965046
0.746825
1.839972
0.631309
1.091045
1.079283
1.066904
0.503684
1.334481
0.683265
0.892103
0.621079
0.880706
1.610401
0.637554
1.234790
0.686950
0.981426
0.376369
1.378666
0.588607
1.231508
0.902432
1.781850
1.434470
1.363876
0.782563
0.866131
1.832195
2.005868
0.998811
1.078592
1.440788
0.740474
0.719452
2.006790
1.278417
1.483353
1.381810
0.851699
1.192696
1.223898
0.794506
1.129719
0.350399
1.790995
1.378181
1.488221
0.509689
0.897605
0.737619
0.596834
1.129355
0.248957
0.369726
0.881541
1.726635
1.084287
0.701942
1.427459
1.125564
1.567412
0.760235
0.825246
1.673426
2.192769
1.106251
0.770026
0.685939
0.898510
1.615010
0.608674
0.352891
1.239745
1.759935
1.096970
0.980876
1.214207
1.369919
1.076237
1.447337
1.006579
1.721538
0.887123
1.339332
1.677299
1.062275
1.328709
0.872135
0.907738
0.973538
0.273094
0.444147
1.056914
0.494166
1.182782
2.177318
1.128531
2.728234
1.265375
1.358174
1.227441
1.220777
0.338551
0.955111
0.409395
1.003054
0.956768
1.336266
0.656590
0.808072
0.389526
1.174983
0.617577
1.445646
0.665008
0.791814
0.927434
0.953447
1.098344
1.020748
1.171298
1.218181
0.672568
0.237374
0.839624
1.675576
1.099921
1.148558
0.758700
0.820053
1.930262
1.105414
0.866217
0.701847
1.816639
1.425558
1.014910
1.655068
1.877227
2.311341
1.353677
1.614986
0.871378
1.413876
0.863071
0.979057
1.056425
0.894120
1.361635
2.415181
0.666836
1.255708
1.229115
1.078129
1.204431
1.388688
0.678555
2.179893
1.214341
1.882033
0.932539
2.016165
1.062173
1.482281
0.874618
1.054230
1.343947
0.580234
0.689810
1.611575
1.179395
0.941977
0.874913
0.949473
0.957394
1.133979
1.662173
1.185922
1.444302
1.553802
1.018936
0.576154
1.160365
1.236509
0.738686
2.324710
1.506863
0.733847
0.867218
1.382815
0.767344
0.901653
1.465609
1.433709
1.575492
0.773898
1.066227
1.477518
1.451006
0.460413
0.850692
1.504269
0.996130
1.059489
0.711899
0.481536
2.080642
1.765123
0.647678
0.930966
0.643916
1.045643
0.303597
1.075545
1.732430
1.452871
0.316704
2.587520
1.133226
1.654657
0.984644
0.861496
1.534060
1.661908
1.123515
1.503127
0.788946
1.249381
0.540377
0.487703
1.084188
1.464126
1.357256
1.515955
0.740789
1.821251
1.982620
1.431593
1.126368
0.452491
0.977860
0.750839
0.637935
0.566297
1.253767
0.731822
0.428558
1.831404
0.525389
0.614019
0.464678
1.078081
0.584979
1.357168
2.121921
2.108636
1.409816
0.247416
0.627762
0.847174
1.602060
1.308069
1.239884
1.212670
0.314116
1.522655
1.649253
0.623801
1.901429
0.453673
0.605599
0.543058
1.802560
0.543317
0.583340
0.725533
1.668429
0.540179
0.458378
1.444177
1.337282
1.498742
0.590760
0.333486
0.567161
1.644722
0.693422
0.632120
0.750270
0.153721
0.923922
1.399619
0.432419
1.108926
1.108792
1.089832
0.478049
0.535615
1.381780
0.679429
0.925843
1.343813
1.939238
0.672124
0.578896
0.716437
0.841439
1.855484
1.983921
1.431505
1.896917
1.015415
1.016640
0.738192
0.538969
1.296294
1.909530
2.061170
0.885454
0.850032
0.980889
1.566375
0.627161
0.672413
1.352683
0.774748
0.246937
1.100185
1.135468
1.761160
0.469409
1.492779
1.150786
0.972529
1.967883
1.600554
1.793095
1.494269
2.427625
0.850057
0.969646
1.371304
0.936332
1.204354
1.218175
1.315728
1.427273
2.009831
1.182683
1.762164
0.904904
1.025477
1.030162
1.870551
0.884966
1.210179
1.627523
0.815016
0.414829
1.170842
0.988805
0.814282
0.781033
2.171453
1.428194
0.958254
1.229141
0.489895
1.590552
0.493841
0.347077
1.124943
0.387727
1.041028
1.880112
1.582679
0.832695
0.929755
1.120163
0.949303
0.471523
0.977581
1.664785
1.169733
1.190606
1.402438
1.431626
0.856361
0.372519
0.357080
0.805516
0.783323
1.249858
1.058380
1.275903
2.036414
0.498719
1.404484
0.619565
1.067591
1.029456
1.659784
1.036002
0.799133
0.077611
1.103286
1.115898
0.942375
1.725105
1.345828
1.670820
0.987206
1.032553
1.450423
1.436506
1.136848
1.577288
0.301586
1.211696
1.223639
1.180898
1.401384
1.515742
1.263458
0.166074
1.288162
1.204854
1.466759
1.037776
1.217863
0.218625
1.421342
1.378806
0.839304
1.162338
0.296509
1.387564
0.816270
1.479245
1.119465
1.633357
1.885272
0.806355
0.953094
1.477324
0.486893
0.518903
1.507385
0.545026
0.923840
1.085190
1.215932
1.591151
1.459873
1.314359
1.785513
1.008949
2.606853
0.528484
0.738831
0.949655
1.368024
0.688545
2.062324
0.712970
1.000205
0.267230
0.631627
0.645013
1.161299
0.624037
0.978275
0.647224
1.615647
0.580704
0.949313
1.133918
1.197560
0.245846
0.914228
1.600694
0.945493
1.091118
1.152711
0.723135
1.797040
1.578600
0.636578
1.848691
0.688357
0.887891
0.720709
1.292086
0.617707
1.397832
0.828058
1.349990
0.860976
0.281642
0.961848
0.416408
0.821829
2.022379
1.393072
0.962493
1.058391
0.607671
0.529243
2.051123
1.020374
0.884745
1.176737
1.645705
0.857001
1.401745
0.957949
2.056263
0.418986
1.774492
1.173479
0.295332
0.845403
1.259341
0.788571
1.210290
1.866548
1.197282
1.399420
0.505402
1.768983
0.430686
1.152403
0.597157
0.334391
1.316555
0.485138
1.142219
1.177297
1.317390
1.421621
0.822672
1.727821
1.732416
0.667931
1.321948
1.623998
1.322275
0.860329
0.227064
0.542333
1.885926
1.226450
1.844825
1.126853
1.020382
0.827194
1.334604
0.748653
0.911879
0.983410
1.236749
1.129393
0.969644
0.628914
0.932131
1.872641
0.574482
1.099652
1.347643
1.236049
0.948972
1.147601
1.119244
0.553707
1.811792
0.845296
0.813444
1.092444
1.152076
1.302370
0.669419
1.144690
1.364827
0.397015
1.650604
1.596696
0.860009
1.297207
1.377570
1.473692
0.256493
1.725938
0.646139
2.243142
0.898371
0.763117
0.639365
1.160252
1.560047
1.046072
0.713149
2.009117
2.053945
1.098483
1.014133
2.287519
1.287394
0.843802
0.527760
0.981211
0.849348
1.413925
0.699463
1.873367
0.833389
0.918454
0.662583
1.088534
0.922856
0.721851
0.502913
1.039908
1.103799
0.682387
0.939374
1.488900
0.868786
1.249488
2.103073
1.276439
0.552927
1.118185
1.258723
0.571336
0.685907
1.345571
0.950718
1.479613
1.344193
1.494012
0.900976
1.345277
0.707452
1.645986
0.985679
0.814995
1.408715
0.723965
1.266281
0.672964
1.151472
0.273408
0.869193
0.967073
1.359401
1.067474
1.368927
1.164193
1.105400
1.609001
0.978157
1.078080
1.009240
2.138501
1.264346
1.145240
1.414127
0.097946
1.376050
0.625697
1.120691
1.620753
1.060871
1.969724
1.822625
0.671489
1.523743
1.362645
0.566913
1.298276
1.013192
1.426749
0.714824
0.552369
1.498333
1.341480
0.921960
0.824521
0.142083
0.428785
1.985985
1.433743
1.401348
0.848044
1.259108
0.537763
1.433505
0.993251
1.081403
0.655563
1.088092
0.226046
1.145178
1.580838
1.119174
0.856920
0.974836
1.414604
1.859239
0.634398
1.253316
0.796895
0.832009
1.163179
0.459109
1.935724
1.539485
1.857260
1.460783
1.477076
0.640524
0.685017
0.578691
0.297949
0.969102
1.946776
1.247349
0.955393
0.985815
1.862042
0.619980
1.126653
0.879599
1.164535
1.026456
1.098419
0.720669
0.581785
0.905586
0.966491
0.750922
1.620399
0.755029
0.759246
1.157890
1.493588
0.749473
1.089686
1.264600
0.433443
1.020646
0.775270
0.682852
0.953901
1.789754
1.166785
1.109597
0.595104
1.352724
1.041868
0.836410
0.968012
1.383516
1.797062
1.052402
0.754998
0.541805
1.046187
1.011686
1.110812
1.277823
0.618243
1.519510
1.020752
1.698024
1.035247
1.697606
1.793626
1.253880
0.553938
1.229938
2.036096
1.416204
1.988832
0.588822
1.662266
1.400290
1.525551
2.304860
1.290474
1.155663
1.135973
0.967078
0.661163
0.982145
1.456778
0.919626
0.433784
0.479945
0.888212
1.230627
1.291790
1.066524
0.212634
1.039744
0.927653
1.591361
0.532762
1.520444
0.312579
1.279982
2.175370
1.043238
1.256157
1.141929
1.716576
0.769648
0.670560
1.380925
0.649667
1.588213
1.642323
0.773418
1.229605
1.038140
0.887244
1.384546
0.719000
1.018652
1.556155
1.444522
2.333431
1.131518
0.402349
2.141097
0.768939
0.890654
1.441742
0.791636
0.588778
1.814671
1.812775
1.833374
0.750338
0.984401
0.448086
0.427877
1.591862
0.324746
1.013096
0.824096
1.163793
1.151625
1.020996
1.377401
1.346945
1.179740
1.292174
1.607837
0.934978
1.049106
0.867850
2.061863
0.798420
0.941786
1.606282
2.009204
0.945753
0.792497
1.680879
1.870558
2.386250
1.204704
1.459675
1.068108
0.713390
0.878895
1.033781
0.848750
1.699316
1.380980
0.701153
2.038105
1.195250
0.650808
0.385329
0.807418
1.066672
0.987645
1.844529
0.744948
0.823810
0.632530
0.509472
1.870278
1.287082
1.469243
1.447706
0.739649
1.087329
1.556321
1.823561
0.934145
1.285704
0.765707
0.672757
1.773044
1.259841
0.640082
0.870708
1.158129
2.048883
1.642319
2.238261
0.831445
1.250860
1.262772
1.019769
1.267534
1.423588
1.400210
1.606766
1.243983
1.399692
1.148517
1.221125
1.078668
1.068534
1.072984
0.723024
1.591819
0.833290
1.467614
1.555897
0.374945
1.378752
1.012357
0.847264
1.103519
1.227036
2.675776
1.384659
0.652085
1.324445
1.604729
0.739023
0.652352
2.949554
1.004267
0.817316
1.828433
0.731233
0.324851
0.815183
0.621368
1.237808
1.147532
1.489640
0.799370
1.272082
0.454145
1.831316
1.176145
0.734513
1.110158
1.944700
0.727447
0.704761
1.223462
1.278438
1.389024
1.698425
0.794558
1.307547
0.435578
1.336757
1.002029
1.729107
0.598458
1.610632
1.644782
1.021893
0.472030
0.593922
1.226351
0.278317
1.250010
1.136836
1.770139
1.648466
1.027060
0.449755
1.504266
1.011705
0.609752
0.800520
0.558219
1.584787
1.246636
1.095936
1.126139
2.031479
0.964263
0.399322
1.335796
1.255344
0.718332
1.090644
1.017055
1.130122
1.603601
0.902123
0.732662
1.224955
0.692832
2.319482
1.282010
1.335980
1.583736
1.019269
1.277849
1.138878
1.057052
0.992398
1.182442
1.087461
1.719509
1.802904
1.310100
0.875053
0.816254
0.947772
1.015048
1.628421
1.771768
0.723103
0.985921
2.427297
0.877603
0.549555
1.323490
1.696544
1.518137
0.750905
0.782603
0.137101
0.996038
0.868817
0.340598
1.717281
0.562131
1.873193
0.667435
0.451813
0.364323
0.538922
0.597338
0.366306
0.803067
0.783111
1.135722
0.532511
1.502100
1.338288
1.138134
1.661993
0.792994
1.392271
0.811545
1.523493
0.506426
1.957587
1.062232
1.050353
0.907591
1.085673
1.991211
1.436424
0.731578
0.638445
0.912002
1.257232
0.310988
0.281395
0.768782
1.288038
1.954689
