1.235120
0.560598
1.031945
2.267279
1.762836
1.139896
1.200588
0.876017
1.903690
1.188395
2.437555
2.086874
1.008964
1.537784
1.343978
0.631759
1.465487
0.951282
0.883678
1.046839
0.755739
0.961491
2.683488
1.789171
0.316550
0.428107
0.725136
1.165260
1.308047
1.582406
1.643164
1.419484
1.335520
0.577985
0.896882
0.367693
1.689510
1.257260
1.227849
1.397576
0.526029
0.733011
0.639601
0.823253
0.745040
1.264024
1.184488
1.081590
1.098941
1.460984
1.339544
1.120058
0.976650
0.900483
1.925327
0.992893
1.000856
1.294139
1.174196
1.970861
0.566680
0.685582
0.845205
1.755938
0.680391
0.885707
0.960226
2.546939
1.576641
0.582366
1.322383
0.936019
0.874836
0.549222
1.320124
0.347299
0.875170
0.679013
1.566590
0.980719
0.413568
1.138510
0.990749
0.788136
1.232124
0.962316
1.836751
1.433634
1.242735
0.672945
1.159376
1.235234
0.700333
1.383940
0.315918
1.280754
1.854682
1.174202
1.886980
0.740301
1.019038
1.324250
0.893637
1.882611
2.800928
0.881168
1.036188
1.528749
0.376681
1.524549
1.253634
0.960686
1.371366
1.231704
1.707649
1.402552
0.924837
1.121710
1.074919
1.304434
1.567075
0.981476
1.136775
0.544380
1.068285
0.571140
1.147653
0.447032
1.118953
1.439104
0.346842
1.882543
0.865330
0.951025
1.210532
0.770805
0.700479
0.860442
0.711784
2.298628
1.030349
0.579104
1.577357
1.001839
1.053127
0.851127
1.674960
0.832888
0.426712
1.103572
1.234476
0.528066
0.681819
0.941359
1.643227
0.374694
1.547406
0.667599
0.971958
1.488680
1.306251
0.566274
1.180352
1.339684
1.585314
0.750551
0.583931
1.461595
1.356411
1.426184
1.090469
0.741213
0.714483
1.448688
1.683515
1.833332
0.533177
0.946734
1.225141
1.661313
1.401911
0.606193
0.264013
1.346402
0.947513
1.629024
0.985754
1.425295
1.576669
0.447637
1.463194
2.061144
0.789570
1.450125
0.392231
0.973556
1.507240
1.336394
0.569271
1.380050
0.565759
0.353808
0.923152
1.503448
0.739917
0.974406
1.500573
0.736478
0.639208
0.665606
0.246845
0.652955
1.853654
0.936282
0.993360
0.490541
0.691146
1.241612
1.465150
0.620992
0.939025
1.223064
1.107303
0.970259
1.517218
1.247145
1.262724
1.421597
2.081912
0.618827
1.536269
1.693751
1.223397
1.909441
0.933139
0.721882
1.309484
1.658021
1.479728
1.221260
1.194650
0.832461
0.935498
0.986350
1.209747
0.699882
1.923942
1.211959
1.032490
0.827725
1.864648
0.745848
0.868531
1.060456
1.878650
0.578414
0.817439
1.059007
1.759756
0.533884
1.528104
2.404175
1.229214
0.645408
1.623272
1.253208
0.978652
1.031187
0.759215
0.316180
1.449189
1.298752
0.644397
1.196451
1.355930
0.471660
0.655094
1.241662
1.261769
1.634295
0.757089
1.206794
1.379763
1.737236
0.661268
0.875526
1.407778
1.585422
1.044432
0.818247
0.937251
1.124796
0.948806
1.070667
1.029079
0.536501
0.442142
0.570053
1.339246
0.880591
2.069955
1.110606
1.426372
0.517461
1.487937
0.647654
0.254891
1.016698
1.286225
1.258176
0.912751
1.966969
0.945126
1.031098
0.215264
0.899901
0.642741
0.748959
1.084247
0.767481
0.549871
1.596335
1.279496
2.027396
1.724935
0.865710
1.037454
1.392857
0.717665
0.943343
1.151294
1.019551
0.864791
0.879747
0.588958
1.891084
0.800995
0.750939
0.155951
0.951759
0.754467
1.102862
1.684873
1.776259
1.187027
0.796051
1.562868
1.050859
0.624277
0.815441
0.435696
1.225907
1.123054
0.719295
1.488075
1.544037
0.749759
0.965327
0.555327
0.150700
1.239131
1.202488
1.869122
1.692071
2.199398
1.518890
1.009264
1.593640
1.600225
0.986994
2.207766
1.331489
0.487676
1.590954
0.949275
1.045863
1.642627
0.902600
1.461344
0.612599
0.667976
1.105575
1.588202
0.984591
0.749047
1.809032
0.689844
0.801905
0.955125
0.998261
0.133116
1.253281
0.864922
1.552080
1.694877
0.933396
0.544750
1.501436
2.174259
0.583731
1.096932
2.222701
2.327356
1.382240
1.129757
1.333478
0.948699
2.054417
0.881273
1.924145
1.228369
1.166910
1.192548
1.066569
1.387787
1.297478
1.434554
1.100582
0.958729
1.051614
1.071054
1.690357
1.275099
1.042331
1.178760
0.444191
0.738822
0.704702
1.378880
1.714130
1.146259
1.282039
1.274586
0.926947
1.067800
0.479192
0.714621
1.266407
1.274337
0.885003
1.074167
0.764954
1.090527
0.401590
0.849390
1.227882
1.064243
0.466963
1.290292
1.398142
1.614224
0.519951
1.250900
2.013000
0.789470
0.453376
2.673060
1.302717
1.065927
1.155367
1.630696
1.628863
0.712612
1.182897
1.622726
1.525700
1.046239
1.245987
1.721547
0.517168
0.890240
0.480298
1.854510
1.317161
1.224716
0.961410
0.793819
0.784692
1.389892
0.979121
1.224336
1.933152
0.968107
0.642772
1.403150
2.100800
0.509145
1.111487
1.892708
1.744155
1.179297
1.240936
0.999884
0.178455
0.530426
1.223384
0.638987
0.606342
1.554936
1.650450
1.738270
1.066153
0.334889
1.841899
1.803134
0.654441
0.442934
0.640277
1.431273
1.022429
0.375529
1.216000
1.544159
2.066084
1.262530
0.775508
1.825031
0.900183
1.415541
0.435495
0.574292
1.995979
0.824728
1.956710
1.124686
2.024823
0.649106
1.433624
1.836806
1.350971
1.130378
1.864550
0.665919
0.349339
0.439077
2.331328
1.071496
1.191546
1.371134
1.721555
1.401901
1.148050
1.084987
0.322530
1.126299
1.444494
1.749955
1.151116
0.959563
1.411399
0.622378
0.303618
0.459007
0.631599
0.621167
1.135940
0.644968
0.990081
1.145108
0.911013
1.120236
0.308503
1.653371
1.589988
0.931511
0.608543
0.461290
1.587604
1.594317
1.171355
0.503141
0.726049
1.095796
0.565135
0.508459
0.951572
1.403044
1.897523
1.320232
1.045852
1.162926
1.353386
0.317339
0.792591
1.086024
0.672646
0.653202
1.161491
1.026722
1.936146
1.625118
1.142253
0.631394
1.280100
1.708269
1.348629
1.266782
1.648124
0.667420
0.845176
0.914819
0.991770
1.803598
0.986440
2.017879
0.383839
0.969892
0.130617
1.927497
2.490762
1.847176
0.999530
1.730313
0.737166
0.653020
0.805702
0.555188
1.256665
1.549928
2.042918
0.536317
1.536994
1.546163
0.412533
0.969337
0.883636
1.122564
1.209587
1.587907
0.999655
1.157743
1.177671
1.216982
1.610108
0.739275
1.142709
1.757975
1.260390
0.957135
0.673687
2.018178
1.987790
1.014427
1.095578
0.920286
1.241319
1.067473
0.816305
1.323370
1.637482
0.765965
0.077514
1.188733
0.567679
0.704043
1.393677
1.478124
1.434787
0.784571
0.850185
0.823964
1.465196
0.972552
0.620157
1.050206
1.720506
0.659432
1.057116
1.118850
0.039742
1.369815
1.361715
2.036105
1.802305
1.897255
0.942528
1.213306
0.525291
1.016794
0.560407
1.163100
1.528525
1.269992
1.123188
0.314485
1.031013
1.238149
1.314626
0.895919
1.168929
1.211309
1.395049
0.992652
1.469177
0.495235
1.218906
1.428112
0.161816
1.682295
0.588945
1.512460
1.101487
0.926098
2.782006
0.942689
1.679294
2.334262
1.321464
1.245849
1.235276
0.881141
1.342946
1.396864
1.033638
1.675321
0.904804
0.426765
0.352025
1.086108
1.724989
0.610088
1.982290
1.480348
1.749845
0.965404
0.878034
1.032727
0.387915
0.614775
0.511004
0.854191
1.716009
0.767707
0.316886
1.962294
0.912502
1.104504
0.594004
0.798601
1.392701
1.550569
1.141256
0.386010
1.824126
0.757840
1.065550
1.222769
1.021295
1.292359
1.344645
0.961134
1.489371
1.305743
0.639156
0.395211
0.990531
0.918908
1.876326
0.171408
0.277964
1.080519
0.549676
1.781562
0.535470
1.354525
1.158199
1.114847
1.080608
0.772048
0.871382
1.002870
0.828781
1.789244
0.966803
1.441927
0.493280
2.302284
1.211269
1.363089
0.838915
1.415887
1.524860
0.724428
1.066653
2.000217
1.146268
0.407818
1.623047
1.100336
1.125340
1.290829
0.741034
0.659614
0.898650
2.931885
0.558684
0.825340
1.284452
0.304475
1.148643
1.100201
1.547528
0.840078
0.949701
1.278527
1.406985
0.369500
1.747405
0.931914
0.687072
2.065213
1.868393
1.589814
1.144412
0.878149
0.614057
2.398392
0.183845
1.669786
0.141107
0.401196
1.149109
1.195891
0.637744
1.478116
1.021180
0.844741
0.717737
0.664767
1.746557
1.798834
0.531867
1.114974
1.147496
0.958441
0.813902
0.426021
0.921134
1.030674
0.890493
1.350355
0.321206
1.022289
1.182934
1.866154
2.165128
1.358568
0.461296
1.829311
0.700744
1.244452
0.781190
1.428961
1.840903
1.394348
2.349782
1.451751
0.484963
1.826510
1.190165
0.697819
1.303757
1.520459
0.890103
1.812904
1.028533
1.008856
0.548923
0.832008
0.136419
0.907015
0.919854
1.742914
0.937717
0.923682
2.060979
1.505975
0.664477
0.459891
1.348288
1.218586
0.979494
1.097873
2.197792
0.932471
1.038010
0.720721
0.989828
1.574856
1.318251
1.580390
1.973805
1.060582
1.893584
1.344064
1.246384
1.086696
1.869608
0.843795
0.645348
0.576912
0.867066
1.431482
0.957608
0.774159
2.179153
0.475461
2.290457
1.909868
1.308050
0.520491
0.952721
0.909451
1.071871
1.043397
1.569314
1.053614
0.528526
2.260723
1.348531
0.948952
1.172964
0.768571
1.309885
1.168086
0.715525
1.151474
0.641507
1.431445
0.921276
0.965030
1.084023
0.595384
0.659807
1.482500
1.117414
1.131645
0.753438
0.381208
1.444576
1.223392
1.197447
0.732460
1.029419
1.081320
0.857246
1.055245
0.685754
0.565529
1.087651
1.853217
0.927877
0.893625
1.502609
0.661483
1.001001
0.825675
0.861897
0.757158
1.485861
1.416517
0.108159
1.019438
0.526886
1.372138
0.567669
1.558917
1.327189
0.722903
1.391307
1.065970
1.123254
1.144737
1.513357
0.794406
0.751024
1.323441
1.831902
1.820330
0.543783
0.486688
0.471736
1.085755
1.009585
1.290362
1.871072
0.869528
0.429006
0.683234
0.526627
1.065329
0.577411
2.025371
1.073290
1.035104
1.220981
0.880324
1.332772
1.276374
0.679475
1.207516
2.384839
0.426303
1.473672
1.709546
0.689186
1.619915
1.686433
1.390953
1.073272
1.090479
1.463561
1.058762
1.869026
1.142467
0.799956
1.211802
1.629525
1.261256
1.189852
1.386254
0.928257
1.201801
0.964009
0.640508
0.472254
1.070612
1.793436
1.069495
1.002122
1.439526
1.010679
1.165650
1.673783
2.297377
0.966191
1.425281
0.900327
0.926924
1.005816
0.923751
2.447824
1.031609
0.618211
1.144043
2.300197
1.287550
1.985483
1.350177
1.426799
1.812462
1.174014
1.015555
1.973644
1.887203
0.793493
0.504026
1.528827
0.582873
0.800466
0.578379
0.893205
0.803641
1.424201
2.324349
0.697553
0.535195
0.632786
0.930436
1.404086
1.297370
0.751507
0.752071
0.792380
1.056106
0.587610
1.083610
0.839967
1.436504
1.180179
1.245354
1.428028
2.725944
0.451206
1.963162
1.227111
0.948914
0.788631
1.116109
1.478845
1.105102
1.345228
1.198519
0.782560
0.863094
0.608624
1.604677
0.734749
1.583998
0.315033
0.469292
1.275482
1.734141
1.463101
2.120051
0.744605
1.365736
2.700913
1.749683
1.263321
1.976127
0.599542
1.350769
1.351718
0.945414
1.180849
1.391207
0.759858
1.250061
0.404291
2.509905
1.274562
0.604307
2.189741
0.448732
0.798295
0.431378
2.022077
1.646373
0.706866
0.966549
1.227210
1.620990
0.901110
1.425033
0.602230
1.290160
1.140601
2.482891
1.170094
1.521998
1.518378
1.072517
1.164019
0.846165
1.502010
0.696411
1.148600
1.156489
1.936091
1.901813
0.943757
1.187019
0.883609
0.937999
0.655598
1.289879
1.893945
0.838666
1.472730
0.887035
0.604880
1.641034
0.358815
0.663909
0.984530
0.739211
0.882623
0.377576
1.450503
0.589438
2.005787
1.455008
1.052046
1.534983
2.023831
1.076667
1.518121
1.815022
1.261074
0.754173
2.323251
1.140779
1.194711
2.883928
0.620085
1.552656
1.057907
1.445808
0.534782
0.799477
0.620340
1.697401
0.770791
1.034752
1.331889
0.427153
0.919144
1.075390
1.285852
1.655555
1.481200
1.947383
1.128270
1.028005
0.444374
0.691226
0.908504
1.036869
2.136038
1.057418
0.914106
0.816342
0.164479
0.934634
0.972184
1.320070
0.943245
1.762965
0.559678
1.309715
1.023978
0.695403
0.493978
0.950665
2.172825
1.737473
0.905786
0.939503
0.602383
0.376367
0.540657
0.366006
0.771195
0.506938
1.104652
1.581350
1.638720
1.233224
0.695592
0.828611
0.348866
0.609368
1.007715
0.715171
1.754822
0.430643
1.345607
1.609202
0.738725
0.662843
0.928880
1.715138
1.094516
1.554522
1.857701
0.949286
1.828046
1.058306
0.724275
0.828800
1.292339
1.796196
0.828811
1.125732
1.063289
1.666395
1.612582
0.885977
1.998175
1.082038
0.659720
1.006196
0.962795
1.604486
1.026459
0.847399
1.129235
1.579859
0.580721
1.042998
1.371764
1.425133
1.388142
0.774539
0.615234
0.888762
1.464004
1.041645
1.122654
1.942027
1.170697
1.355361
1.114837
1.132055
0.807351
0.946392
1.919795
0.813748
1.770575
1.301770
1.489829
1.443265
0.573472
1.753116
0.513165
1.081412
1.092392
1.403822
0.762174
1.089742
0.212841
1.246324
0.700929
1.587236
1.635934
1.638007
1.628414
1.577291
0.241544
0.687393
1.959729
0.610180
1.963907
1.342438
1.157428
1.738291
0.885810
0.902369
1.396556
1.556612
0.612208
1.591347
1.227657
1.394669
1.147795
1.398937
1.719227
1.263494
0.599113
0.650225
2.147670
1.042758
1.209071
1.195390
1.235027
1.232947
0.789267
1.247721
1.194145
1.584388
0.861265
1.228371
1.493288
1.155159
1.249967
1.550494
0.853324
0.721275
1.702933
1.279628
0.790075
0.974672
1.563887
2.121723
1.574465
1.291418
1.215059
0.733645
1.677374
0.618821
1.178947
0.471749
1.001852
1.335328
0.148946
1.698792
1.860403
1.901026
2.086630
1.524632
0.715232
1.057088
0.789306
1.729912
1.296311
1.241748
0.656655
1.163208
1.938292
1.911273
0.821334
0.763442
0.928185
0.572867
1.035284
2.053278
1.033796
0.648156
1.739838
1.336052
0.980935
0.619479
2.598533
0.967833
0.986164
0.693892
0.728036
0.647752
2.015053
0.851923
1.011136
0.712539
0.753170
0.768560
0.289488
1.551480
0.197353
0.818487
1.285003
0.506615
1.435030
1.714567
1.539433
0.957926
1.300292
1.446326
1.017687
1.140060
0.679535
1.918838
1.148656
1.101469
0.272357
0.949360
1.277006
1.379064
0.763859
1.722238
0.483157
1.621229
0.991537
0.213450
1.133502
0.886635
0.699535
0.573684
1.042373
0.433161
1.254090
1.154755
0.517092
0.945704
0.922331
1.353120
2.318125
0.923226
1.173140
1.039590
0.601212
1.279369
0.232845
1.113263
0.894125
1.332776
1.560444
1.147414
0.736620
1.288077
0.888438
1.430249
1.274658
0.801231
0.823257
1.518657
0.949357
1.176719
0.934177
0.546823
1.103349
0.819840
1.343338
0.643721
0.746264
0.796689
1.199130
1.045851
0.846704
2.411809
1.083233
1.022587
0.998544
1.183530
0.705353
1.796112
1.469376
0.898937
0.609687
0.352374
1.168911
1.324604
1.285793
0.597685
1.525080
0.768948
1.128451
1.141872
1.060192
0.672069
1.182208
1.663563
0.569874
0.927890
1.268516
1.640477
0.347277
1.470504
0.916375
1.691493
0.863890
0.932295
0.305698
1.338542
1.058503
1.048287
0.501794
1.214008
1.516087
0.722814
0.409585
1.178262
1.235531
0.289342
1.712894
1.131262
1.579055
0.905059
0.411924
0.863492
1.655047
0.472041
0.848768
0.746841
0.676037
1.483585
1.393056
1.245189
0.777363
1.703676
0.999854
1.323178
0.586879
1.649915
1.234310
2.111920
0.990971
0.714586
1.702578
0.832165
0.592927
1.431423
0.990486
1.654375
1.361912
0.900590
1.778750
1.300119
1.118241
1.084199
0.743346
1.545701
1.120318
1.054283
1.375333
0.579619
1.608275
0.645473
0.948896
1.150983
1.073221
1.219013
0.855086
0.873311
0.584563
1.254987
1.789558
1.589701
2.317917
0.775154
0.597243
1.793620
0.951188
1.521485
1.577407
0.721682
0.712933
0.225333
1.077099
0.795942
1.299269
1.117166
1.187426
0.716786
1.513076
0.920833
0.774552
0.532661
0.350313
1.882021
1.585533
0.711691
1.706357
1.161427
1.417721
1.005640
1.783982
0.927711
0.779939
0.970593
1.803167
0.990993
0.457037
1.704965
1.222446
1.431237
1.270036
0.848455
1.516471
1.218138
1.335919
1.180178
0.909714
2.174444
0.910808
0.794648
0.925231
0.857813
0.769029
1.112007
1.666955
0.976486
1.037240
1.810128
0.671642
2.191345
0.870865
0.398014
1.874977
0.971253
1.907231
2.013475
1.353810
1.143931
0.448323
1.658221
1.537411
1.166657
1.198731
0.961536
0.463993
1.219985
0.708756
2.067336
1.562593
0.448809
0.669315
1.017800
0.826070
1.106881
1.309460
1.196341
1.931837
0.781473
1.770265
0.845470
1.007204
0.768322
1.214660
0.709523
0.830960
0.510781
0.549975
1.150653
1.783214
0.811895
1.470744
0.997750
0.605181
1.512871
1.766119
2.562908
0.929194
0.489248
0.828922
0.697108
0.894194
1.056012
0.700676
1.501885
1.185104
1.399151
0.478790
1.667720
0.298142
1.122595
1.743909
0.755845
1.418738
0.349305
2.168356
1.424547
0.389604
0.797329
1.049501
1.106059
0.801195
0.802589
0.445213
1.048797
0.929517
1.434494
0.642657
1.840164
1.460195
1.415083
1.764222
1.554838
0.910503
0.945769
0.971759
1.339687
1.611614
1.683109
1.278963
1.046748
1.277376
1.158790
1.085507
1.025608
0.912506
0.896010
0.798802
1.369146
1.742632
1.534880
0.125505
1.493310
1.362321
0.977109
1.273049
1.863048
0.854909
2.078030
0.616383
1.146857
1.189134
0.934503
0.765608
0.280464
1.511975
1.273239
1.263834
1.295774
1.437108
0.949291
1.216712
0.627439
1.683878
1.172068
0.853318
1.697888
1.071268
1.549122
0.713592
1.026639
1.340232
1.481190
0.990267
1.304294
1.062735
0.804448
1.523854
1.506383
1.380789
1.377385
1.462783
1.108400
2.203293
0.385235
1.096339
1.829825
0.774271
1.311673
1.129492
2.003016
1.083414
2.022147
0.881037
1.589520
2.112116
0.869624
1.693082
1.350169
0.660925
1.331804
0.897872
0.776711
1.907376
0.352655
0.949949
0.433938
1.869460
1.351419
1.425427
0.840981
0.826628
0.649259
0.660138
0.898808
1.646715
0.802706
1.220427
0.763160
2.215492
1.421579
1.224358
0.660987
0.763313
0.519139
1.044924
0.985103
0.927394
1.625254
1.222369
1.833868
0.600537
1.534531
1.605635
0.124469
1.242837
1.482502
1.097217
1.318378
1.449478
1.648060
0.977122
1.237329
0.973726
0.863598
1.137905
1.657679
1.643998
0.906844
1.295587
1.134379
1.061665
0.451373
1.266965
0.606571
0.605689
1.289937
0.496905
1.584364
1.513368
0.679231
1.505856
1.332173
1.372791
2.014542
1.620676
1.036913
0.932630
0.747825
1.131090
1.058583
0.919198
1.302635
1.835828
1.406255
1.049503
0.419509
0.941448
2.087241
1.777729
0.608882
1.267609
1.050926
1.294893
1.000583
1.112745
1.003359
1.049801
1.150094
0.724150
2.004257
0.470687
0.743846
0.781452
0.730729
0.828995
1.215286
0.566691
0.876452
1.452297
0.220768
0.577609
1.251318
2.459971
1.053816
1.348265
1.053718
1.485060
0.894006
0.664966
1.122011
1.022032
0.563763
1.389816
0.457144
1.456320
0.971519
1.036799
0.932619
2.568997
1.256005
0.863177
1.295630
1.901226
0.548854
1.217826
1.088435
0.882242
1.822649
1.282958
0.958710
1.812123
1.247303
1.774673
1.331096
0.708865
1.071736
0.608871
1.848554
0.973305
0.380921
1.100562
1.441499
1.177053
1.506958
0.606124
2.069485
1.701091
1.938710
0.972708
1.565691
0.832741
0.711738
1.322860
1.531950
1.826563
0.629438
0.552939
1.322853
1.255738
0.244176
1.002446
1.272627
0.495890
1.457805
1.383154
1.213437
1.666469
1.030982
0.933933
1.111536
1.632098
1.293936
1.145445
1.427791
0.916503
1.289282
1.661955
0.707817
0.687333
2.653040
0.905451
0.502007
0.597032
1.325012
1.791383
1.174056
0.361847
1.622843
0.928636
1.819836
1.215008
2.307667
1.665216
0.693398
0.729369
1.142153
1.144990
0.953910
1.140646
1.506030
0.810547
1.406015
1.273702
1.606169
1.339444
0.941690
1.146035
0.892606
1.771168
1.731858
1.373057
1.111131
1.838341
1.339067
1.682451
0.823755
0.330910
1.197768
1.181026
1.314682
0.871487
1.421124
0.369337
0.561707
0.423801
0.808077
0.729158
0.494943
1.565840
1.689280
0.881924
1.642115
0.714231
0.533803
0.371900
0.724414
0.661151
1.195551
1.125386
1.060433
0.818468
1.467790
0.758904
1.320120
0.883962
0.889898
2.130796
0.595878
2.122985
2.034829
0.877316
1.075462
1.056992
1.108906
0.750788
0.481862
2.200840
0.306034
1.065852
0.823591
2.209266
1.256021
1.621931
1.612566
0.343739
1.087070
1.397980
1.194577
0.835826
1.823244
0.710791
1.896123
1.767167
2.035502
1.218783
0.629816
1.427841
0.831613
1.005005
0.508063
0.619956
1.007821
0.622404
1.613681
0.577474
2.138698
1.324497
1.210254
1.664033
1.750698
2.402574
0.798022
1.034607
0.501617
1.226396
1.665912
1.228694
0.490393
0.637074
1.258799
1.502122
0.725393
0.805828
0.366748
1.373458
0.810491
0.707543
1.297835
0.200032
1.581479
0.840122
0.392128
1.763589
1.092816
1.452156
0.741222
2.155088
1.096976
1.004844
0.828689
1.170218
0.579048
1.276336
0.512544
0.808743
1.302755
0.364016
0.875472
1.370126
1.156131
1.484974
1.671062
1.061174
0.244918
0.478496
1.028373
1.447174
1.255137
0.931011
1.861921
0.537603
0.966700
0.662190
1.106785
0.866763
1.149064
0.922365
0.600301
2.235849
0.766426
0.766208
0.614423
0.632910
1.075664
0.620520
1.253440
0.584335
1.783046
0.902632
1.910495
1.754849
1.331614
0.762541
1.115597
0.418559
1.278557
1.350219
0.737176
0.667881
0.659806
1.467238
0.633557
1.508433
2.618801
1.719313
0.752714
0.967842
1.272138
1.092713
2.085937
1.097250
1.911070
0.986340
1.244756
1.181840
1.185266
0.339036
1.000835
0.945733
1.911243
0.128099
0.645367
0.943381
1.027509
1.256073
1.112206
1.734407
0.567522
0.957448
0.481806
0.959042
0.979421
1.413104
0.920963
0.861317
1.168573
1.218732
0.812118
0.676322
0.804530
1.022491
0.433858
0.488154
1.005972
1.237452
2.223822
1.778870
1.468826
1.902723
0.865716
2.121451
1.369788
1.469049
1.396845
0.905794
1.387853
1.116200
1.236568
1.381225
1.278476
0.419432
0.723926
1.051824
0.787963
1.503477
1.010149
1.134104
0.725300
1.397731
0.467075
0.830837
1.857463
0.745322
1.618657
1.560284
0.970810
1.436659
1.380055
1.386839
1.004096
0.743752
0.827194
1.378584
1.123094
0.654714
1.274961
1.329168
0.158226
0.760007
0.559827
0.765812
1.472966
0.628869
0.277720
0.436814
2.293402
2.504244
1.450259
0.728529
0.759204
0.657758
1.337579
1.517485
2.080580
0.661489
0.458453
0.677751
1.644337
1.160245
0.713041
0.912894
1.459324
0.882910
2.121175
0.393497
1.443305
0.581526
0.330862
1.436568
1.009315
0.971127
1.187944
0.727904
1.509979
1.448904
1.805002
0.871864
1.138580
0.758842
0.808631
1.618516
0.577692
1.115647
0.801532
0.564517
0.800433
1.354877
0.267787
1.027388
1.040352
0.578923
1.355696
1.867247
0.606054
0.503516
2.265313
0.320461
1.090152
1.716779
0.563830
0.465586
1.294039
0.863823
0.979749
1.357748
1.611562
1.242724
2.720212
1.096866
0.712586
1.186885
1.127518
1.762439
0.799017
1.010808
1.840725
0.801529
1.829934
1.402533
1.120839
0.423494
0.932226
0.670098
2.095593
2.225141
0.907315
0.282045
0.504583
1.727516
0.912024
1.310237
0.979123
0.847957
0.843287
0.580752
0.843609
1.108951
1.302490
2.322807
1.354054
0.381445
1.745422
0.840928
1.803037
1.158242
1.596886
1.278560
1.872658
0.442500
1.107313
1.558292
0.648682
0.972626
2.099637
0.527790
0.640184
1.044250
0.457690
1.373557
0.513790
0.406881
0.540551
0.517136
1.007760
0.630204
1.499488
1.735831
0.453485
0.508415
0.384564
1.224094
1.330753
0.318395
1.142953
0.853155
1.522643
1.167653
1.041587
1.066269
1.470611
1.794382
1.496205
1.203775
0.907484
0.416800
0.740492
1.115207
1.219768
1.051838
1.135531
1.312817
1.201987
0.573963
1.058018
0.751222
1.839181
0.807017
1.407015
0.710455
1.942962
1.171529
0.725437
1.449032
1.543439
1.376584
0.619330
1.477135
0.819667
1.841812
0.659158
1.729479
0.378952
1.031337
1.611924
1.504319
0.268983
1.882939
0.883936
0.835441
1.078026
1.388323
1.125724
1.402412
1.123356
0.719203
0.322376
0.804587
0.951639
1.928703
1.075756
1.248106
1.955442
1.690361
1.171849
0.739730
0.636282
1.317506
1.331490
1.069223
0.961020
2.256132
1.486499
1.565423
1.290834
0.875011
0.451672
0.537455
2.103143
1.588722
1.578089
1.747623
0.659815
1.482929
0.599361
1.023084
1.923669
1.150893
1.027921
0.994244
1.182525
2.116676
0.785467
1.139106
0.619325
1.783657
1.413752
0.394706
0.429648
1.134845
0.423392
0.559941
1.335676
0.752260
1.310745
1.042866
0.360333
0.811423
1.073541
1.022633
1.511457
1.894959
0.976425
0.481700
0.907254
0.470624
1.504777
0.708626
0.782859
0.545711
1.959188
1.852655
1.127238
1.121032
1.817868
0.720925
0.618440
0.763977
0.628635
0.521560
1.885075
0.363006
1.110745
0.722045
1.166189
0.668589
1.058269
0.933680
1.542109
1.317594
1.603396
1.570956
1.216249
1.410397
0.694139
0.504365
0.924286
0.880104
1.326791
0.389778
0.978132
0.951464
0.643191
1.181462
1.703269
0.904836
1.057106
0.501319
1.541405
1.109313
0.710923
1.268765
1.093683
1.473734
1.154257
1.039704
1.549066
1.681536
2.170388
2.076169
1.080320
1.516096
1.311577
2.180964
1.500271
0.545089
1.551266
1.464528
0.653163
0.689547
0.579240
0.703113
1.396698
0.646110
1.921570
1.299475
0.423226
1.060699
0.897187
1.210950
0.918785
1.315524
1.205640
0.967316
1.265643
0.771448
0.455102
1.201037
1.221330
0.557936
0.416400
1.369749
1.459527
0.604796
0.523017
1.497509
0.793536
0.894636
1.233345
0.413773
2.112705
0.718219
1.288108
1.305160
0.899884
1.403349
0.619957
1.259283
1.291677
1.096859
1.973109
1.414508
1.096158
2.667568
1.822797
1.233292
0.871342
0.693642
0.583350
1.640594
0.288231
1.056609
0.801366
0.343619
0.221967
1.160735
0.808414
1.033166
1.194691
1.079005
0.759535
0.575212
0.739329
0.319968
1.513666
0.323101
0.981575
0.741906
1.179482
2.158329
1.312837
1.009298
1.013912
1.016137
2.032762
0.703872
1.564338
1.402550
0.895391
1.607467
1.475858
0.793430
1.369157
0.838413
1.613416
0.885282
1.318367
1.350311
0.616856
0.705878
1.696835
2.207575
1.002790
0.603765
0.501535
1.976770
1.599985
0.846179
1.650086
2.112595
0.682347
0.866697
0.648320
1.106180
1.886304
2.077769
1.516266
1.075201
1.518285
2.253298
0.608430
1.669838
0.314972
2.056584
0.839008
1.963649
1.258757
0.853727
0.805280
1.138729
1.546151
0.793485
1.695402
0.937291
1.037740
0.551746
0.530264
0.881116
0.607486
0.688261
1.024488
0.972291
1.599744
0.674569
0.822800
2.454654
1.357523
1.431779
1.094145
0.416625
1.961299
1.923644
1.364314
0.519451
1.120271
1.283948
1.200216
0.771468
0.847266
1.157523
0.889977
1.213514
0.956649
0.920135
0.599723
1.792458
2.133445
0.430312
1.058489
0.816137
0.430100
1.807987
1.828639
1.513410
1.097030
0.085036
1.391242
1.169723
1.994596
0.832978
1.391084
1.391658
1.035394
1.290878
0.572389
0.776763
0.619892
0.910673
1.901335
1.729318
0.380823
1.233091
1.854315
1.356164
1.309179
1.717024
0.745976
1.165899
0.767760
1.150348
1.180896
1.258304
0.940517
1.255067
0.330338
0.642412
1.912678
1.945042
0.615906
0.577723
1.632947
1.227163
1.724720
0.576027
1.547668
0.961099
1.785439
1.072675
1.030859
1.659612
2.099783
0.715602
1.393760
1.656436
1.494807
1.896991
0.601320
1.180220
0.759971
1.103669
1.504513
0.464467
1.153802
2.071559
1.338226
0.978278
0.961691
0.800505
1.597477
1.666326
1.104774
0.900784
1.326350
0.334317
0.727792
1.563249
1.528197
1.264101
1.191347
1.914134
1.281001
0.407147
1.849791
0.422327
0.855782
0.978297
0.579853
1.286609
1.237179
0.551726
0.848956
1.213180
0.772078
1.540106
0.796457
2.003903
1.427133
1.076285
1.371557
0.945176
0.649269
0.806611
0.825415
1.323460
0.816890
1.269070
1.572895
0.829746
0.927167
0.448716
1.696237
0.385326
1.920695
1.078829
1.397078
1.518201
0.919388
1.439361
1.663859
1.256766
0.659592
1.563944
1.598831
1.268320
1.139147
1.649576
1.801945
0.793110
1.027347
1.138054
1.456913
2.025980
1.952596
1.352488
0.530122
2.007123
1.266512
1.559481
1.759452
1.251727
1.531902
1.001881
1.506645
0.896648
0.542660
1.249496
1.464391
0.347643
0.556675
1.628643
0.526871
1.500287
1.551283
0.895178
0.402310
0.879904
0.871773
1.279219
0.863563
1.975293
0.866919
0.636104
0.745786
0.668804
1.577606
2.004912
0.766995
1.971112
0.548793
0.565308
1.836720
0.936358
1.355129
0.491131
2.911492
0.823711
0.553567
2.065314
0.410054
0.704493
0.739706
0.193417
0.450984
1.110435
1.477226
1.156852
1.953776
0.348739
1.151559
1.085462
0.934457
0.845740
0.193604
0.955763
1.316136
1.164770
0.567129
0.622457
1.002156
1.336856
1.458981
1.820764
1.972163
1.032616
1.285122
1.664422
1.081815
0.933667
1.475245
0.970288
1.287773
0.997251
0.433015
0.922211
0.729662
2.152164
1.413698
2.076778
0.879677
0.065915
0.947767
0.453025
1.133475
1.506183
1.754839
0.720212
1.737154
2.485116
1.406197
1.226591
0.343663
2.063118
0.686262
2.455373
1.866533
2.081688
1.068944
1.262309
0.983668
0.509214
0.414250
0.977609
1.042217
0.869588
1.046326
0.870958
0.953161
0.795786
1.264510
1.181185
0.800742
1.557253
0.885405
1.020606
0.886722
0.859343
0.660214
0.951902
0.455989
1.709918
0.462828
1.564744
1.552313
1.207947
1.101239
1.719720
1.333721
1.085843
1.674682
2.072391
1.613496
0.417435
0.740287
2.117201
0.505673
1.463247
1.066490
0.616446
1.770205
0.600142
1.407845
1.521978
1.554033
0.557250
1.796555
1.240378
1.269439
1.890610
1.498468
1.231101
1.270959
2.082590
1.203174
0.529595
0.866055
0.568898
1.094613
2.174024
0.614518
1.326224
1.080471
0.984342
0.461419
0.904160
1.022434
1.409608
0.519249
0.960829
1.225689
0.750450
0.268537
1.057200
2.040323
1.145416
1.468092
1.326124
0.348904
1.031619
0.418803
1.553757
0.867499
1.866644
2.040193
1.055688
0.271087
0.569968
1.744011
1.652468
1.222093
1.009851
0.332088
2.008121
1.670448
1.919616
0.850366
1.094981
0.678738
1.518099
1.400079
0.647093
0.371856
1.756361
1.296521
1.114544
0.996672
0.373417
1.135382
1.300139
0.744766
0.995394
1.099092
1.359857
1.250942
1.267349
0.482237
0.735006
0.843747
0.791710
0.908567
1.039906
1.627887
0.925225
0.589683
2.133299
1.563121
1.199639
0.887504
0.844388
1.573861
1.048676
0.499081
2.095187
0.630506
1.229183
1.510347
1.322081
0.742341
0.582421
1.527510
2.211792
0.752806
1.258483
2.453436
0.850072
1.124583
2.239725
1.261776
0.716982
0.895904
0.978014
2.048946
2.124101
0.952568
0.516359
0.844422
1.072770
0.245279
1.042063
1.331413
0.179750
0.987122
1.021921
0.969495
0.728450
0.641730
0.448379
1.440379
1.123065
1.408278
0.993927
0.693100
0.906210
0.634164
1.259181
0.520617
0.865849
1.667872
1.953515
0.597774
1.358435
1.403532
0.248154
1.827988
0.723427
1.194988
1.755617
0.617314
1.016681
1.532990
1.024102
0.650451
1.505203
0.527274
0.409899
1.044502
1.535478
0.364681
1.024816
1.539452
1.759357
0.679970
1.414507
0.953768
1.262160
0.574389
1.113835
0.877648
0.273891
1.091569
0.860606
0.607622
1.529055
0.969664
0.865348
0.768213
0.256229
0.714958
1.009177
1.617622
0.332832
1.548908
1.719628
2.095102
0.239054
0.958948
1.555792
1.174389
0.281813
0.457483
0.858142
1.302313
0.969442
0.494064
0.864699
0.697197
1.047855
0.743230
1.512471
2.736613
1.736387
1.443763
1.513736
1.349635
0.817888
1.069312
0.843414
1.984074
1.173848
1.204803
0.721450
0.828450
1.143304
1.443190
0.943994
1.514533
1.302982
0.898082
0.625499
1.149416
1.584134
2.487679
1.285696
1.884069
1.253997
2.262199
2.172721
0.861776
1.497782
0.757488
1.799112
1.311051
0.641201
1.040903
1.110486
1.042603
0.752553
0.875976
1.863044
1.595235
1.140487
1.376078
1.269326
0.547652
0.309487
2.013354
1.165387
1.017381
1.814188
0.978235
0.283807
0.330143
1.278962
1.206393
0.847539
1.852332
0.529413
1.710702
1.294151
0.900318
1.872362
1.946387
1.816507
1.094186
1.550365
1.559756
0.989425
1.396894
1.847167
2.003699
1.256914
1.170503
1.073254
0.779223
1.726208
0.657378
0.520200
1.715303
0.888920
0.803942
2.461467
0.169332
0.576418
0.812210
1.414564
0.946171
0.912573
1.137349
1.882459
1.182301
1.071984
1.138291
1.126870
0.463157
1.864549
1.583970
1.425909
1.170604
0.636955
0.888764
1.808421
1.974652
2.354002
1.134033
0.804741
2.099614
0.729109
0.836094
0.949030
0.841363
0.490128
1.586768
0.686534
1.133078
1.051272
1.483575
0.828941
0.926919
1.623919
0.629692
0.779563
1.661033
1.209708
0.679145
1.256909
1.568985
0.814776
1.200229
1.521379
2.260119
1.109928
1.591019
1.771129
1.472307
1.216415
0.873452
0.824489
1.970488
1.377498
0.754113
1.303366
1.368331
0.523965
0.480185
0.809226
1.443276
0.437380
0.541377
1.134525
0.813143
1.059937
0.937653
2.086181
0.954654
0.977483
1.952630
2.666288
1.115151
1.493235
0.416242
1.626572
0.797267
0.405960
0.788520
0.493250
1.833493
0.893508
0.810643
1.400255
1.978900
0.416392
1.316492
2.406101
1.137574
1.484874
1.141036
1.070397
0.605780
0.861287
1.383366
1.126101
0.755728
1.469638
1.766095
2.083135
1.013046
1.467645
1.103169
1.360297
0.691890
1.497842
1.077789
1.057910
0.481385
1.089317
0.910065
0.760050
0.658823
1.001118
1.533219
1.179566
0.133975
0.292629
0.800082
1.282438
0.571248
1.574204
1.434787
1.573806
0.711083
0.712217
1.182838
1.015475
0.929960
1.853277
0.652145
0.963466
2.348745
0.596820
1.260458
0.527864
0.707625
0.500808
1.198720
0.828747
1.091009
0.913894
1.444312
2.119770
1.416408
0.396876
1.115546
1.107243
0.588736
1.508461
0.658222
1.382106
0.509299
0.541955
0.459659
1.540175
1.077890
1.212995
1.521209
1.953865
2.099667
0.319110
0.799919
1.751691
1.621884
1.817635
2.026632
1.267034
0.571311
1.246881
0.966703
0.725804
1.556615
0.311777
1.426265
1.213278
0.760627
1.529369
0.915756
0.503614
0.794717
1.317097
1.167013
1.198164
1.175263
1.673548
1.182602
1.174008
0.821804
1.627230
1.100729
0.726259
0.733002
0.767589
1.132654
1.931531
0.703112
1.937343
1.458539
1.501048
1.323388
1.567349
0.581914
1.098459
2.002193
0.306590
1.356264
1.508658
1.174578
0.468913
1.218654
2.225692
1.048254
1.904451
1.070067
1.822477
0.590253
0.889493
1.021792
1.137267
0.368078
1.536907
1.288445
1.011404
0.848734
0.709340
0.656075
0.806873
1.033046
0.627604
1.740059
0.479883
2.032611
1.238175
1.636262
0.529588
2.080166
1.299718
1.093600
1.675254
0.913590
0.971933
2.003895
2.071644
0.953639
1.499362
0.582070
1.366547
0.777773
1.076343
0.551223
1.371796
1.739796
1.336342
1.041481
0.815315
1.085158
0.654364
0.793645
1.452440
1.405031
0.963600
0.383356
1.474271
1.103406
0.738294
0.517600
1.522347
0.721612
0.648132
2.004523
0.751920
0.650912
2.061204
1.004978
1.518281
1.287671
0.660811
0.785310
1.413013
0.522620
0.926977
1.852551
1.866495
1.192349
1.497987
1.059053
1.052575
1.050673
0.539569
1.313179
0.550925
1.168152
1.047402
0.884201
1.130875
0.814425
1.542226
0.884861
1.398513
1.237556
1.110014
0.645493
1.346659
0.867008
0.912574
1.437504
1.784916
0.775081
2.550792
1.991705
0.541072
0.780663
1.039652
1.443660
1.547780
0.190819
1.502341
0.694152
0.644261
1.511103
2.101893
0.970058
1.051213
1.528301
1.337864
0.846940
0.534425
2.134652
1.603935
1.086904
0.619221
1.308148
0.471932
2.598813
1.829084
2.192455
1.185649
0.980158
1.473783
0.693346
0.332958
0.830641
0.763802
0.803016
0.497681
1.395772
0.473390
0.437973
0.169847
1.223088
1.470803
1.258887
1.403669
1.214250
0.800196
2.140163
1.632490
1.631415
1.114922
0.803587
0.758364
1.495397
1.462239
1.424370
1.150525
1.380681
1.680474
0.596401
1.575838
1.306349
1.345065
0.749428
0.553973
1.318333
0.937817
0.678710
0.567007
0.874227
1.291666
1.773135
1.136331
0.765134
1.051928
0.777478
1.118279
1.950570
1.508023
1.626417
1.661385
1.416614
1.231316
1.413895
0.820076
1.266315
1.243241
0.646114
0.987540
0.369183
1.644020
0.765717
1.191788
0.960142
0.943434
0.853874
1.548889
0.872575
1.997952
0.819230
1.499436
1.484604
1.019397
0.388102
1.125592
1.469785
1.405137
0.917514
0.994752
0.402736
1.447592
1.060379
0.945676
1.147684
1.780360
1.002374
0.772047
1.797522
1.736580
1.229474
1.415086
0.354540
2.499211
0.679921
1.215474
0.753531
1.430630
1.018715
1.082964
0.902742
0.712936
1.703853
0.892614
1.147402
1.151817
1.110025
1.669950
1.083100
0.784345
1.034608
0.977342
1.610040
0.735466
1.576304
2.105248
1.902137
0.843977
0.484145
1.231815
0.368392
0.809458
1.530553
0.633936
0.951560
1.327362
0.569893
2.440456
0.609508
0.462925
0.124907
0.909866
1.396012
1.045590
1.353843
1.207790
0.748074
1.069882
0.709190
1.527082
0.933099
1.064750
1.430032
2.282936
1.100944
1.373655
1.150889
1.176835
1.408394
1.140859
0.886150
0.734004
1.393333
0.742003
0.218656
0.386617
0.610213
1.830250
1.390264
1.744060
1.634777
1.467760
2.407632
0.512356
1.377815
1.659267
2.274170
1.561195
1.189237
1.680704
1.610795
1.002934
1.504316
2.560611
0.418138
1.137058
1.471123
0.771766
1.542775
2.606307
0.950062
2.074959
1.851781
1.238957
0.381561
1.945014
1.411570
0.881027
1.204845
1.637940
1.150363
1.622275
0.392529
1.591707
1.250454
2.106740
1.501770
1.138185
1.018274
1.243961
1.274538
1.354744
0.704868
1.201336
0.731710
1.655554
1.197965
0.805372
1.542889
1.338474
1.374656
0.350482
0.332846
1.335530
0.729066
0.317179
1.099801
0.777508
0.759288
0.649735
1.001471
0.647936
1.335561
2.347008
1.495347
1.520672
1.200780
1.421238
1.542484
0.935280
0.663980
1.355487
1.223240
0.977495
0.211860
0.776264
1.073737
0.794441
1.722417
0.664712
0.751484
1.745252
0.583501
0.464260
1.233018
1.329670
0.894890
0.901162
1.246268
1.362799
1.184300
1.816534
1.480638
1.367468
0.867952
0.963010
1.301510
1.622378
1.585921
1.136028
0.822470
1.572367
1.582436
0.339621
1.583477
0.474963
0.942811
0.987480
2.038436
1.376619
0.157373
1.421163
0.789103
0.545016
1.746541
0.650482
1.769787
0.888177
0.935528
2.503533
1.754098
1.483089
0.821110
0.403206
1.009153
2.016495
1.533507
1.475017
1.879281
0.744751
1.137150
1.158664
1.950542
1.303547
0.772677
1.157303
0.769600
0.878179
1.613106
0.818683
0.241697
0.375032
1.469026
1.043988
0.956393
1.178462
1.520243
1.103714
2.204054
1.042110
0.458626
0.991183
1.148288
1.242338
0.990879
1.113405
1.284908
1.269411
1.362447
0.925637
1.915593
0.805572
0.787288
0.610415
0.749662
0.808318
0.652501
0.985073
1.114260
0.580284
1.187474
1.306874
0.690711
1.586304
1.800592
0.553745
1.147588
1.531520
1.334520
0.331256
1.050439
0.762222
1.613813
1.676644
1.584196
1.594009
0.571313
0.781742
1.157874
1.354185
1.429847
1.041323
0.776256
1.322526
1.469863
2.208724
1.899348
0.368432
1.014584
1.017211
1.440643
0.923668
1.061041
1.359676
0.762499
1.382311
1.175362
0.796887
0.240485
0.828392
2.304522
1.744176
0.639970
1.895109
0.424357
0.932051
2.016555
1.253576
1.529997
0.359182
1.305048
1.313232
0.327315
1.398898
1.395161
0.698101
1.780025
0.755755
1.526712
1.161391
1.349251
1.336307
1.177973
1.275147
1.082398
1.443576
1.019581
1.417087
0.562882
1.376944
0.850032
1.372288
0.610772
2.355966
1.686197
2.567559
1.222365
0.415042
0.688062
1.247029
1.109455
2.016735
1.398724
0.654371
2.629405
0.496160
0.954160
0.681863
0.842396
0.555257
0.427874
1.970332
2.097296
1.712803
1.612728
1.452902
1.769631
1.850734
1.058183
1.160450
1.085016
0.819244
0.854086
1.163798
0.674341
2.086614
0.658478
0.320132
1.176026
0.825663
0.562054
1.546378
0.630157
1.225053
0.559462
0.800282
1.144586
1.774314
2.083929
0.833777
1.552797
1.168956
2.431175
2.121725
1.093828
0.759071
0.741158
0.738643
0.273800
0.921921
1.283334
0.822717
1.421648
1.080638
1.643950
0.583651
1.291982
0.632674
1.179623
0.615909
0.732273
0.390145
2.274841
1.321844
0.986645
0.671845
1.429671
2.004630
0.511320
2.215659
1.115552
1.082506
2.194938
0.666771
0.841230
1.050365
1.048844
0.523996
2.123984
0.839258
1.507563
1.341463
0.938339
1.346205
1.223677
1.258882
1.213911
0.945862
2.382771
1.641863
1.979590
2.083179
1.096286
0.962599
1.174660
1.872059
0.806678
1.401223
0.325507
0.789671
0.423256
0.959457
0.424089
0.683143
0.507721
0.887438
2.183549
0.966485
2.279457
1.129878
1.747538
2.247142
1.117442
0.915249
0.467074
1.010635
0.279541
1.254339
1.531449
0.370166
2.019210
1.502592
1.580379
1.353747
0.400144
0.394109
1.705012
0.819394
1.306017
0.736587
1.506792
1.072430
0.921709
0.778471
1.188609
1.560272
1.225455
1.226907
0.951684
1.433462
2.004755
1.297859
0.937257
1.244267
0.169585
1.970655
1.397682
2.397432
0.927250
0.212647
1.152758
1.100791
1.897890
1.528069
1.514896
0.293560
1.253157
0.453451
0.898836
1.582522
1.209883
0.777455
1.099193
1.180674
0.381324
0.958144
0.218056
0.873806
1.549806
1.211378
0.506482
1.311313
1.499723
1.678504
1.174601
1.190121
0.595154
1.472802
0.659276
0.367026
0.647500
0.920636
0.703497
2.150685
0.810883
1.422815
0.879772
0.659066
1.599513
0.977705
0.930127
0.975017
0.789791
1.511496
1.701174
0.670849
1.233270
1.438276
1.414992
1.277670
0.738491
1.056821
0.225823
0.692150
0.972089
1.131372
0.990343
1.740658
0.472191
1.599972
0.985258
1.246739
1.636423
2.044094
1.153755
0.650433
1.463653
2.763525
1.001362
0.680631
2.160385
1.373265
1.542680
2.386278
1.009799
0.745732
1.102067
2.376303
0.908124
1.183884
1.392531
0.892939
1.668910
1.280699
1.276213
1.307659
0.812258
1.383947
0.485545
0.852371
0.711894
0.423151
0.301631
0.821544
1.379916
1.492594
0.451104
2.110522
1.553693
1.419797
1.818982
0.993551
1.555166
0.124029
1.290097
1.587668
1.007896
0.671993
1.282160
0.865591
1.213931
1.109102
1.304610
1.563181
1.916634
1.238812
1.998588
0.752667
0.742825
0.466517
0.608380
1.631559
2.412937
1.299967
1.682986
1.735681
1.699991
0.831440
0.560136
0.939125
1.092695
1.175797
0.928617
1.239507
1.967202
0.852659
0.701249
1.000153
2.040206
1.243615
0.728487
1.394298
0.191430
1.060282
1.464356
1.264898
0.991919
0.864271
1.607807
1.469577
2.104235
0.433687
1.911499
1.424802
1.103260
0.416245
0.799761
1.879754
0.763872
1.219428
0.875271
0.523858
0.954621
1.486188
0.920628
1.114465
1.624507
0.588227
1.547441
1.154226
1.994718
0.733610
1.835357
1.708186
1.242692
1.383138
0.713949
1.042594
1.502203
0.695202
2.514364
0.673731
0.993289
0.337282
0.614805
0.989782
1.293699
0.715986
0.881399
1.959482
1.563588
0.701104
0.721926
1.094345
0.611374
1.611018
1.057253
0.512500
1.010099
0.529962
0.768316
1.826884
1.662732
1.431837
1.098927
1.208390
0.745435
0.600770
1.198689
1.341617
2.212012
0.912611
0.333977
0.761882
1.313925
2.557749
0.662027
1.741799
1.809713
1.553039
2.152461
1.817011
0.688659
0.917149
0.606347
1.178442
1.346051
0.807629
0.751710
0.778391
1.200277
0.653404
0.670269
0.751429
0.480232
0.984487
0.623517
0.946473
0.272915
0.837788
0.446611
0.735261
1.751956
1.032536
1.094875
0.916037
0.749140
0.853292
0.682418
1.119743
1.492615
1.745658
2.205867
1.849263
0.461878
1.178255
1.411406
1.465344
2.108445
1.358244
0.677043
0.478213
1.486830
1.172400
0.980172
0.827055
1.807958
1.128047
0.874916
0.727691
1.851184
1.011709
0.902646
0.341540
0.987361
0.904439
0.993906
1.210437
1.361823
1.063334
0.603919
1.391271
0.438727
1.998813
0.254557
0.632157
0.767752
0.716156
0.808776
1.097824
2.184165
2.643341
1.070636
1.686136
0.531383
1.578878
1.135238
0.338058
1.249496
0.494678
0.732445
1.318101
1.764694
1.030487
1.746317
0.894290
0.556584
1.136438
0.628914
1.298978
1.739867
1.612276
0.293554
0.751787
1.308977
0.888031
1.740503
1.602156
0.539318
0.556533
1.042667
1.561683
0.780647
1.802643
0.470436
0.927395
0.692664
0.828571
1.358960
0.962531
1.308079
1.458173
1.738953
1.573597
0.717149
2.159840
0.910080
1.503313
1.249405
0.683351
1.338762
1.287333
2.053405
1.449960
0.727159
1.072929
1.056881
1.315990
0.682368
2.370298
0.793837
1.048165
1.681760
0.196335
0.918474
0.653809
1.380884
1.823969
1.339486
0.972649
1.338916
0.740711
1.037848
1.979120
0.674425
0.611986
0.524821
1.346145
1.745057
1.135125
1.088455
0.690509
0.568696
0.519561
0.904149
2.134631
0.585720
0.895733
0.852671
1.303952
0.873390
1.015671
0.789347
1.035140
0.288424
1.325893
0.983271
0.884637
0.634247
1.334927
1.329254
1.491399
1.071314
0.734573
0.460147
2.084093
0.474432
1.014137
1.773429
1.405324
1.001803
0.869571
0.364939
1.314635
1.417240
1.684788
1.531699
1.335606
2.061101
2.015676
1.226173
0.953846
0.497180
1.301958
1.336845
0.794863
0.543340
0.822502
1.475974
1.589610
0.545408
1.382385
1.341462
0.488752
0.298312
0.896858
0.889163
1.366783
1.078873
1.288023
1.312159
0.905151
1.001503
1.570857
0.725995
0.727443
1.729861
0.905014
1.034068
1.162130
1.499944
0.129711
0.450568
1.427830
2.200786
1.706861
0.918440
1.344927
0.860634
1.272934
1.533855
0.271911
1.335094
1.851572
1.443764
1.560678
1.933535
0.719698
1.104938
0.564383
1.493826
1.253909
1.099242
1.444827
2.177648
1.350244
0.710676
1.137298
1.211850
1.239865
1.021974
1.200897
1.389505
0.799685
1.232494
1.542321
0.508075
0.867142
1.853521
1.098989
0.284376
2.049894
1.108286
1.097802
1.528107
2.245319
1.466193
1.596564
1.361845
1.263998
1.000277
1.225976
0.799459
1.297715
0.992772
1.528960
1.433117
0.939524
0.996433
1.336477
1.194195
2.368022
0.324324
0.452156
0.838736
1.526534
2.074907
1.911430
1.198373
1.493499
1.096682
1.010376
0.973553
1.476939
1.110495
0.883620
1.591519
1.210105
0.788841
1.647788
0.635611
0.920378
1.695324
0.377617
0.757848
1.151511
0.964137
1.097760
2.009362
0.654634
0.772304
1.284122
1.433889
1.432079
0.735814
1.036734
0.710859
0.606673
0.525067
1.546047
0.874069
0.856552
0.895351
1.866803
1.058417
0.608672
1.905509
0.801100
1.078413
1.141857
0.989960
1.405705
1.066113
0.879700
1.269982
1.722488
0.925602
0.697519
0.701179
1.512437
1.404161
0.711758
1.745699
1.128165
1.009815
0.399914
1.331201
0.349859
1.301860
0.566907
2.267629
1.579539
0.263221
1.341245
1.606803
0.752971
0.959114
0.741930
0.712858
1.228584
0.721768
0.502821
1.564456
1.691244
0.094326
2.200406
0.863728
0.940673
0.968712
0.596472
1.856457
0.867256
1.623674
1.072409
0.993735
1.610727
2.040075
1.062533
0.669737
1.909073
0.922255
0.940088
0.776150
0.515455
1.604410
2.440417
0.297522
2.197131
1.548629
1.659375
0.884822
1.276150
1.239605
2.217559
1.242705
0.569417
0.460860
1.414951
1.160539
1.628091
1.059543
0.908206
1.387254
1.576922
0.787222
1.527283
1.326786
1.480753
2.101335
1.083914
0.571437
0.365918
1.143803
0.775783
1.227427
0.807558
1.366675
1.591089
1.098632
1.068892
0.877734
0.425926
1.311044
0.263594
0.693064
1.243992
0.815559
0.806262
0.674654
0.506116
0.433208
0.830172
0.878354
1.605806
1.711893
1.415655
1.546075
1.124780
2.659563
0.555504
0.625673
0.824795
1.551168
1.371916
1.260361
2.092352
1.649291
0.658715
0.586159
0.520249
1.619765
1.546307
0.894165
1.702736
1.395743
1.644380
0.764578
1.101029
0.788100
0.801980
1.012402
1.772466
0.748784
1.695044
1.522741
0.666640
0.442433
0.825496
1.526898
0.660536
0.745165
1.271440
0.631693
1.005693
1.176499
0.705689
0.199530
1.984756
1.314277
1.528284
0.923949
0.378821
1.891288
0.542091
0.325406
0.821559
1.221227
1.466734
1.886829
1.755409
1.034344
2.042609
0.582313
3.092838
1.242392
1.223584
0.665915
1.407626
0.840066
1.314314
1.642308
2.419549
0.999017
0.537095
1.410198
1.218650
1.790896
0.988830
1.103944
1.058385
1.620082
0.365015
2.262081
1.122138
2.041025
0.964539
0.608779
0.929967
0.331901
1.630249
1.792803
0.793061
0.752769
1.656596
0.457930
0.601800
1.962702
0.419138
0.515520
1.090052
0.477411
0.609638
1.021623
0.743210
2.422386
0.561011
2.749356
2.171064
0.982865
1.328970
0.369743
1.200428
0.263736
0.719572
0.406196
0.771780
1.631097
1.134659
0.603701
1.507748
0.406557
1.916863
1.278579
0.841640
0.315491
1.393201
1.693430
0.519357
1.305162
1.851849
0.731561
0.831085
1.489784
0.753481
0.721509
1.101343
0.463211
2.092790
0.462256
0.878520
1.977642
0.779159
0.765832
1.232242
1.126113
0.690608
1.281992
2.038959
1.410016
1.215309
1.291954
0.820643
0.611073
1.324166
1.213915
1.979036
1.786862
0.419469
1.615898
0.571731
0.920075
0.214869
2.452595
0.598722
0.543983
0.812792
1.004190
1.020756
0.815857
1.654118
1.314752
1.072661
0.964591
1.521874
1.582721
1.164457
1.301916
0.406170
1.345401
1.911101
0.280607
1.036955
1.080148
0.951549
1.203880
1.201341
2.343397
1.678637
1.247774
1.108489
1.291052
0.482161
0.658300
0.521386
0.730180
0.491405
0.828341
0.880710
0.917473
1.209839
1.888593
1.212976
1.323759
1.349409
1.040144
1.380862
1.172356
1.086644
1.450010
2.289781
1.203307
1.392098
1.176351
0.552224
1.193227
0.743328
1.406670
1.542954
1.084267
1.191297
0.875035
1.232718
0.440670
1.231595
1.341982
0.824083
0.747802
0.753060
1.674805
0.890714
0.690011
0.820107
2.099918
1.689694
1.194409
1.227500
1.167913
0.404512
1.194857
1.678597
1.094718
1.083785
1.112687
0.755507
1.120441
1.403715
1.576060
1.375168
0.517099
1.503919
1.570296
0.974095
0.625508
0.621903
1.910089
0.936649
2.713359
0.313395
1.696329
1.109588
0.673300
2.061904
1.681202
0.612364
0.925693
1.003309
0.535947
0.982978
1.375661
1.628870
2.283341
1.428143
1.452524
1.860765
0.897669
1.617288
1.001471
0.586382
1.286269
0.595554
0.541325
0.823290
1.183365
0.779210
2.001908
0.308390
1.528748
1.240154
2.142734
1.838435
0.488581
1.444462
0.745630
2.072235
2.184603
1.050553
0.949514
1.156755
1.391760
2.037154
0.396317
1.331967
0.464123
1.111775
1.300421
1.048488
1.207324
1.120434
0.716187
0.645736
0.550289
0.430575
1.098794
1.014184
1.659169
0.811639
0.592935
1.324742
1.644295
0.813786
0.901781
0.812702
0.870226
0.724362
0.497954
0.993981
1.175117
1.848812
2.240313
1.516170
0.885059
0.512429
1.204718
0.990497
1.423517
1.478619
0.427835
0.519378
0.884387
1.425761
0.980125
0.356630
0.707151
0.422440
1.287236
1.323048
1.464051
0.842629
0.477204
1.077991
1.191749
1.329126
1.502350
0.711847
1.311057
1.298091
1.557394
0.946664
0.937637
0.740175
1.291140
1.713070
0.756893
1.089651
1.277369
0.746534
0.807569
0.959801
1.010017
1.115759
2.294625
0.319950
0.961986
0.477066
0.921184
0.906824
0.944115
1.913656
0.920710
0.702934
0.758300
0.711923
1.324654
0.822330
1.454585
1.500545
0.286387
0.320007
0.355007
1.162035
1.378725
2.680165
2.390792
1.242109
0.843268
1.458863
1.385663
1.303617
1.139125
1.193987
1.467870
0.730925
0.512140
0.697386
0.505645
0.825336
1.182113
0.701244
0.459347
1.708306
0.745635
1.587623
1.944762
1.566420
1.032758
0.341208
1.171929
0.900744
0.848213
1.746531
1.691852
0.640730
0.751697
0.746641
0.727542
2.194995
1.311161
1.741705
0.727601
0.485508
0.667302
0.638872
1.389355
2.146946
1.078509
1.090045
1.457700
0.756017
0.991490
0.936643
1.186898
0.906143
0.623366
1.265190
1.129245
1.410059
1.299794
1.237828
0.865719
0.593999
1.497983
1.476451
1.146337
1.425834
0.458156
1.012119
0.941862
1.344712
1.336765
0.806950
1.327018
0.579903
1.376658
1.949454
1.848104
1.773510
1.140177
2.678790
0.862108
1.385814
1.768952
1.166401
0.997927
1.717410
0.981863
0.740969
1.691567
1.018739
0.696844
0.932515
0.850652
1.009141
1.087069
2.439805
2.028379
0.457654
0.593375
0.847343
1.037931
1.707868
1.529948
1.608836
1.384608
0.919392
1.548034
1.287125
2.574893
0.421629
1.119226
1.241838
2.702498
0.562980
1.340460
1.171386
1.236284
1.481643
1.301039
1.753428
0.763164
1.591895
1.705868
1.654172
1.128144
0.696055
1.153102
1.377376
0.491466
1.703948
0.426044
1.005596
0.781797
1.491470
1.905300
0.566399
1.919747
1.309166
0.495370
0.732934
0.681589
1.582909
1.153560
1.424003
1.264712
0.942847
1.515644
1.828016
0.647803
0.454899
1.507961
1.461109
1.296927
0.961236
1.764570
1.238815
1.150628
0.964130
1.198412
1.317011
0.786986
1.093891
1.441015
1.112362
0.679992
0.454376
2.221110
1.234242
0.614447
1.703656
0.655878
1.760217
1.447871
1.074683
0.157459
0.656331
1.123249
0.730105
0.663558
0.770032
1.401768
1.474229
0.879945
1.141597
2.145536
1.314238
1.598638
1.588618
1.290442
1.299401
0.685400
0.685634
1.047381
0.930489
0.969239
0.475143
1.392375
0.894342
1.901801
0.674496
0.901450
1.241108
0.786645
0.970621
0.806163
1.546568
0.897608
0.556822
0.647174
0.273297
1.028838
1.325501
1.446731
0.785823
0.480042
0.153573
2.094060
1.553344
0.920803
1.435939
0.901318
1.278190
1.495090
1.289543
0.615750
1.025540
1.766074
1.507342
1.299819
0.945394
1.384645
0.896025
0.606266
0.767676
0.892403
1.162745
0.531628
1.932182
1.628507
1.879496
1.077557
0.600474
0.813030
1.160273
1.085257
0.794327
1.373721
1.589178
1.688036
1.371842
0.221597
1.294138
1.319165
2.159747
0.841683
1.225593
1.247098
0.659383
0.208173
1.363633
1.154553
0.843896
0.590774
0.535519
0.644345
1.186685
0.468351
1.534689
1.238652
1.148842
1.463070
1.400260
0.783217
2.198459
1.371658
0.606809
1.015052
0.843765
1.647760
1.856463
1.802684
1.880151
1.432874
1.163809
1.024403
2.048159
1.649140
1.478768
1.009197
1.061687
1.377763
1.665065
1.849513
1.665801
1.722996
1.146304
0.300599
0.671684
1.257195
0.718526
0.774456
1.812873
0.929095
1.386161
0.900592
0.695409
1.712170
1.221857
0.681872
2.005336
0.692986
1.540645
2.014933
1.389778
1.174566
0.819536
0.855670
0.906911
0.533512
1.884859
1.317602
1.025154
1.634325
1.526797
1.316812
1.269098
0.281958
0.616292
0.842110
2.039985
1.713263
0.824341
1.630698
0.596786
2.124689
1.364490
0.990012
1.514812
1.078513
1.092138
2.046661
1.678809
1.187161
1.296288
0.590298
1.846938
1.223609
1.413924
0.320771
1.280665
1.926182
1.029314
0.467900
1.309148
0.638511
0.793057
0.768112
1.836684
0.890846
1.608119
2.102033
1.697349
1.339120
1.397494
1.723371
1.287655
0.333967
1.332163
1.385103
2.016243
1.895770
1.136676
0.818446
0.770065
2.380060
0.802886
0.788562
1.110124
0.628855
2.142233
0.791475
0.812555
0.524269
0.659107
2.112247
0.871629
1.630731
1.158068
1.179270
1.049854
0.956784
0.992314
1.104516
0.659622
1.115336
0.985999
0.763510
1.473457
1.796758
0.754366
1.505510
1.201841
1.963981
0.295119
0.381570
1.309156
2.166330
1.846792
2.591416
2.224393
1.144294
1.280609
1.348921
1.013682
0.411488
0.528379
1.488601
2.615519
0.788052
1.157742
1.976740
1.785040
0.804526
1.415731
1.314068
1.441207
1.094128
1.654664
0.894784
1.603447
0.796561
0.958362
1.122522
1.004954
1.397584
1.942457
1.979615
2.166769
0.813705
0.271682
1.041053
1.169862
0.448823
1.025802
0.819791
1.680676
1.487888
1.324366
0.375538
0.759713
0.949021
0.340544
1.315674
0.600495
0.952048
1.331877
1.012689
0.666547
0.871238
1.038864
0.953024
1.039400
0.635652
1.628740
0.793843
1.177836
1.082744
1.646288
1.045930
0.923186
0.957752
1.389739
0.924042
1.443927
1.216927
1.009642
0.972206
1.052716
0.875724
1.575292
0.832375
0.685462
1.421394
0.784448
0.719735
1.201516
0.594310
1.069911
0.977611
1.486919
0.940468
1.214278
1.111753
1.529072
1.322582
1.728333
0.827146
2.065796
1.231428
1.459480
1.065184
0.706119
1.037696
1.172742
1.829772
0.301134
1.837559
0.915896
0.679853
0.893652
0.613317
1.512272
0.796167
0.977323
1.137039
1.739463
1.578484
0.666670
0.585968
0.955051
1.619593
1.170398
2.067279
0.706491
0.764514
0.894848
1.885555
0.454798
1.619974
1.810659
1.366697
0.523023
1.171154
0.741943
0.702500
0.210199
0.782949
0.878183
1.167418
0.982219
1.066673
2.973157
0.616253
2.011346
0.992123
1.300667
1.085367
1.246829
1.525957
1.252770
0.701220
0.877931
0.619464
0.958899
0.909704
0.974287
0.588474
1.208493
0.887439
2.181067
1.121823
0.856709
1.563189
1.397498
0.653351
1.212812
0.991845
1.481119
0.977923
0.944917
0.502023
1.433029
1.133822
0.696718
1.388301
2.211318
1.470271
0.676533
0.948763
0.739200
0.834567
0.601276
0.454385
0.774096
1.231366
0.974558
0.559335
1.080939
0.976682
1.653053
1.008452
2.001097
1.096577
1.196538
1.332383
1.329962
0.210542
1.514390
0.864103
1.090605
1.224195
0.591332
0.902704
1.339187
0.863703
1.417886
0.440811
1.205469
2.106133
1.887601
0.866451
1.346139
1.992180
0.738114
0.393277
0.847150
1.917382
1.250667
1.503544
0.794667
0.994222
1.164207
1.958929
1.439498
0.981261
1.033923
1.071174
1.836268
0.884986
0.948664
1.792446
1.246112
2.070088
1.256947
1.672694
1.560014
1.049319
0.876864
0.541131
0.728611
1.418221
1.316004
1.561045
1.019839
1.883910
1.371669
1.285767
0.857403
0.944959
1.184706
0.521784
2.109033
0.893705
1.074404
1.033437
0.740945
0.366525
1.341213
2.618474
1.352394
0.669982
0.574599
0.824009
1.489662
1.034331
1.681543
1.234192
0.790874
1.097193
0.191527
1.376586
0.219542
1.911176
1.108041
0.707376
1.020697
1.854218
0.930575
1.036063
1.433744
0.500055
1.448796
0.505727
1.692693
1.286060
1.362241
0.880284
1.389803
1.102542
0.417372
0.680957
0.345935
1.109928
1.315105
1.182779
1.990999
0.440213
0.645151
0.966848
1.322533
1.631214
0.776005
0.499643
1.116263
0.984870
1.169137
0.555192
0.963237
1.336579
1.550016
1.078391
2.586201
1.198035
1.019333
0.277270
0.952007
0.986037
1.981842
1.694121
1.231186
1.717885
1.968996
0.700859
1.426248
2.189280
0.767957
1.453492
1.366931
0.647520
0.296788
1.057316
1.394455
1.259864
0.671469
1.673004
0.545133
0.704906
1.667844
1.231538
1.636929
1.542477
1.796205
0.149181
1.126326
0.820909
0.976590
1.417970
1.528168
0.424239
1.196992
0.480839
1.315766
0.376105
1.152833
1.195845
0.979447
0.614490
0.682005
0.841138
0.498407
0.847548
0.950202
0.962581
0.598606
0.749574
1.613357
0.672224
1.402991
1.641821
1.665145
1.539258
0.770390
1.358100
1.469917
1.053511
0.651044
0.563276
0.727497
1.286120
1.609879
1.183052
1.245847
1.883244
1.275057
0.674543
2.088195
0.618591
1.184285
1.909578
1.125025
1.099716
0.445748
0.707477
0.566765
0.982370
1.724690
1.177558
1.523696
1.025730
1.675076
1.226294
0.294119
0.850776
0.595855
1.646650
1.084753
0.722972
1.481624
0.862048
0.737041
1.275972
0.378069
0.596606
1.230517
0.695417
2.511883
0.595894
1.214203
0.560084
1.538551
0.856107
2.014243
1.861778
0.703675
1.115063
1.111151
0.868351
1.213151
1.341430
1.176364
1.556853
2.400842
0.838216
2.197801
1.375717
1.509711
2.014427
1.417577
1.659160
1.020904
0.713840
1.171254
1.699409
1.356810
0.469885
2.301718
0.501289
0.784653
2.040851
1.524899
0.850699
1.277400
1.078725
1.334015
1.176207
1.640714
0.349037
0.827975
1.342070
1.562057
0.793209
0.855300
1.491362
1.204210
0.947684
1.341541
0.546329
1.062184
1.424953
1.536666
0.817802
1.473319
2.053146
1.675053
1.409837
0.745120
1.298204
1.258104
1.768978
0.974192
1.347863
1.931529
1.387664
1.071580
1.652499
0.549301
0.963951
1.508128
0.348986
0.690276
0.737312
0.856626
1.015582
1.760865
1.471959
0.713805
0.702276
1.054604
0.333861
0.754876
0.736709
1.200408
0.933313
1.883241
1.161365
1.031689
0.772558
1.599006
1.248514
0.930606
1.879004
0.910828
1.331848
1.116520
1.081842
0.519195
0.670379
0.677977
1.424198
0.583001
1.040193
0.656914
0.979562
0.684979
1.112772
1.145552
0.835335
1.187317
1.785873
1.050580
0.538019
1.546981
0.299479
1.449073
1.052609
0.576140
1.037599
1.683087
0.758954
1.337165
0.790715
1.262983
2.422783
1.071130
1.413907
0.774402
1.186954
0.631166
1.267484
0.796344
1.346845
1.854727
1.651778
0.797909
0.932286
1.076480
1.088029
1.317733
0.567313
0.591415
0.701306
0.939685
0.908974
1.092528
1.358538
1.018084
1.220424
1.697952
1.904811
0.803001
0.770660
1.397322
1.866981
1.021678
0.945386
1.932793
1.415149
1.212546
1.071514
0.287647
0.412384
0.994498
1.162223
2.271839
0.824324
1.001220
1.810203
1.407060
1.495562
1.692990
1.438666
1.486363
0.555120
1.856785
1.745696
0.615718
1.394972
0.847089
0.890329
0.819966
1.110515
0.732882
0.638774
1.162927
0.563189
0.755034
1.797281
1.702851
0.779204
1.718054
0.939626
0.725203
0.717532
0.615512
0.918472
1.629485
0.900207
0.822098
1.534908
0.842751
0.829915
1.179832
1.175602
1.010400
1.211710
0.612716
1.261142
0.403587
0.677597
1.359235
1.100523
1.047901
0.936933
0.945645
0.683850
1.294834
0.238273
1.698421
1.473275
0.922649
0.623783
1.107603
0.997572
0.749647
0.643385
1.333959
1.130192
2.016947
1.088544
1.961773
1.706680
2.187284
2.039630
0.732448
1.254095
1.477080
1.912425
1.158931
1.567982
1.873274
0.918752
0.902258
0.888620
1.609533
0.873446
0.995996
1.086594
1.317465
1.642953
1.850485
0.476855
2.486058
0.663492
0.757670
0.601037
0.832659
1.301965
0.616841
1.240726
1.188990
1.379133
0.837591
2.474003
0.363480
0.676891
2.501288
1.458273
0.820409
1.191037
1.779098
1.204231
1.191786
0.952197
1.451968
1.307882
1.429042
0.999780
2.014153
0.447410
2.183203
1.332734
0.447100
0.642259
2.525140
1.383878
1.070511
1.307458
0.628225
0.997759
0.885184
0.841951
0.950007
1.017406
1.250468
1.136201
1.947301
1.303613
0.851083
1.214394
2.430431
1.085052
1.776321
0.959345
1.575622
1.251083
0.860933
0.593787
0.785087
1.810866
1.206944
1.278389
0.945439
0.764388
0.541452
1.203292
1.430619
1.435690
1.469735
1.250594
2.070264
0.729546
0.875707
1.235505
1.081077
1.154363
1.308688
0.987009
0.658319
0.998150
0.743224
0.346534
0.431068
1.028118
0.876841
1.394396
0.309381
0.686021
0.636856
1.881471
1.291250
1.390092
1.091349
0.593121
0.808756
1.275188
0.562187
1.079953
0.525116
0.933100
1.147080
1.644272
0.475695
1.145612
1.411792
1.887312
1.126010
0.654135
0.709122
1.137503
1.960930
0.991190
0.448742
1.871994
0.395363
1.796827
1.454830
0.301662
1.236058
1.373541
0.607425
0.956977
2.301869
1.348753
1.767014
1.254694
0.826388
1.429834
0.939721
1.125787
0.665332
1.537739
0.902852
0.575591
1.528485
0.666665
1.389185
0.463179
1.201572
1.413729
1.314876
1.308079
1.698655
2.613688
0.605717
1.672883
0.579686
0.409356
1.161368
0.825466
0.717756
0.716940
1.118548
1.390798
0.685158
1.262826
1.776126
1.254472
1.421832
1.267373
0.849858
1.655386
1.070386
1.368576
1.852991
0.217569
0.902429
1.283811
0.682943
1.025949
1.073185
1.048001
1.344904
1.395057
1.511994
0.811165
0.995491
1.360988
1.447024
1.584956
1.252181
1.894379
1.361675
0.582037
1.171593
1.315930
1.818077
0.814633
1.216400
0.903120
0.734778
0.883742
1.645800
2.441490
2.056847
0.523875
1.365486
0.829403
1.472690
0.737316
1.416966
2.067744
0.535401
0.990218
1.235351
0.299965
0.875678
1.063689
0.615714
0.918239
0.749799
0.864324
1.101528
1.607995
0.191584
1.503790
0.645888
0.458542
1.413875
0.819991
1.463302
1.313919
1.103449
1.356142
0.745540
0.374029
0.766875
1.165343
0.952135
0.525984
0.247633
1.205428
0.981448
0.517167
0.182162
0.970872
1.087242
1.119499
1.233961
1.348967
0.895682
0.802378
1.570416
0.791571
1.698330
1.652367
1.687123
1.262293
0.794727
1.292173
0.790749
1.415521
1.429385
0.862724
0.900716
1.357023
0.514901
1.327307
0.521713
1.413572
1.290005
1.623940
0.865850
2.094029
0.549726
0.358198
1.127379
0.385451
1.590733
1.384548
1.283787
0.758071
1.441003
0.562091
2.124110
2.217540
1.391767
1.254210
0.618938
0.833356
1.644077
0.851798
1.021528
0.740692
1.886967
1.673446
1.329385
0.336182
0.331982
1.113454
1.572527
1.491108
1.233611
1.630512
0.869319
1.085011
2.387795
1.697815
1.805394
0.678882
0.538778
1.311195
1.064473
0.713764
1.333897
1.574070
0.685252
0.889239
0.615548
1.222695
1.326787
1.030399
1.083843
1.116146
0.639811
0.686220
1.152850
1.022130
1.549476
1.102166
1.516002
0.985464
1.046648
1.377622
1.043714
1.086823
2.751029
0.701966
1.243962
1.759449
1.146679
1.301862
0.926219
0.450512
1.604415
1.462608
0.889492
0.888850
0.679390
1.812731
0.634427
0.863029
0.778135
1.625854
1.228249
1.517013
0.642001
1.110641
1.530511
1.106224
0.571311
1.244187
1.168608
0.872262
0.949902
1.998239
1.385948
1.179099
1.296511
1.672604
1.973255
0.886434
1.146287
0.533220
0.704788
0.873650
0.677634
1.433895
1.184838
0.990083
0.938547
0.908699
0.906544
0.890322
1.395817
1.178156
1.051849
1.053533
1.581077
1.009930
1.273371
1.015537
1.174715
0.539841
1.137364
0.470362
1.053124
1.171651
1.361958
0.939939
1.468995
0.565612
1.424151
0.715021
0.423333
1.453751
1.888506
0.632650
0.888941
0.705558
1.465810
1.000203
1.558653
1.213016
1.088269
1.628004
1.385296
1.226806
1.922549
0.275765
1.054285
0.178890
0.489558
0.329140
1.304304
1.045441
0.786295
2.067003
0.688124
0.730780
1.285388
1.012861
1.046016
1.500664
2.743076
0.940383
2.552132
0.708631
0.878716
1.244793
0.402977
1.266612
1.068707
0.972866
0.701315
1.284893
1.022983
0.371939
1.568698
1.091706
1.020046
1.255408
0.498363
1.417341
1.138078
1.355401
1.431640
1.987629
1.115150
2.312039
0.445193
0.733788
0.544515
1.829856
1.224200
0.982674
0.756061
0.867487
0.945743
1.362504
0.816674
0.651094
0.444926
1.956162
0.651814
1.034414
0.747449
0.256717
1.254054
0.736330
1.637237
1.099615
0.882982
1.102091
0.435598
0.832126
1.806998
0.327950
2.360092
1.025671
0.293148
0.937772
1.227511
0.795832
1.424220
1.632928
0.947744
0.750161
0.952286
0.696635
1.164549
0.921419
1.748918
0.658332
0.964173
1.941938
0.948699
1.926182
0.865921
2.299710
0.943477
1.845248
1.508045
1.129699
2.068354
0.795955
1.290782
0.880380
0.767571
1.580048
1.435102
0.475775
0.818683
0.528500
1.108223
1.828741
1.292797
0.753240
0.883525
0.808020
0.949232
0.824691
0.885451
1.628681
1.549868
1.010197
1.151370
0.934001
0.609860
1.155155
0.998265
0.569439
0.633073
0.675669
0.803943
0.375380
0.765705
0.724634
1.310725
1.025718
0.915231
1.612858
1.730343
0.764349
0.871646
0.535551
0.975868
1.942030
1.618340
0.802934
1.467842
1.647275
0.946846
0.547825
1.510782
1.803058
1.143950
0.964204
0.978272
0.493929
0.755366
0.533953
1.251142
1.817145
0.733587
0.822124
0.629272
0.448788
0.673492
1.369862
1.481007
1.209712
0.646259
1.161082
0.921477
1.832770
1.129027
0.832232
0.665563
0.821361
1.304106
0.821274
0.864351
0.933936
1.167704
0.873741
1.496468
1.560836
1.014894
1.138560
1.808912
1.160412
1.285421
0.990199
0.932323
0.854631
2.613576
0.873279
0.877710
1.139687
1.203480
0.463791
1.345784
2.135828
0.287002
0.120506
0.826367
1.144359
0.997869
1.087373
1.682630
1.342718
0.477838
1.989626
1.403134
0.671850
1.158414
0.413879
1.309473
1.824450
0.561424
0.609057
0.645524
0.900650
1.236645
1.336491
1.133705
1.522512
1.366201
1.266018
0.728824
2.237326
1.465777
0.104386
0.775491
1.412409
1.638937
2.565230
1.142862
0.846781
1.549362
0.421813
0.968855
1.048902
1.241967
0.885808
0.619488
1.392607
1.437311
1.009430
1.818341
1.309590
0.588304
2.114627
0.744368
2.236826
0.624033
0.790372
0.696141
1.865119
1.296207
0.928960
0.487266
0.928963
1.726268
1.882245
2.066184
1.218433
2.027000
1.192160
1.077724
1.145805
1.140852
0.921833
0.938284
0.884395
1.513247
1.132148
1.434135
0.682337
1.447566
1.128824
1.184323
1.050690
0.327116
1.089433
0.603692
0.444323
1.558199
1.704966
0.709787
0.830980
1.157366
1.265079
1.181409
1.701836
1.115064
1.224354
0.960088
1.198202
1.397207
0.740595
1.142465
0.678035
1.356852
1.108843
1.335989
0.600873
2.293396
0.986217
1.141944
0.709039
2.124408
0.966053
0.709842
1.270933
0.948449
0.947520
0.967716
1.143433
2.378818
1.287468
0.948926
1.462616
0.789449
0.885518
1.424770
1.831933
1.527631
0.750898
1.362070
1.799901
0.896609
0.734196
0.793127
1.163393
1.241232
0.950900
0.722979
0.870288
1.025377
1.096610
1.057866
0.691707
1.765520
1.765487
1.024711
0.517189
0.665494
0.737903
1.389528
0.366362
1.658439
1.430596
0.328066
1.486417
0.894223
0.512370
0.704793
1.869158
0.971356
1.318389
1.301059
1.408178
1.274276
1.144102
0.316988
0.626555
1.354537
1.282596
0.723177
0.474284
1.492093
1.228339
0.935996
1.422354
0.458737
0.872312
1.968540
1.349521
0.659655
1.225109
0.372665
1.052786
1.314944
0.572205
2.119737
0.955278
0.556862
1.602983
0.663175
1.179567
1.250516
1.434908
1.356794
1.577179
1.295019
0.899668
0.685761
1.251780
0.755269
0.998662
1.530553
1.463924
1.295923
0.869781
0.574382
1.361338
1.122436
0.735416
0.791219
0.723473
1.367835
0.926450
0.792301
1.427139
1.579445
1.783834
1.505271
1.030845
1.258989
1.424028
0.922105
1.295313
0.115496
0.942502
0.260162
0.728024
1.355486
0.704278
0.984722
0.586394
0.933711
1.366121
0.669515
0.870371
1.020651
0.997500
1.792078
0.453194
1.685939
2.424004
0.919735
1.396292
0.823394
0.959283
0.862700
1.562147
1.036775
2.040408
1.030968
0.945685
1.724738
1.338233
1.281201
1.102458
1.226687
0.471759
1.564371
1.748147
0.674536
2.257519
0.885990
1.096920
0.659745
1.655690
2.466980
0.201218
1.083269
0.419663
0.973957
0.556693
1.089998
0.730496
1.434862
0.824388
0.338469
1.641183
1.797192
0.475280
0.699502
2.392542
0.804880
1.127473
1.904613
1.470734
0.902521
0.769632
0.766276
0.428504
0.599374
1.018796
0.907570
0.928354
0.966100
0.651168
0.854860
0.848978
2.117773
1.851270
1.829067
2.084169
1.058443
0.363544
0.423947
1.767213
2.164655
1.284573
0.901165
1.207516
0.714814
0.948789
0.680758
1.283537
2.164975
2.045230
1.019853
1.839262
1.336300
0.670530
1.596026
1.620519
1.334740
0.537152
1.448500
0.861385
1.791497
1.114757
2.013265
1.445819
0.614163
0.773212
0.814334
1.620230
1.175954
1.499115
1.048823
1.188307
1.184239
2.027129
0.558778
1.185595
1.808672
1.207271
1.116413
1.511261
1.149455
1.324016
1.084226
1.087719
0.293425
2.434486
1.368904
0.520889
0.936604
0.570840
0.844816
1.058702
0.877732
2.184818
1.590118
1.519894
1.562442
0.802928
1.084094
0.868939
1.290371
1.842200
1.598640
0.714678
0.455415
1.400000
0.785027
1.629979
0.707527
1.391166
1.625733
1.387078
1.104113
1.330826
0.734820
1.024583
1.057809
1.349395
1.307885
0.647788
0.837782
0.446949
0.780245
0.576967
0.521185
2.028406
0.869302
1.375832
1.170156
1.177043
0.440539
1.253509
0.700689
1.164718
0.721060
0.309232
1.519759
1.610125
0.937849
2.267258
0.833628
0.961768
0.894552
1.460291
0.784762
0.887983
0.299643
1.610691
0.845647
0.568329
1.379675
1.791240
0.693023
1.946125
0.792750
1.386072
1.100920
1.028867
1.144072
1.158531
0.547901
1.824667
0.911663
1.875422
1.078653
0.697945
1.268605
1.588687
0.326766
2.107412
1.265928
1.409342
1.298704
1.454877
1.216639
0.688496
1.276457
1.223030
0.585064
1.856757
2.328058
0.666631
0.652859
1.346014
1.769945
1.127713
0.978068
0.878899
1.582701
1.154641
1.370801
0.611642
1.177699
1.636452
0.743133
1.746991
2.011476
1.038460
2.363254
1.499033
2.123218
1.373922
1.265476
0.852358
1.456122
1.791116
0.878308
1.006359
0.748717
1.393221
0.897616
1.322454
1.024334
1.222557
1.243547
1.789389
0.457088
1.165638
1.757147
1.400344
1.582200
1.652354
0.724706
2.501122
0.513410
2.044175
0.835876
1.512289
1.312671
1.186186
1.421174
0.684158
1.705689
1.328461
1.775192
1.698967
0.996561
1.300083
0.828105
0.376303
1.357138
1.168697
1.237665
2.351976
1.098116
1.403356
0.877317
1.085130
0.533709
2.295402
1.387005
0.669399
1.850257
1.381060
1.251977
1.355042
1.244216
1.421130
1.201126
0.751105
1.211163
0.914033
0.949864
0.488648
1.382355
1.648540
0.163865
0.716544
1.167103
0.954446
1.023458
0.578565
0.860363
0.431678
0.705570
0.917149
0.909014
0.742529
1.355105
1.039305
1.337104
0.391086
1.626520
0.722518
0.936993
0.294566
1.638363
0.992423
0.143702
1.544917
1.207083
1.820108
0.813411
1.811138
1.070848
0.937260
0.919362
1.661939
1.813352
1.450565
0.578415
0.777543
1.706746
0.649234
1.215775
0.914205
1.251655
0.563641
0.576372
1.551264
1.713398
1.231869
1.336790
1.117729
1.113299
0.710268
0.896683
1.576828
0.593222
0.551291
1.574789
1.230927
1.846823
1.071271
1.181133
1.577004
1.046015
1.545863
0.996862
0.870104
1.303438
1.584922
0.361389
1.345656
1.519984
0.852571
1.006605
1.406464
0.387348
1.033276
1.504633
2.359865
0.914395
1.862801
1.221966
0.753392
1.177903
0.665772
0.372501
2.178680
1.844481
1.403989
1.089820
1.401872
1.332442
1.388926
2.796159
1.555232
2.101548
1.412495
1.733781
1.149403
2.915108
1.722468
1.027987
1.140680
1.587085
1.869639
1.159508
1.373948
0.735920
1.020978
0.909630
1.211572
1.126180
0.708886
0.701406
1.048709
1.517449
1.355769
1.238115
1.245376
0.434101
0.497588
0.993451
1.294742
1.173194
1.498178
1.127027
0.992122
0.889017
0.470370
0.488690
0.902084
1.453482
1.585927
1.265583
1.092816
0.182592
0.720859
1.033705
0.861346
0.395281
1.440157
2.041501
0.957032
1.300557
0.851166
1.445744
0.983642
1.124563
1.422956
0.563227
1.041402
0.830116
0.589695
1.580796
0.467715
0.514130
0.809985
0.607912
0.979924
0.922733
0.837942
0.990443
1.561852
1.743954
1.342103
1.186791
1.166212
0.292271
1.329939
1.797491
0.789189
1.449356
1.088501
1.685961
1.208660
0.752134
1.526450
1.603190
2.203792
2.222362
1.024165
2.101830
0.662000
0.793835
0.584372
1.067715
2.626946
1.694896
0.634795
0.327878
1.273874
0.912614
1.111536
1.230560
0.799273
1.202453
1.226346
1.266228
0.990214
0.934341
1.164928
0.789740
1.062156
0.939012
1.482518
1.195699
1.072834
1.297583
0.799555
1.872067
1.073467
1.730871
1.590697
0.999648
0.523976
1.081339
1.448669
0.736371
1.109642
1.880301
2.077843
1.409146
1.614995
2.204934
0.460378
1.345128
0.664042
2.154593
0.442746
1.482765
2.263472
1.380874
0.823131
1.432411
1.755251
0.996845
0.854641
1.581047
1.187756
0.995905
0.961207
0.436950
1.616349
0.911159
1.495175
0.786976
1.655792
1.925825
1.019626
1.619361
1.340890
0.725398
0.471414
1.908418
0.723313
1.712261
1.438761
1.225884
1.744752
0.609102
1.161794
0.722364
0.518711
0.922104
0.752455
0.652417
0.967817
1.021543
1.156690
1.071066
1.063521
1.300879
1.838723
0.609449
0.882466
2.070293
0.924157
0.437034
0.895513
1.288629
2.185848
1.801719
0.545099
1.473451
0.677542
1.901279
0.595162
1.514104
0.945615
1.711632
0.871236
0.830941
1.250934
1.154064
0.888267
0.271867
1.422750
0.415078
0.396407
1.981987
1.522898
2.286431
2.313178
1.193308
0.723279
0.781695
0.433481
1.393674
1.084652
0.818496
1.491320
0.715698
0.611445
0.964376
1.841785
0.284133
1.731321
2.240090
1.433595
0.779684
0.835513
0.982962
1.155269
1.190442
1.038720
2.233587
0.754672
1.556586
1.674293
0.566039
1.515053
1.161502
1.284731
1.909604
1.207649
1.554011
1.738262
1.818050
0.788895
0.374378
1.737311
0.923480
1.412300
0.471656
1.892792
0.205926
1.954293
1.609627
0.872431
0.701908
1.191460
1.975880
1.929514
0.795731
1.489017
1.438674
0.864310
1.863016
1.121153
1.529397
2.309794
0.556513
0.731310
2.009614
1.795254
1.125713
0.697274
2.525954
1.025904
0.525614
1.700609
1.041561
1.231746
0.608507
0.282909
0.790330
2.259044
1.491014
1.542776
0.834286
0.810124
1.635741
1.011235
1.508849
1.661252
0.623456
1.625269
0.506101
2.126639
0.986251
0.430796
1.249445
2.010414
1.044053
1.261159
0.999167
1.343214
0.618805
0.542429
0.293594
0.486882
1.117369
0.521528
1.005344
1.099133
0.486429
1.804522
1.004446
0.494487
1.963249
1.759736
1.408752
0.326123
1.001847
0.522155
1.648565
0.856973
0.937568
2.041623
0.967376
1.239648
0.658389
1.625578
1.173019
1.440465
1.837363
0.590918
1.427344
1.002160
0.979774
2.074026
1.211262
1.898837
1.029035
0.860788
1.008502
0.792048
1.129354
1.042942
0.616933
1.606776
0.632837
0.241450
1.471427
1.504834
1.424097
1.015645
1.145975
1.441368
0.543681
1.544831
1.212943
1.097353
1.332985
0.921736
1.677926
0.795383
0.392236
1.109828
1.898790
1.689207
2.136349
1.109033
1.593559
1.477861
2.103689
0.489849
0.994046
1.005347
1.691506
0.970310
1.916914
0.978854
1.750817
1.187359
2.009144
1.834025
1.261065
1.069659
1.170261
0.901405
0.462661
1.226485
1.806839
1.696339
0.916616
2.105616
1.505770
0.982604
1.032721
1.380401
1.501620
1.537315
1.840110
0.528028
1.286820
1.451434
1.172069
0.985804
0.979506
1.369955
0.681547
1.369717
0.728002
1.185665
0.332441
1.235387
0.773793
1.856207
1.091514
0.850754
0.753319
1.528222
0.831266
2.355005
0.407711
0.243367
1.238649
1.266689
0.785323
0.496587
1.478878
1.744047
1.516534
0.383152
1.476172
1.033427
1.347439
1.901330
0.521565
1.004957
1.451599
0.734013
0.565549
0.810111
0.996432
1.207538
0.832922
2.627463
0.926143
1.661942
1.293058
1.279639
1.173587
1.041428
0.742505
1.771613
0.382005
0.811301
1.060675
0.593334
0.839816
0.687625
0.768709
0.861069
1.409736
0.493853
2.050186
1.088254
1.068530
1.071485
0.977621
1.832890
0.413855
1.638252
0.499423
1.148888
1.173765
1.362167
1.210543
1.346684
1.177442
1.164956
0.985973
0.803891
0.561778
1.001838
1.538432
1.321769
1.161922
0.643004
0.416440
1.103153
1.371613
0.628005
0.419037
0.865891
0.777454
1.161801
0.740866
1.492549
0.806230
1.104685
1.241318
1.266253
0.342989
1.052423
1.349385
1.226949
1.208482
1.580871
1.435404
1.136725
1.116686
1.418772
1.241705
1.698506
0.886794
1.938007
0.914274
2.029237
1.231496
2.327329
2.087594
1.529374
1.374442
1.030440
0.870647
1.128959
1.693231
0.919407
1.073358
1.157048
0.684427
1.576962
1.127162
1.357033
0.857369
1.249618
1.340973
1.324006
0.560518
0.528904
0.890651
0.400562
0.639674
1.214142
0.754697
1.549441
1.877727
1.303679
1.374739
1.154905
0.716277
0.891917
1.131524
1.577182
0.850095
1.610336
0.588191
0.954085
0.950835
1.252184
0.747259
0.626127
1.210226
0.958252
0.379151
1.721116
0.931433
0.999020
0.994803
1.377928
1.885383
1.703765
1.937343
0.879330
1.467611
1.046031
1.030936
1.899167
0.499393
1.145559
1.086723
1.177532
1.581799
0.666526
0.915340
1.308537
2.075767
1.923767
2.344754
1.258035
0.881283
1.624475
0.724901
1.105074
1.311663
0.308027
1.667226
1.674954
0.380080
1.435865
0.868140
0.166324
1.648227
1.020508
1.423842
1.212223
0.600766
1.286925
1.576208
0.487557
0.938848
0.720893
1.395101
1.371226
1.564963
1.120862
1.683994
1.103144
0.775277
1.540486
1.044261
0.676129
0.892741
0.693184
1.470150
1.038483
0.878843
1.708719
1.148751
0.284904
1.588026
0.997803
0.491361
0.618558
0.489215
0.490405
0.594614
1.181375
0.759421
0.966739
0.933667
1.440199
1.234330
2.015445
0.753032
1.153148
1.552922
1.080889
1.546406
0.748666
0.755533
0.369446
1.021976
1.431828
1.875042
0.656953
0.951789
0.619258
0.990873
1.203643
0.604642
0.927019
1.595147
0.275386
0.730195
0.970115
0.809865
1.578809
0.202492
1.772481
1.646696
1.183046
0.590949
0.771599
0.950461
1.379080
1.046501
1.094818
0.882198
1.539238
1.234955
0.945001
1.067779
0.882160
0.803056
1.010375
1.629794
0.630957
0.417277
1.756091
0.804602
1.284349
1.273762
1.292298
2.395811
1.153685
1.259272
2.354478
0.929493
0.353016
0.695471
0.577089
1.945921
0.784357
1.142969
1.399661
2.829887
1.237807
1.509436
1.281178
1.649957
1.254313
0.837168
0.594103
1.340327
0.566570
0.442508
0.525828
2.641010
1.366261
0.517920
1.292309
1.012464
1.385682
1.321997
0.828752
0.499673
1.594796
2.108062
1.910729
0.912739
1.340922
0.739014
0.824057
0.879830
0.952238
1.321715
1.859069
0.749344
1.673142
0.822478
0.828557
2.196996
0.565200
2.670225
1.613384
1.185383
1.531770
1.708583
2.371313
0.217107
1.410184
0.600932
2.312513
1.524625
1.025087
0.980239
1.340245
1.625381
0.530913
1.080455
1.236446
0.958572
1.244013
2.884858
0.729060
2.045549
1.836486
1.391438
0.612200
1.377339
1.165699
1.774361
1.951713
1.666914
0.575372
1.003516
0.887983
1.993704
1.107047
1.183606
0.537752
0.551638
0.821621
0.348901
0.188891
1.844173
1.590690
1.307883
1.056100
1.206663
1.809932
0.749678
2.434555
1.226355
1.704103
0.919201
1.933377
1.506013
1.394302
1.367281
0.503138
0.863025
1.302078
1.628817
1.271032
1.017366
2.062472
1.943115
1.214176
0.657141
0.971626
0.967478
1.468925
0.616544
0.384454
1.411013
2.009449
2.386299
1.317049
1.113499
1.183600
1.535885
1.129919
0.831150
0.913501
1.076651
1.336421
1.236977
1.193399
0.536704
1.295847
0.507768
1.531891
1.384214
1.691511
1.664698
1.114139
2.025001
0.868980
1.364585
0.901801
0.417473
0.291923
0.960230
1.484706
0.759993
1.762848
0.964792
1.547131
0.977186
1.302463
1.086237
0.330796
1.106507
1.317176
1.502859
1.286684
0.800951
0.900207
0.765065
0.978599
1.202903
0.798004
0.395604
0.871045
0.934037
0.763766
1.627850
1.634192
0.724986
1.697499
0.766069
1.199979
0.932561
1.312924
1.120097
0.741071
1.002101
1.023776
0.909436
2.335358
0.831196
0.915861
1.405516
1.338168
0.737409
0.575542
0.583889
1.200910
1.050142
0.728737
0.975285
0.949392
0.226057
2.133744
1.888978
0.621752
0.560079
2.380495
0.417012
1.367879
1.381539
1.324633
0.997519
0.790893
1.808254
1.580402
1.004224
2.068847
0.731852
1.819866
0.716883
0.806678
1.338007
1.465634
1.722080
0.695891
1.419729
0.901524
1.458555
0.730858
1.264328
0.773327
2.214567
1.246716
0.579621
1.269525
0.553128
1.500718
1.274692
0.910644
0.911316
0.450201
1.583027
1.105140
1.345985
1.059207
0.560648
1.130976
0.937174
1.110571
1.168650
1.715211
2.058818
1.202922
0.834159
1.770897
1.273658
0.562802
2.009976
0.422558
0.790908
0.840517
0.809562
1.732285
1.954853
1.222283
0.813490
0.781439
1.030032
1.804770
0.700845
1.556243
1.186996
1.462025
1.541099
0.675918
1.504105
1.330524
0.869863
0.752705
1.490340
0.557877
1.820658
0.853868
1.018147
1.263921
0.930309
1.936998
1.454525
0.867481
0.707185
0.820089
1.555155
0.675268
1.091136
1.126285
0.531228
1.595961
1.054939
1.234541
1.046184
1.505435
0.801056
1.146374
2.012795
2.628581
1.041937
0.977905
1.390821
0.788918
1.383956
1.378969
0.537620
1.269902
1.292103
0.842858
0.805970
0.810582
0.529334
0.406200
0.710885
1.791914
0.742955
1.236719
2.101379
0.924376
1.081908
0.681078
0.565370
1.466510
1.554556
0.468334
1.232832
1.440772
0.668223
0.614052
2.000639
0.705555
1.246472
2.082234
0.954023
0.597511
1.833452
1.435665
1.892124
0.817355
0.469508
1.560215
0.961625
1.554566
0.624096
1.553233
1.621423
1.151279
1.162016
1.071737
1.888993
0.982872
2.487650
2.819521
1.948977
1.670137
1.054286
2.242272
0.654250
1.171329
0.833326
1.119901
0.577742
0.836605
1.046390
0.390085
0.624635
1.405761
1.589080
1.797871
1.507725
0.727748
1.333340
0.709002
1.511929
0.435391
1.048600
1.196956
1.410045
1.522324
0.847493
0.686159
0.894578
1.367398
0.900270
1.983894
1.792515
1.356671
0.431762
1.885528
0.641615
1.466132
1.135062
0.827714
1.112620
1.358503
1.253307
1.590434
0.861397
1.413218
1.899763
0.826016
1.453911
1.527337
1.423445
0.461837
1.228045
0.467876
1.822978
0.985720
0.861607
0.621288
0.478564
0.954498
0.495113
0.327674
1.671144
0.205217
2.184140
0.948434
0.710394
0.825059
1.030476
0.551937
1.341933
2.034798
1.109114
0.947338
0.658970
1.831233
0.903599
0.580761
0.608627
1.402778
0.977486
0.390131
1.180869
0.237751
1.368656
1.501076
1.098278
1.441676
0.791667
1.591030
1.664523
0.256800
0.931545
1.829905
1.294056
0.787139
0.420701
1.365963
1.659788
0.500055
1.191691
0.654313
1.121393
1.523605
1.175624
0.906339
1.300374
1.811837
0.236677
0.484301
0.749473
1.295414
1.449853
1.165109
1.749541
1.109041
1.308275
0.566907
0.756135
0.859826
0.839407
1.408055
0.663880
0.931623
1.168506
1.702313
0.897796
1.323833
1.423233
1.825974
0.355749
2.422552
0.836872
0.851501
2.076143
1.605582
2.015411
0.571390
0.958558
1.497139
0.568986
1.724686
1.630842
0.693123
0.365302
1.802867
0.678840
0.617569
0.293846
1.148888
1.153907
1.278283
1.644139
0.668054
0.321821
1.578349
1.158883
1.749853
1.527616
1.082902
0.295090
0.361762
1.285480
1.643707
0.925086
1.233572
0.960838
0.766715
1.697574
0.938943
0.736633
1.862525
0.812406
0.969722
1.039127
1.732438
0.826783
0.724330
0.793174
0.829256
0.323336
1.459541
1.217133
0.828916
1.434744
0.830529
1.044387
2.087334
1.592889
1.106696
1.541147
0.950810
1.533377
0.395757
0.946647
0.801995
0.737279
0.905224
0.360744
0.645700
1.248842
1.425503
1.270192
1.042078
0.962225
1.077958
0.742939
0.626388
2.420031
1.987556
0.781174
1.176259
0.651782
1.128762
0.708686
0.606065
2.283615
0.819341
2.249866
0.106860
1.466879
0.370479
1.340990
1.929125
0.719269
0.514308
1.296902
0.670139
0.823512
1.469153
0.822443
0.785723
1.913000
0.898884
1.319552
1.653260
0.862619
1.227024
1.701202
1.590682
1.318059
1.309960
0.730254
2.271832
1.682388
1.898234
0.784942
0.696277
1.106270
0.352815
0.919348
1.570148
0.577503
0.801695
1.170046
0.720594
1.413242
0.827250
2.767234
1.066232
1.076521
0.646093
0.670226
1.622250
1.915539
0.825716
0.861264
2.244501
1.469112
0.887625
1.352030
1.014481
1.063735
0.841489
1.244266
0.965773
1.685210
1.321817
1.118620
1.637276
1.429245
0.825803
1.261279
1.003592
1.379006
0.364436
1.425636
1.060723
0.688533
1.572380
0.711861
1.264370
0.685810
1.433072
0.857582
0.909003
0.331105
0.332690
0.525802
0.589164
1.790165
1.074346
1.356907
2.321903
0.407808
1.480078
0.731344
1.991556
0.186179
0.809312
0.785214
0.820713
1.582016
0.778581
2.393247
0.557352
1.304914
0.892789
1.477939
1.155981
1.505719
1.218584
0.906649
1.258339
0.835731
1.593315
2.228954
1.038693
1.339713
0.565386
1.284877
1.852357
1.314261
1.083983
0.465401
0.307914
2.007831
0.381806
1.090625
1.097162
0.822574
1.346237
1.007732
1.288426
0.884985
1.382783
2.098942
0.430564
1.906189
1.171673
1.583645
2.030201
1.430673
0.753417
2.095479
0.644383
1.071632
0.941276
1.519017
2.179224
2.239914
0.459261
1.668479
1.020448
1.278212
0.809002
0.793376
1.832567
0.516427
0.635042
1.640941
0.957239
0.855426
1.052940
1.453340
1.353623
0.772241
0.978255
1.181956
2.147709
0.697845
0.303022
0.652455
1.322394
1.082923
1.313647
1.318067
1.167817
1.171986
0.484981
1.152153
1.995741
1.034213
1.667106
1.301702
0.739037
1.064391
1.718330
0.772251
0.746019
1.297969
1.648532
1.208730
1.452155
0.995294
0.834745
1.350104
0.810056
0.562864
1.268350
1.093886
0.173049
0.343893
0.898695
0.800217
0.407656
0.411806
0.648622
0.976304
0.732101
1.172146
0.634768
1.115079
1.009186
0.873134
0.414988
0.709011
0.923217
0.791657
0.794241
0.887486
1.191804
0.930990
0.652819
0.808381
1.346207
0.732048
0.636433
1.314905
0.636663
1.213262
0.660389
1.786301
1.005478
0.814801
1.467895
1.506438
0.742747
1.467846
1.186616
0.318879
1.273549
1.176806
0.315950
1.219066
1.880926
1.430967
0.793560
1.209825
2.050794
1.149826
1.689283
1.257966
1.194116
1.000916
1.851795
1.157958
0.529713
1.654265
1.039455
1.842671
0.611039
1.229795
0.939878
0.358562
1.382511
1.335710
2.072047
1.031166
1.680286
1.050208
0.268524
0.860693
0.893246
0.862849
1.201984
1.381408
1.568532
0.260785
1.025894
0.870534
0.886290
0.739431
0.749549
1.755220
0.778644
1.226967
1.266628
1.359835
1.410465
1.557230
0.731018
0.884991
1.858214
0.733585
0.890971
1.119865
1.096470
1.068308
1.087466
0.575985
0.651066
0.669897
0.986496
0.375810
0.324387
1.416707
2.159128
1.008092
0.515605
1.428281
1.976516
1.474338
1.842902
0.536542
1.245703
0.960562
0.650886
2.945806
0.963361
0.420911
1.337728
0.926560
1.465366
0.615827
0.707591
0.329120
0.488931
0.661352
1.443853
1.240506
1.689126
1.157382
0.781783
1.275905
0.777571
1.007811
1.258885
1.350949
0.925352
1.407341
1.321743
1.035042
0.803729
1.137237
1.530857
1.375076
1.290078
0.864610
1.632558
0.952796
1.175227
0.659479
0.690254
0.684331
1.165817
1.110452
0.945894
0.945328
1.815355
1.694655
2.675987
1.685642
0.758629
1.664623
2.538051
0.843443
2.130824
1.137057
1.723438
1.580421
2.058291
0.788072
1.285446
1.637724
1.713932
1.419069
0.900897
1.727885
1.262437
0.698881
0.871722
1.085856
1.194625
1.543649
2.069291
2.084508
0.519526
1.748655
0.708908
0.563325
1.167498
1.282949
0.895261
0.561133
0.705267
1.158109
1.012379
0.858986
1.644015
0.908015
1.354310
1.068022
1.693858
0.850626
0.672731
0.328387
0.567421
0.918360
0.895409
1.345928
1.385518
1.061589
0.345845
0.401646
0.907935
1.110807
0.513458
1.586647
1.386601
0.869298
0.970496
0.894096
1.370880
1.459036
0.554493
0.910584
1.149180
1.324680
0.879727
1.517514
0.596716
1.511976
0.528619
0.739371
1.290183
0.562823
0.921204
1.495948
1.918055
1.437344
0.585770
1.756916
0.641711
1.555923
1.468383
1.611965
0.856746
0.716288
0.585459
0.809800
2.276553
1.571167
0.951370
1.740666
0.988301
1.336315
0.842371
1.377262
1.103753
0.824593
0.626306
0.341355
1.958708
1.516548
1.487245
0.853193
0.592076
0.890759
0.654218
1.883889
0.974702
1.450826
0.807527
0.389502
0.734288
0.677861
0.588685
0.990823
0.805181
0.827788
0.899686
1.064496
1.770109
1.353673
0.718091
0.865069
1.030420
0.416656
0.811727
0.639202
0.460729
0.611149
1.154434
1.245781
1.531434
2.700015
1.535160
1.198530
1.484761
1.367980
1.570699
1.431313
0.931733
1.018907
1.430588
0.693742
1.349884
0.555279
0.595129
0.715028
1.183758
1.490023
1.503240
1.802163
1.335593
1.324978
0.916251
1.644332
1.316926
1.099161
1.733611
1.508776
1.315119
1.123582
0.901272
0.905520
1.271145
1.018816
0.649752
1.729838
0.785296
1.274696
0.429238
1.131559
1.207790
2.654545
1.190638
0.621363
0.932968
1.279445
0.440335
1.681294
0.408020
1.307644
0.241725
0.912059
1.818757
1.446056
0.695167
1.381577
1.237667
1.008123
1.062928
0.593399
1.417842
0.754363
1.591114
1.161500
1.972308
0.769969
0.568654
0.901607
1.300415
0.710848
0.598626
1.184410
2.293509
1.311772
1.736773
0.951580
0.798573
1.458044
0.846738
1.595153
1.083340
1.156752
1.529349
0.860523
0.536404
0.932585
2.132998
0.702033
0.999646
0.832140
0.608263
0.555245
0.610945
1.935774
2.032524
1.797230
0.988300
0.505428
0.427625
1.318156
0.589889
0.969660
1.788936
1.716506
1.104431
0.931216
0.365361
0.732557
0.862943
1.123097
0.975641
1.716773
0.864951
1.192041
1.251602
0.674311
1.138604
2.115795
0.723410
1.250986
1.422347
0.395949
0.858922
1.159622
1.690973
1.358190
1.269508
1.270061
2.231416
0.672077
0.826072
1.075443
1.845752
0.156378
0.680995
1.464325
1.166103
0.641730
0.715558
1.495641
0.601909
0.656141
1.394050
1.136673
0.271871
1.251718
1.280800
0.924117
0.722380
1.242692
0.679361
0.909760
1.120565
1.190309
1.428594
0.428379
1.210943
0.428362
1.769941
1.085682
1.462635
1.344093
1.060153
1.505212
1.313091
1.108961
1.383625
1.753873
0.999272
0.333003
2.186090
1.410727
2.042234
1.027901
2.195796
1.409839
1.089464
0.824123
1.005915
0.719245
1.422384
0.513904
0.481179
2.493911
1.034841
0.582915
0.620622
1.038567
0.927879
0.906981
1.571996
0.661366
1.029145
0.887169
1.275786
0.471153
0.620093
0.858040
1.011554
1.158081
1.561086
0.554620
0.881176
1.148480
1.356214
1.342924
1.103813
0.887767
1.333772
1.019745
1.381104
1.127101
1.391591
0.384966
1.093425
0.763908
1.835014
1.329798
0.699202
1.003294
0.891940
1.343452
0.903080
0.737582
1.442545
1.779047
0.696124
0.917248
1.566317
1.551251
1.441404
1.531419
1.502243
1.254490
0.742386
1.428835
0.541660
1.246744
1.261423
1.077148
1.312380
0.743508
1.731273
1.145869
0.398891
0.980897
0.462509
1.811106
0.919567
1.477035
0.777723
1.305169
1.721072
0.640772
0.646558
1.358673
1.340066
1.065472
1.140450
1.058474
0.738210
1.389694
1.146663
1.079126
1.320861
0.803357
1.197321
1.204002
1.525129
1.237534
2.055353
0.904615
1.020165
1.269669
1.046306
1.084889
1.375195
1.118841
1.043860
1.115575
1.203647
1.362054
1.826336
0.818480
0.522006
0.722038
1.578913
1.255225
0.960588
0.673629
1.022640
1.099017
0.817181
0.637317
1.913983
1.438499
0.457291
1.086484
1.761844
0.943938
1.234163
0.819533
0.852378
1.033577
0.536508
2.107638
0.566754
0.990293
1.637690
1.979150
0.932905
0.937021
2.764064
1.104310
0.642021
0.916613
0.717702
1.342494
2.231766
0.683798
1.220625
1.171070
1.655518
0.862501
1.034215
1.861945
1.148714
1.569463
0.285625
1.516672
1.554317
0.914041
1.130544
1.305407
1.680553
1.207666
1.526161
0.952962
1.130820
2.025530
1.047520
1.499327
1.063791
1.255878
0.486332
1.304984
2.588568
0.617804
0.973823
0.370678
0.695363
1.735355
1.487824
0.727606
1.636127
1.568254
1.040692
0.193825
1.640620
0.596789
1.279245
1.003262
1.141630
0.869063
1.015259
0.263484
0.796952
1.404172
1.405600
1.447876
1.158162
1.242868
0.680768
1.033138
0.287227
0.777451
0.964107
1.813531
1.070811
2.066973
0.956329
0.803855
1.094852
1.207542
1.792362
1.512448
0.176324
1.137431
0.867996
1.140391
1.058862
1.014821
0.749705
1.535185
0.781495
1.403984
0.786680
1.352403
1.755669
0.773826
0.608353
1.010919
1.798163
1.289609
1.083712
0.502121
0.360031
0.694735
1.683637
1.576040
1.054171
0.952870
1.310161
0.661602
0.163676
1.539317
1.521114
2.247506
0.846934
1.564498
0.993329
0.899923
1.288265
0.945769
1.637669
1.108293
0.847193
1.170547
1.493232
0.936750
0.548545
1.294765
1.421438
0.535544
0.563765
1.990175
1.052222
0.831177
0.563911
0.963168
0.790226
1.935460
0.764374
1.616485
0.694311
1.558941
1.624148
1.272203
0.964303
1.596277
1.809988
0.245302
1.530045
2.299336
1.084362
0.738364
1.591800
0.159568
1.795986
0.625805
1.412678
0.588654
1.180732
1.781460
0.892773
0.969348
1.055712
0.567814
1.177114
1.594607
0.503104
1.120232
1.005790
1.014017
1.966434
0.303902
2.335530
1.474197
0.706087
1.311117
0.662300
1.180843
1.125900
0.357562
0.881470
0.918213
1.168107
0.565103
1.252634
1.031827
1.171714
0.801086
1.585412
1.219576
1.316694
1.620611
0.985083
0.631721
2.221271
0.856371
1.501884
1.158420
1.091101
1.506906
1.026871
1.333285
1.010854
1.727571
1.716755
0.906104
0.566296
1.017213
0.449212
0.688533
1.016520
1.007851
1.687482
1.453906
1.098311
1.190319
0.768563
1.067664
1.105374
0.870530
1.077041
0.870592
0.906994
1.282327
0.927766
1.320430
0.517827
1.207433
1.724076
2.088439
0.867684
0.359265
1.774175
0.891472
0.480355
0.872775
0.513711
1.058037
1.267411
0.896940
1.689682
0.961596
0.999635
0.783600
0.619442
1.656667
0.351137
0.441232
0.914909
0.864839
1.038936
2.408322
0.298031
1.123997
1.149142
2.538649
1.005922
1.073283
1.859690
1.084833
0.881065
1.208993
1.282881
0.976861
1.376493
1.766370
0.810981
0.596507
0.430784
0.973192
1.081867
0.603057
1.431300
1.476638
1.604030
1.323320
0.834606
1.471817
1.619893
0.996519
0.466889
1.566232
0.386221
1.421244
0.929008
2.202251
0.363777
1.199340
1.371880
1.283921
1.205607
1.133641
0.979823
1.699876
1.062033
1.735097
0.973510
1.148831
1.992640
0.530157
0.438368
0.528263
1.107605
1.373505
0.888043
0.671444
1.269535
0.769763
1.116175
1.050963
1.245812
1.849162
0.891402
1.329292
0.623220
0.882186
1.302347
0.957741
1.904944
0.864332
1.165649
1.700411
0.793781
0.637266
1.694988
1.658575
0.704502
1.561273
0.559641
1.841447
0.584292
0.901746
0.983111
1.247113
1.638713
0.679304
1.988892
0.878306
0.338758
1.590776
0.332439
1.093948
1.644562
2.770449
1.195552
1.398952
1.576215
0.796087
1.677041
1.026883
0.799242
1.294839
1.265322
1.747362
0.906307
0.755339
1.465053
0.854823
1.357449
0.561561
1.281509
2.100830
0.853134
0.497063
1.050975
0.489515
0.694349
0.772808
1.057975
1.166961
0.776372
0.494182
0.749390
1.710618
0.934668
1.118747
1.133166
0.442109
1.275082
0.805630
0.496483
0.816049
1.322450
2.218660
0.864435
0.358718
1.284209
0.734947
1.502967
1.818859
1.722059
0.663932
0.869380
0.959508
1.301292
0.464155
1.158246
1.263912
1.147890
0.843129
1.977059
0.558155
1.400841
1.249508
1.043587
1.026659
1.880877
0.466549
0.317118
1.429426
1.208217
1.188658
1.447478
2.842463
0.843384
0.935261
0.871913
0.454076
1.429186
1.387928
0.800188
0.704505
1.180880
0.628150
0.491272
1.904235
0.745544
0.948847
1.424552
0.736667
0.553272
1.583260
1.576811
1.323854
0.951306
1.655608
0.640344
1.753373
1.482657
0.478002
0.705626
0.992060
2.415293
1.857102
2.361611
1.189233
1.390881
0.518707
1.559907
1.312767
1.030443
1.136780
1.551646
1.200427
0.803144
0.978453
1.520873
0.617305
0.753664
1.582634
1.296587
0.550070
0.888997
0.755033
0.888093
1.179771
1.862423
2.175976
0.980001
1.431445
1.190354
0.712671
0.391386
0.535269
1.212703
0.588171
2.646433
1.256065
1.853873
1.879063
1.212296
0.687000
0.948154
1.364205
0.565878
0.923531
0.615978
0.825701
0.816382
1.366594
1.186006
0.663756
1.151172
1.660950
2.141195
0.662828
2.606582
0.709614
1.136960
1.748164
0.882142
0.496756
0.502354
1.164597
1.478524
1.220296
1.261768
0.777446
1.268545
1.670543
0.234577
0.372948
1.072174
1.794620
1.244731
1.364508
0.699271
1.289804
0.644710
0.557084
0.637432
1.148085
0.671767
1.907330
1.803759
1.393957
0.717443
1.083329
1.733003
1.125057
2.376065
1.314208
0.903709
0.931620
2.275297
0.795324
0.972335
1.645918
1.268787
1.335100
0.553909
1.676581
0.574645
1.504595
1.243052
0.941659
0.910539
2.212627
0.278376
2.390005
1.494987
1.288376
1.749130
1.218467
1.687014
1.143815
0.920203
0.243335
1.363674
1.783861
1.157628
1.205548
2.001649
1.527839
1.023035
0.770775
0.770961
1.361954
1.159346
1.384779
1.449120
1.455884
0.885450
0.684292
0.440190
0.975307
2.834119
0.894107
0.849945
1.267850
1.954039
1.461852
0.832273
1.301130
0.638785
1.440041
0.765788
1.386414
0.961749
1.246876
1.106484
1.720219
0.537708
2.034539
0.425777
0.632675
0.836063
0.824913
0.390300
1.893982
0.910146
0.766223
1.602797
1.481767
0.586797
0.900899
0.666840
1.009225
1.408339
1.420632
1.147459
1.217381
1.912021
0.484191
1.399505
0.926994
1.225909
2.076424
1.404496
1.246384
1.873994
1.158056
0.619838
1.480504
0.912098
1.169119
1.511752
1.581233
0.911257
1.157292
1.301646
0.628764
1.950918
0.876136
0.441485
1.237372
0.764550
0.831626
1.462719
1.152962
1.500303
1.306208
1.589742
0.430592
0.833434
1.009504
1.018836
1.366248
1.885436
0.736694
0.979086
1.885976
2.078910
0.911726
1.571578
1.373926
0.260456
0.868462
0.984002
0.920728
1.591094
1.771079
0.143018
2.074108
0.579186
1.053537
0.877581
1.259503
2.332439
1.647264
0.616248
1.042411
0.482410
0.890000
1.331016
1.010030
1.830458
1.154967
2.249863
0.664364
1.825800
2.546339
1.223254
0.722621
1.305924
1.365835
0.827570
0.957709
0.585848
1.571059
1.468557
0.887411
1.659020
1.607844
1.250024
0.861735
0.419220
1.231146
1.030142
1.491395
0.599420
0.984730
1.006974
0.356937
1.276777
0.351543
1.281208
0.766043
1.146783
1.212304
1.066359
0.347944
1.705326
1.138226
1.318476
1.598074
1.146587
2.028191
1.413613
1.252767
1.543732
0.841153
0.933540
1.067129
0.427815
1.575609
1.808803
0.919338
1.155082
1.310406
0.484623
2.032088
1.758182
1.285859
1.633172
1.014026
1.591566
1.054736
0.780448
1.094151
0.660925
0.313532
0.842104
0.824115
0.705511
1.001904
1.522656
1.945595
1.327315
1.568382
1.340143
0.683341
0.880881
1.592280
0.567825
1.005543
0.675468
2.037139
1.818821
1.437271
1.514022
0.559180
1.450047
1.106675
0.958866
0.824601
1.163183
1.190534
1.127612
0.978397
1.339733
0.958517
2.886145
1.330423
1.305499
1.036168
0.501822
1.273920
0.541918
1.258056
1.030094
0.616422
1.220686
0.486448
1.481355
1.384481
1.322037
0.590075
0.505331
1.529118
0.933784
1.603031
1.179211
1.255401
1.609442
0.881542
1.483703
1.779792
0.558732
1.076590
0.567255
0.726273
0.745997
1.401322
1.914818
1.631178
1.232331
1.663042
0.811747
1.004019
0.626838
2.135740
1.106950
0.620489
0.284377
1.465386
0.474636
0.888012
0.692782
0.194772
1.634495
1.356257
0.985025
0.362814
0.985932
1.568896
0.810378
1.510782
1.232582
0.890120
1.523363
0.548382
1.111713
1.251153
1.081377
1.059397
1.724312
1.684783
0.614021
1.952151
0.692187
1.512574
0.836545
0.943290
1.674800
0.771384
1.247780
0.760259
0.406311
1.734001
1.449498
0.800086
0.536969
0.757594
0.394077
1.953532
1.914518
1.384752
1.380848
1.015070
1.340147
0.821861
1.807205
0.969450
1.622691
2.209403
1.197477
1.674732
1.439542
1.176827
1.006875
0.647536
0.619663
1.149120
0.777363
0.948476
0.792580
0.438974
0.468047
1.971811
1.363428
0.721248
1.423566
2.012533
0.617238
1.392651
0.675166
0.654801
1.233795
1.084946
1.222704
1.898472
0.963324
0.153888
1.668455
1.398671
2.031053
1.036469
0.797721
1.245530
2.491616
0.287532
1.765874
0.826943
0.478787
1.146671
1.124589
0.885452
1.655726
0.469978
0.585277
1.153192
1.433442
1.431257
1.771687
1.812617
1.259213
1.306696
0.808168
1.981287
1.881635
1.170838
1.422613
1.162734
0.679987
1.730144
0.855793
2.017834
1.895820
1.259824
1.274382
0.880438
1.140389
0.881056
1.097968
1.557894
0.887371
0.917633
0.594718
1.612487
0.997870
1.604724
1.260988
0.436799
0.867112
0.523485
1.514272
1.325777
1.179643
1.319110
1.374824
1.226431
0.882223
0.591381
0.745455
1.115116
0.673604
1.009744
0.176888
1.875509
1.506375
0.693476
0.670011
0.793106
0.877474
0.528278
1.356983
1.335025
1.506946
0.391494
1.548367
0.703494
0.977096
0.972965
0.774988
0.589499
0.945279
2.767119
0.908583
1.600888
0.972274
1.582744
1.095312
1.741705
1.111986
1.860531
0.801473
1.152418
1.443561
0.766609
0.668200
1.508757
0.719609
1.067107
1.147119
2.197590
0.915079
1.381695
1.207249
0.948711
0.864716
0.940713
0.974282
0.840283
1.151070
0.924816
1.150197
1.463473
0.810015
1.018166
0.802795
0.642169
1.133456
0.998346
1.655064
0.809472
1.637883
0.601485
1.654905
1.113764
0.408148
1.668349
0.523768
1.109321
2.176519
0.972415
1.616143
0.486783
1.035840
1.256907
0.577210
0.528132
0.346853
1.532157
2.026628
1.136282
1.215446
1.196492
0.854773
1.363221
1.643910
1.771911
1.162139
1.311539
1.015859
1.244079
0.801858
1.324644
0.735368
0.931159
1.529839
0.845832
1.599342
1.211905
0.994303
1.591040
0.455672
1.423886
0.717829
0.999585
0.860907
0.334789
0.672606
0.373370
0.597354
0.519733
0.538415
0.733221
2.221674
0.915850
1.407671
0.980115
0.845507
1.110585
1.409941
0.889705
0.683034
1.485900
0.536341
1.275961
0.657192
0.736266
1.451461
0.502321
1.155945
0.714944
0.736489
1.748156
1.361066
0.574265
1.081458
1.257346
0.869065
1.100278
1.248686
1.096111
2.240090
0.829801
1.573510
1.234857
1.502298
2.113828
1.267494
1.490269
1.437500
0.777411
0.454374
1.018339
0.548757
1.537755
0.979129
1.933739
0.604161
1.143062
1.041042
1.357685
0.876224
0.573969
0.539567
1.299787
0.673654
0.422370
1.224238
1.071186
0.554336
0.599065
1.181892
0.699277
0.370294
1.738514
0.797820
1.597970
1.609877
1.744247
1.236909
0.339031
0.521655
1.720066
0.964709
1.004903
1.876793
1.417731
0.874321
0.530202
1.758054
0.540864
1.565983
0.841370
1.967353
1.217829
2.071723
2.099760
1.121763
2.313956
0.721759
0.861407
0.969462
1.321883
1.677408
1.318443
1.480408
0.942000
0.206885
0.524051
0.498536
0.842385
0.123530
0.676022
1.450023
1.271002
1.514790
1.513279
0.885677
0.640832
0.627466
1.452540
1.392523
0.708851
0.886602
1.428884
0.944378
2.801524
0.900689
1.332925
1.825020
0.916719
1.012979
0.406582
1.346332
1.439473
1.203152
1.075791
1.432784
0.852043
1.408629
0.724003
1.555933
1.550105
2.580214
0.378607
2.184461
1.176890
0.823214
1.248906
1.841977
1.654494
0.750156
1.491126
0.779766
0.405204
1.694660
0.589794
0.921961
0.377839
1.080255
1.347711
0.304492
1.440917
1.634865
0.713701
0.869768
1.766545
1.805037
0.891024
0.846942
1.004930
0.639114
1.558916
2.122203
1.022032
1.198748
0.860836
1.828625
3.055352
1.340501
1.213000
1.005617
0.631426
0.364621
1.174442
0.917824
1.538240
0.590930
0.560523
2.299672
0.980231
1.004853
0.941076
1.393664
1.672482
0.897264
2.059004
0.787916
0.652887
0.743717
1.604880
1.162876
0.761599
1.293620
1.027415
1.290742
0.636028
0.799545
0.722087
1.210486
1.294650
1.838893
1.736704
2.028148
0.634271
0.661950
0.752382
1.225902
0.472207
0.942768
1.034297
0.520495
0.950153
1.062492
2.051919
0.804404
1.307322
1.243848
0.361150
0.538840
1.495094
1.590998
0.795483
0.938516
0.875384
0.408874
0.573967
0.752088
0.740944
1.783147
2.071995
1.691054
1.322008
1.077203
1.214183
0.860963
1.116159
0.946291
1.019214
1.993534
1.212089
1.535482
0.823353
1.473330
1.444710
1.315533
0.974218
1.749670
1.098529
1.773500
2.215828
1.662730
0.927470
1.174521
1.460160
2.091032
0.976784
1.244625
1.150076
1.826102
1.020355
0.833978
1.041770
1.207082
1.593724
0.563090
0.486449
1.598843
0.875580
0.759761
1.380915
1.049617
1.449079
0.305372
1.871184
0.308240
0.882170
1.141892
1.031733
0.905218
1.979724
0.978647
1.712049
1.279584
1.215104
0.934246
0.772671
0.994411
0.086231
0.698507
0.992492
1.617997
0.904251
0.447553
0.708074
1.350845
0.968163
1.309072
0.853113
0.979459
0.493623
0.762054
1.643578
0.717626
1.461769
0.697310
1.701142
0.815442
1.149557
1.173395
0.802975
1.350835
0.727286
1.857733
1.621494
1.211108
1.780057
1.401925
1.124228
1.024699
1.143474
1.131663
2.476439
0.302113
1.200275
