1.242294
1.646813
0.609506
0.718372
1.334035
1.442682
1.871930
1.307203
1.141565
1.607375
1.126103
1.581759
1.422640
0.917283
0.567014
1.998185
0.926919
0.627514
1.095042
0.943365
1.011360
0.903113
1.429464
0.620180
0.937179
1.445188
1.157536
0.905891
1.857436
0.365170
1.184330
1.160302
1.060350
1.189509
1.179507
0.451169
0.839418
1.390742
1.163677
2.991078
0.898899
1.389333
1.066674
1.701409
1.784541
2.006421
1.473267
1.418041
1.670488
0.718886
1.057794
1.648416
0.989327
0.733065
0.971349
1.517003
1.118807
1.169149
1.291348
0.467005
1.500663
1.703900
0.857906
0.527686
1.259516
1.508035
1.551238
0.768804
0.814983
0.724777
1.230389
2.295793
0.922601
2.332825
0.973915
1.458824
0.961298
1.959728
0.985914
2.177453
0.429607
1.220230
1.112050
1.716503
1.154770
0.683081
1.387538
1.411237
0.783528
0.815721
1.143733
1.705668
0.858760
1.563845
0.837191
1.702592
0.560694
0.951640
0.445694
0.693691
0.913704
1.824736
1.743141
0.506339
1.120999
1.243389
2.032927
2.116912
1.306311
1.777062
0.999949
1.172894
1.467172
1.424121
0.905136
1.249420
0.491986
0.703639
1.723355
2.356742
1.364777
2.334221
0.950267
1.601242
2.290138
1.084383
0.486169
1.243249
0.570945
0.990359
2.338656
0.974392
1.041440
0.899544
1.393413
1.613499
0.546757
1.469687
1.624917
1.129885
1.707913
1.471051
1.053800
0.991219
1.031419
0.483820
0.939903
0.728871
0.741488
1.687967
1.098796
1.033250
1.600039
1.336243
1.416076
0.616272
1.657572
1.601223
1.838360
2.532854
1.078257
1.043773
1.037100
1.408237
1.764909
0.840232
0.745753
1.669025
0.333038
0.280108
0.822122
1.857117
1.392606
1.326895
1.325699
2.569702
0.862440
1.420073
0.452849
0.405896
1.197471
1.819124
1.058253
1.813286
0.392135
0.737988
1.740420
0.857330
1.325351
2.327626
1.324701
1.102044
2.601575
0.250379
1.220559
1.975987
1.534060
1.873296
1.126736
1.199008
1.207980
1.079521
1.763604
0.131298
1.159446
0.219778
1.684007
0.685785
1.429495
1.352797
1.323712
1.211508
1.279466
0.438264
1.133268
1.199264
1.024242
0.844833
1.193341
2.344451
1.197388
1.370430
0.916286
1.002655
1.390473
1.052906
1.802042
0.361212
1.780436
0.884800
1.328506
1.343237
2.360240
0.799349
1.758186
1.574560
1.389208
0.672038
0.662161
1.092128
0.761586
1.766204
1.659135
0.763540
1.129068
0.944205
1.944838
0.612490
0.912425
1.409414
0.966097
0.779323
0.638543
0.408660
1.456380
0.333150
0.937204
1.505720
1.063722
1.738592
1.764724
2.013264
1.785345
1.474219
0.616547
1.199328
0.279805
1.049932
0.741498
0.701499
1.243170
1.491108
1.066588
1.688601
1.152338
0.382518
1.370109
0.979521
0.697084
0.549512
0.388878
1.688140
1.295988
0.631892
1.671333
0.980665
1.671420
2.317351
1.445505
0.762450
0.954040
1.123206
1.528057
2.117564
1.815326
2.194259
1.313962
1.506718
0.654428
1.554775
1.345347
1.022155
1.007696
1.815947
1.168559
1.027484
1.729706
0.598760
1.484685
1.185731
2.367702
1.084233
1.541949
1.231837
0.875694
0.765875
0.558244
1.682157
1.665711
1.233475
0.735164
0.659204
0.955968
0.883603
2.222249
0.709569
1.305318
1.044387
0.722711
0.979333
1.828416
1.615431
1.482754
1.450086
0.737646
0.722030
1.250301
0.215346
1.127931
1.133408
0.918073
1.065680
1.030858
2.484710
0.794366
2.435468
1.400825
1.250963
2.467399
0.972507
1.301107
0.738526
0.675474
1.199155
1.368282
0.618783
1.206397
1.670242
1.019230
0.737403
0.924625
1.771603
0.953559
0.725968
0.898630
0.674825
0.679188
1.314787
1.054567
0.826667
1.334550
1.518146
1.373365
2.021224
1.038361
1.356786
0.604377
1.534886
1.196472
1.174715
0.783238
0.240026
1.163886
1.406200
1.960901
1.366252
1.415033
0.711804
1.428573
1.018127
0.915583
1.970453
1.217835
0.957250
1.726350
1.226880
1.636268
0.794630
1.338183
2.306606
1.131394
2.032349
1.975413
2.553989
1.012999
0.807110
0.460823
0.617741
1.540150
0.846033
0.942308
1.259162
1.848410
0.520102
1.092246
1.758183
1.603714
0.726536
1.300054
0.727018
1.494638
1.254498
1.924343
0.970216
1.227814
1.263445
1.706074
0.848368
1.639153
2.283275
1.247929
1.415693
1.225771
0.772400
1.011266
1.893332
2.849995
1.031351
0.952057
0.868494
2.125965
0.367103
1.281316
0.505331
2.342422
0.992101
0.315175
1.701773
1.769985
2.001671
0.209763
1.382918
1.418213
1.767166
1.275674
1.179812
0.508656
0.837401
0.910931
2.207987
1.305471
1.499389
2.407633
0.517547
0.642102
2.105321
0.872594
1.210283
1.108546
1.315162
0.828408
0.842965
1.776100
1.553741
1.230446
0.726030
1.684154
0.585908
0.395953
1.016253
1.150025
1.202145
0.835531
1.347887
1.358503
0.925748
0.933876
1.433016
0.657902
1.158445
0.340255
1.447374
0.705448
1.682382
1.420367
1.216044
1.430594
1.368998
2.206721
1.665212
1.687333
1.241537
1.117587
1.058804
1.562146
1.456724
1.993092
1.110901
0.746605
0.932505
0.972610
0.809455
0.642825
1.348210
1.259137
1.724266
1.976109
1.437327
1.062433
0.635736
1.741700
1.059088
1.593468
0.774480
0.906803
1.641963
1.105678
0.763660
1.298362
1.349174
0.621634
1.182445
1.062742
0.780922
1.047957
1.133492
2.420569
1.649116
1.563151
0.714134
2.075055
0.784846
1.380172
1.174681
0.384499
1.716925
0.143532
2.376772
0.770122
1.437988
0.437307
0.877863
0.784121
0.850596
1.005194
2.959758
2.336855
1.269559
0.520212
1.500739
0.773387
1.585109
0.761939
1.810109
1.006112
0.412294
1.586698
1.732313
1.651106
1.058979
1.009330
0.825439
1.085469
0.877203
0.295740
0.973703
1.340927
0.875103
1.808532
1.898343
1.047299
1.487241
1.207561
1.565520
0.968938
0.820915
0.909177
2.033751
0.953558
1.523269
0.348606
0.708566
0.800076
0.290010
1.039068
0.485137
2.163884
1.256653
0.689369
2.071361
1.088835
0.828535
0.407370
1.984499
0.950820
1.294877
0.980872
2.592997
1.404600
1.185791
0.965028
0.906525
1.374767
1.739374
1.918295
1.110280
1.385744
0.846114
1.197192
1.344623
1.234492
1.037326
1.130461
1.105774
0.950745
1.689897
0.562201
0.533817
1.112017
2.434221
0.701203
1.230582
0.827084
0.939326
1.380306
0.549134
0.739653
1.159783
1.175001
1.728374
0.902371
2.636811
1.243567
1.436096
0.613725
1.544447
0.601890
2.802691
0.776860
1.220264
1.446018
1.885069
0.342646
0.920542
0.573942
0.578933
1.158876
1.819741
1.026263
1.207606
0.472846
1.946423
0.644506
0.811201
1.083913
0.506026
3.000705
2.077951
0.918098
0.537642
1.024633
2.329983
1.561755
1.195109
0.655576
2.592413
1.679806
0.986740
1.238876
2.907845
1.398145
1.332219
1.439079
1.059689
1.583564
1.080180
1.445279
1.227210
1.689540
1.269241
1.118616
0.501161
1.226405
1.474691
0.561970
0.799119
0.791178
0.748909
1.047506
0.624983
0.682630
0.748105
0.764887
0.721057
0.483174
1.696804
1.311269
0.824776
1.648306
1.361128
2.300413
1.740094
1.777395
0.781746
1.762321
1.681799
2.145275
0.631171
1.815433
0.622589
1.362643
0.601291
2.035520
0.445040
0.951928
1.331210
1.028557
1.283941
2.402277
0.662822
0.844723
0.670811
0.869324
0.915330
1.666373
2.087496
0.924166
1.017046
1.452388
0.859162
0.989710
1.054707
1.168140
1.235627
0.671570
0.988728
1.119990
1.598314
1.250720
1.591562
1.346667
0.870940
0.623772
1.868149
1.046002
1.991842
0.971380
1.571781
1.436107
0.761173
1.488906
0.935784
1.086493
1.427057
0.692582
1.315591
1.121879
0.589197
0.953413
2.356608
1.420944
1.821963
0.538335
0.748541
2.226138
1.467516
1.085557
0.868809
1.260597
1.025585
0.511247
0.667073
1.066384
0.802991
1.087614
1.487671
0.714050
0.473176
1.453020
1.090398
1.280007
1.168112
0.989416
1.356469
1.717535
1.384905
1.323762
1.510821
1.225258
1.423676
1.535827
0.644366
0.861071
1.357378
1.088374
1.891795
1.023563
1.482465
1.030237
0.809372
0.825100
0.644315
0.887756
0.278426
1.207945
1.426501
1.798862
2.166321
0.895089
1.739252
0.818462
1.969666
1.828822
0.993426
1.568356
0.430037
0.617976
0.543655
0.433115
1.426730
1.415701
1.514165
0.515911
1.024189
0.996634
0.915684
0.774510
0.506531
0.588349
1.066335
1.924109
1.156390
1.789848
1.192609
0.974724
0.911430
1.164910
1.310882
1.057516
1.147597
1.408787
0.932958
2.325046
1.494183
1.833240
1.816401
1.253455
0.815726
1.586859
1.740721
1.366395
1.481013
1.232297
1.744657
1.127024
1.376255
1.021994
1.889114
1.828707
1.636584
2.111460
1.179291
0.927870
1.071992
1.599194
1.392443
1.557266
0.749905
0.620295
1.145794
1.359319
1.484844
0.820062
1.658386
1.569597
1.626648
1.438122
1.098246
1.614462
1.292811
1.388277
1.167266
2.062065
1.709465
1.399766
1.061937
2.102299
0.999508
1.619366
0.363525
0.760784
2.251909
0.630231
1.660011
0.347961
1.811773
1.038559
1.589274
1.720200
1.069528
0.783081
1.719289
0.806121
1.762240
1.160355
0.676213
0.743779
0.919548
1.157412
1.272869
0.525112
1.441608
1.366307
0.714275
1.663206
2.211193
0.634038
0.878855
1.759866
1.091508
2.030011
1.708372
1.925647
1.368715
0.764982
1.322151
1.691983
1.284317
0.949447
0.278962
2.018407
0.864346
1.579290
1.332570
0.604674
1.055306
1.945222
1.133318
0.748173
1.304215
2.718875
0.874298
0.479975
1.177092
0.911346
1.277246
1.541840
1.834477
0.419639
1.118872
2.083329
1.258732
1.802562
0.675450
0.793093
0.952358
1.869223
0.892276
0.917303
1.276570
0.679407
0.514642
1.185724
1.026297
0.888402
0.273005
0.800151
2.265633
1.778154
0.837754
1.397818
0.941410
1.261324
1.154898
2.012754
0.572634
1.080027
0.565269
1.340094
1.352468
0.592311
2.242467
0.769278
0.786313
0.756844
0.552165
0.859029
1.763625
1.278976
1.477083
1.432214
1.816454
1.783193
0.643385
1.388073
1.636293
0.872496
0.741477
0.770210
0.820243
1.420017
0.747049
1.063182
1.978360
0.765176
1.499474
1.179509
1.266044
0.839477
1.350194
1.244412
1.868369
1.069285
0.499093
1.717379
1.354840
2.217284
0.598422
1.230320
2.208567
1.326572
1.515694
2.195781
1.203584
0.918109
2.352418
1.626480
1.363535
1.092295
1.093999
1.576795
1.231913
0.898297
0.892525
0.364024
0.932097
1.987947
2.407308
2.149546
1.156048
2.471470
1.874216
0.866922
2.460994
1.244285
1.293412
0.885386
0.499010
0.794131
1.607407
1.641055
0.932666
1.127755
1.435535
1.206145
3.050202
0.984783
0.427992
1.213990
1.355707
1.800355
1.824232
1.610853
0.759632
1.529396
0.855550
2.125558
1.348209
1.520553
2.173671
1.371691
0.859067
0.791141
1.966137
1.072295
0.871363
0.976749
0.874004
1.432090
0.901127
1.229164
0.587200
1.502104
1.539261
1.430252
1.220636
1.051223
1.086410
0.437152
1.044933
1.028047
0.595231
1.684914
0.791587
0.740466
1.187203
1.073540
0.478775
0.479503
1.228581
0.969999
1.074125
1.138796
0.995285
0.637337
1.216336
1.320085
1.778534
1.303388
0.883840
1.189124
0.837546
1.860211
1.578796
0.799245
1.722432
1.743547
1.093144
2.016421
1.409665
1.687296
0.817086
1.913894
1.982795
1.094233
1.453631
1.157060
0.697668
1.583059
1.061882
0.631718
1.205870
1.634127
2.051791
1.725684
1.434478
1.201031
0.591370
0.836070
1.623949
0.942692
0.930110
0.699883
0.785614
1.548647
0.673257
0.678712
1.158083
1.559951
0.636399
0.751310
1.307362
1.662601
0.750916
0.442435
2.710885
1.436381
0.866901
1.576095
0.641516
0.935496
0.427555
1.378950
1.566983
1.524528
2.081857
1.207587
0.484962
0.996413
0.565080
0.960038
1.726503
1.071851
1.073393
0.442188
0.290996
0.373200
1.086253
0.998165
0.501074
0.930063
0.805532
1.044248
0.607798
1.327447
0.202398
0.347840
0.815487
1.379888
1.640280
1.403902
1.213358
1.417431
0.301604
1.568008
1.047304
1.508557
0.464927
0.859584
0.432861
1.885257
0.877643
1.125867
0.559013
1.562189
1.646151
1.168756
1.329827
1.714972
0.941854
1.716648
0.409836
1.405336
0.847933
0.907115
0.544238
1.705346
1.261898
0.649878
1.825700
0.897977
1.183768
0.846173
0.467824
2.965056
1.442315
1.502135
0.797004
0.486003
1.472421
0.900186
1.194509
0.943802
0.984490
1.137266
2.087180
0.406346
0.928269
1.221000
1.247098
2.535485
0.779908
0.995734
1.169135
0.847763
0.367291
0.589560
0.858656
1.093797
0.543702
1.091970
1.926479
1.080102
1.304846
1.033327
2.403781
1.434874
1.072721
0.582088
0.733319
0.291687
1.362507
2.492302
0.800536
1.289715
1.247376
1.219147
0.869625
1.931053
2.503561
0.986085
1.727515
1.743934
1.688606
0.902138
3.015036
1.406653
1.484816
2.022276
0.550118
0.459916
1.537458
2.030196
1.192853
1.520972
2.570483
0.920932
2.088486
1.179713
1.157595
0.847219
1.058988
1.726583
0.961824
1.116960
0.613818
0.351513
1.190709
0.657294
1.331575
1.268654
0.921399
0.665298
1.545820
0.952176
1.573527
0.521924
0.920967
0.597620
0.918952
1.853553
0.283399
1.855563
0.803809
2.345813
0.686632
2.303359
1.567878
1.788070
0.981107
1.332836
0.969779
1.623451
0.957790
0.796957
1.262831
1.334050
0.803493
0.730212
1.574566
0.986019
1.250746
1.358649
1.637664
0.909759
1.198174
0.570546
1.826374
0.740667
1.366950
0.705359
0.501788
0.730012
2.080440
0.441700
1.844365
0.774487
1.036618
0.323713
1.179811
1.742710
1.094134
2.058268
0.803189
0.260150
1.390647
1.690549
1.047693
1.328280
0.703906
1.047963
1.205018
1.608511
1.831934
0.735894
1.276825
0.670769
1.021656
0.490897
0.649034
1.055684
1.062072
2.210620
1.037152
0.289447
0.522843
0.576552
1.231468
0.641634
1.199931
0.596698
0.795544
1.270905
2.177695
1.434689
0.979382
1.850283
1.316581
1.827934
1.150871
1.763148
0.588513
1.363941
0.636781
1.060240
0.224834
1.037218
0.861580
0.431374
0.819370
1.326494
0.980829
1.772064
2.088207
1.254327
1.131033
0.575077
0.977403
1.889489
0.596252
0.865842
1.462178
0.936891
2.471420
0.747687
1.444315
0.549516
1.384574
3.075526
1.004495
2.110471
0.967570
0.986126
0.858161
0.622473
1.217571
1.605011
1.299525
1.476809
1.080166
2.720385
1.324986
0.384338
1.496516
1.287017
1.260625
1.071260
2.094472
0.796694
1.527437
1.292137
0.713534
1.883162
0.752433
1.359438
1.199752
1.175769
1.468114
1.319259
1.030750
1.056463
0.832122
0.678919
2.631068
0.589421
0.500148
1.163065
0.965542
1.450886
1.018545
0.927785
1.491282
1.230464
0.896679
1.192289
1.444537
1.846726
1.497535
2.063324
2.854517
1.806339
1.111991
0.446708
1.335726
0.483667
1.610783
1.021315
1.220001
1.472356
2.051147
0.857924
0.920886
1.428588
1.193452
1.215919
1.640318
0.724779
0.983906
0.936610
1.098286
0.921861
1.634529
0.994705
0.967443
1.675219
0.644889
0.725361
0.844339
1.888227
1.192962
0.955267
1.990844
0.949484
1.341556
1.085878
1.303973
0.842607
0.685246
1.188940
1.697537
0.888520
1.725487
0.711925
0.836015
1.273898
0.450270
0.681716
1.824487
0.937463
0.736552
1.906108
1.424292
0.696226
2.401186
0.812748
1.154005
1.066304
1.074098
0.490443
0.873014
0.650950
0.975340
1.939532
0.821502
0.097393
0.401365
1.664471
0.424312
0.846719
0.943189
2.012575
1.490628
0.352229
0.378562
2.043248
1.210865
0.864738
1.026327
1.204737
1.049664
1.029267
1.281920
1.664257
1.731018
0.994302
1.052853
1.408022
1.119614
0.836444
2.033346
0.857193
1.026725
0.473991
0.945383
1.215797
1.319007
1.736025
0.748274
0.322291
2.011980
1.339292
1.872654
1.409452
0.683313
1.618275
1.414992
1.188800
1.606494
1.454834
0.341706
1.375476
1.825931
1.080631
2.218938
1.795744
0.930284
1.471650
0.839687
0.992508
0.795997
1.319472
1.842583
1.559559
2.919490
1.162351
0.831696
1.653891
0.914663
2.261999
1.656241
0.616612
0.876898
0.676859
0.629345
0.397856
1.423545
0.832437
1.558595
1.243215
0.441513
1.269409
1.462159
2.107213
0.739915
0.973077
1.518431
0.766576
1.400614
0.651210
1.892753
1.050925
0.353528
2.137807
2.024107
1.069930
0.942636
1.191037
0.885324
1.068876
1.367788
1.825366
1.212785
0.632745
0.271594
0.913116
0.993282
1.495603
1.188457
2.000403
0.895969
0.966021
1.166656
2.306803
0.725692
0.636306
0.916340
1.359631
1.539565
1.057352
0.896982
0.981545
1.734701
1.233161
0.475729
1.343692
1.283153
1.890842
1.765429
1.770717
1.599220
1.408405
0.346301
0.908239
1.213645
0.452096
2.375952
2.048425
1.859086
0.629474
1.460689
0.401517
1.758321
1.800816
0.560606
1.879816
1.635086
1.504351
1.228153
1.118746
1.945856
0.671903
1.224997
1.017685
0.329420
1.744716
1.949263
1.650310
0.670179
1.618312
1.307817
0.575861
1.313983
0.585044
0.923893
1.696388
1.533857
1.761611
1.353431
0.810828
0.751691
0.413142
1.089087
0.789298
1.367009
1.849143
1.461976
1.410155
1.464851
0.793515
1.532326
1.155140
0.163590
1.700558
1.075685
1.288944
1.986162
1.084169
1.570241
2.148739
1.141468
1.502375
1.884108
1.735513
2.221218
2.706163
1.286023
0.759825
1.751001
2.394718
0.773493
1.254453
1.019840
2.105783
1.078878
1.309908
1.347088
1.204540
1.372534
1.105333
2.155699
1.953157
0.801341
1.201747
0.509136
1.213552
0.482488
1.767216
0.697677
1.085266
0.849925
1.136737
1.648472
0.880056
1.956725
0.569479
1.546430
0.812502
0.599823
0.969971
0.338118
0.966783
1.329025
0.803143
0.640070
0.514299
0.763799
1.763274
0.951913
2.194682
0.869511
0.815925
1.673588
1.531419
1.233873
1.261092
1.324911
0.971083
0.433653
1.255078
1.827607
1.450354
0.754312
0.672852
1.168013
1.557075
0.532321
1.143057
1.594116
1.731664
0.682966
1.184434
1.741886
1.076209
0.136778
1.343033
0.765236
1.097948
0.563348
1.445830
1.409171
1.417150
1.119678
1.840576
1.561045
1.775667
1.097343
1.447009
1.154941
1.733314
1.073846
2.147810
1.709910
0.985760
1.620768
0.328417
1.140244
1.025647
1.737075
0.451394
1.815898
1.474569
1.280829
1.482130
0.723316
0.989559
0.563481
1.941604
1.652431
0.417690
1.308275
0.357051
1.084376
0.732708
0.608889
2.558072
1.399214
1.176346
1.295851
1.906162
1.248105
1.454133
0.375164
1.317759
1.685502
1.443997
1.372330
0.757320
1.389235
1.099701
1.477790
1.276067
1.859186
0.884130
0.768285
1.318887
0.526335
1.637719
0.961228
1.295483
1.700888
2.035456
1.587582
1.342371
1.199036
1.078251
1.489514
2.012493
1.473743
1.680450
1.516076
0.800070
1.255289
1.177677
1.689273
0.997904
0.883494
1.171019
1.302369
1.191137
0.992250
1.710922
1.483076
1.184713
1.229249
0.825235
1.411539
1.709844
1.891541
1.154544
1.687385
1.300258
1.696711
1.312554
1.116383
1.490828
0.931565
0.084104
1.140604
1.542839
1.030195
0.349858
1.985204
1.292122
1.348178
1.180834
1.252455
1.398427
0.323361
1.072682
0.882429
0.571806
1.282211
2.028285
1.097784
0.582982
0.863248
1.486591
0.701347
0.973304
0.698632
0.304976
0.637658
1.823534
1.454600
2.109724
0.747850
1.825620
0.835816
0.901743
0.532737
1.079865
0.582636
0.972593
1.080201
1.248924
1.644712
0.882596
1.272926
1.983810
0.777653
1.614454
1.750053
1.701383
1.022514
0.946858
1.148700
0.837398
0.732117
0.622536
0.703239
0.679134
1.775397
1.669262
0.266930
1.100321
1.234028
1.466382
2.080221
2.078766
1.023706
2.589918
1.172503
0.376372
1.384329
1.003951
0.701269
0.813787
1.223067
1.633518
0.638205
1.269248
0.393466
0.689007
0.975744
1.406724
2.202807
0.962809
0.895249
0.936258
1.105149
0.526717
1.575796
1.609962
0.363418
0.413742
0.928054
1.191843
0.639182
1.783792
0.720331
0.147152
0.703633
0.929593
1.286304
1.769062
1.647585
1.620061
1.091979
1.325158
1.076584
1.346010
1.280510
0.459340
1.936063
1.897881
1.548989
2.036072
1.935581
0.465413
0.805183
1.785141
1.519595
0.952129
0.365830
1.759021
0.207777
0.747122
2.119953
0.861321
0.911828
1.230866
1.477203
0.724546
1.112686
1.385523
1.401749
1.466805
1.359643
1.119226
2.041137
1.220139
0.226196
2.351758
2.571330
0.479779
0.741933
1.548638
1.660035
1.845690
1.491862
1.494872
2.671088
1.673492
1.264709
0.627812
1.598546
1.573745
1.032601
1.761252
1.149240
1.678606
1.575390
1.028718
2.366363
1.553841
1.255881
2.513401
1.380606
1.268093
0.837192
1.111093
0.830540
1.178155
0.971695
0.941955
1.737990
1.333707
1.433742
0.494468
1.568868
1.140361
1.849827
1.452675
1.181271
1.783380
0.694574
1.490328
1.282743
1.875621
1.247184
0.688620
2.154487
1.035397
2.216758
0.793929
1.015132
1.864076
1.512775
2.209838
1.034367
1.343133
1.810208
2.043153
1.214793
1.007600
1.155900
1.875614
1.724208
1.580854
0.706131
0.719570
1.590647
0.661104
1.484047
0.549667
1.254611
1.273645
1.536353
2.679769
1.341631
1.624977
0.708898
0.894869
0.859422
2.888593
0.949812
0.501574
0.532282
1.045163
0.629778
1.616978
1.848774
1.161204
0.807733
0.865723
1.072420
1.923418
1.349201
1.039989
0.480043
1.121759
1.307893
1.301923
1.969708
0.791011
1.198606
2.093655
0.948998
0.543079
1.630951
0.842347
1.575207
0.709658
0.990779
1.401297
0.577908
0.851319
1.345957
1.075971
0.988867
0.783331
0.858665
0.628878
0.490670
1.265145
1.087205
1.459885
1.550763
1.487570
0.843150
0.696690
0.922371
0.753203
1.257893
1.161722
0.978160
1.947678
0.902938
1.979173
1.135492
1.666645
0.767614
1.080468
1.694815
1.350253
0.718961
0.623269
1.130249
0.570574
1.560385
1.219322
0.634896
1.680368
1.838236
1.084284
1.205992
0.857884
2.019211
0.408811
0.910567
1.796711
0.895235
1.355904
1.406232
0.861713
0.903622
1.296478
1.751971
2.034609
1.801627
0.763812
1.590519
2.002166
3.037612
0.845450
1.397633
1.375369
1.855198
1.832432
1.327381
1.026585
1.387452
2.098503
0.707576
0.664168
1.027941
1.077883
2.582963
0.718652
0.754185
0.415228
1.130789
0.469452
1.669888
1.354443
0.799730
1.565676
0.984078
0.722394
1.445507
0.639673
0.593082
1.153404
1.198723
1.350109
1.261779
1.261584
0.838402
0.425431
1.058001
1.441729
0.700156
0.501824
1.391932
0.527101
0.863712
1.723863
0.733038
0.420121
1.994237
0.960189
1.188882
1.030941
1.360984
1.966587
1.642391
2.214804
1.824526
1.669758
0.982728
2.540489
1.271881
1.157528
1.083998
1.189508
1.189586
0.964075
0.951568
0.743501
1.483916
1.275717
1.394106
1.531762
1.104214
0.527234
0.800160
0.429648
1.357615
1.252491
1.627098
1.351836
1.068938
0.697059
0.686514
0.934019
0.875253
1.774834
0.934796
1.331702
1.004726
1.155688
1.113206
0.758035
0.345716
0.961445
0.513443
1.438307
0.266093
2.060232
1.991396
0.961197
1.356604
1.451178
1.721402
1.207951
1.564510
1.900284
0.647268
1.419722
1.458773
1.450419
0.856773
1.478486
1.036448
0.759549
1.038889
1.575056
1.340507
1.063659
2.115830
0.350377
0.619893
1.068757
0.797731
2.506630
1.006273
1.653744
1.914728
1.103090
1.239273
1.255713
0.407802
0.930024
1.502980
0.156656
1.132106
0.843753
0.842349
2.269214
0.732870
1.172781
0.768797
1.213395
0.803276
1.800782
0.980370
0.591334
1.308442
1.171278
0.189312
1.367348
2.136116
1.844547
0.867057
1.340938
1.062754
2.062595
1.921676
2.064043
1.363403
1.222373
1.060319
1.503477
1.586204
1.227860
1.753612
1.130643
0.995299
0.745535
1.922682
0.558699
1.374974
1.892903
1.348526
0.828335
1.597423
1.091717
0.715732
0.489452
1.593365
0.565187
0.367743
1.670477
1.197653
0.635771
0.623375
1.584189
1.516240
1.615473
1.245102
1.864188
1.138514
0.787809
0.927935
0.484821
0.311294
1.789801
1.635439
2.043076
1.890617
0.987380
0.970106
0.950521
1.907916
1.444434
0.874634
2.495111
1.928009
0.856208
0.814196
1.779379
1.154463
0.799674
0.933301
1.108687
0.560503
1.192640
1.130224
0.567802
2.055731
1.351136
1.194370
0.429511
0.166034
1.034099
0.416982
0.986551
0.858325
0.762867
0.829262
1.285135
1.191154
1.660358
1.276936
1.159689
0.384731
1.704961
1.830024
1.096302
2.713250
0.823874
1.760152
0.988002
0.842789
0.414484
2.373876
0.732553
0.495677
1.268341
0.622128
1.451442
0.520194
1.358823
1.276865
1.466428
1.170230
1.693900
0.170285
1.607430
1.119572
1.059594
2.100604
1.302747
0.918678
0.740368
1.791693
1.178874
1.643885
1.035885
1.674404
0.531266
1.070862
1.290005
1.432973
0.534201
1.012775
1.868196
1.874763
1.830590
1.702970
1.713148
1.204762
2.055835
0.925040
1.596586
1.577602
1.643530
2.918697
0.932090
1.206000
1.881580
1.755370
1.774005
0.911440
1.612660
0.679591
1.242269
0.932596
2.346690
1.687679
0.777623
0.866510
1.283418
1.434015
0.772929
1.739806
1.597427
1.007556
1.055529
0.808649
0.936320
1.040218
2.114605
1.317217
1.287497
0.704041
1.776616
1.563444
1.491439
0.921960
1.781836
1.769125
1.842773
1.847346
1.794904
1.820482
0.798972
1.963806
1.706689
1.950375
1.167594
2.133488
1.201465
1.361428
1.717414
0.946388
1.938085
1.850017
0.820794
2.218203
0.516602
1.478569
0.525758
0.416079
2.095256
1.430640
0.947530
1.113080
1.084425
1.699389
0.539575
1.033958
1.158853
1.134678
1.346961
1.148453
0.166129
1.085786
1.632398
0.618086
1.483362
1.311870
0.515510
1.022940
0.295010
1.246957
1.995636
1.217182
0.769482
1.411040
1.853831
0.884051
0.590035
1.794478
0.862100
0.799045
1.002523
1.201630
1.632898
0.938589
1.620274
2.120254
1.657067
1.603514
1.192118
1.391901
1.351587
0.775432
2.231081
1.203982
0.913275
1.104319
1.652182
1.307355
2.401408
1.043687
0.405711
0.839224
2.481386
1.139122
1.224726
1.950298
0.424690
0.416363
1.517947
1.779660
0.958195
0.716993
0.443027
1.728200
0.891390
1.208586
0.422766
2.647343
0.975149
0.606730
0.777021
0.772388
1.110868
1.599426
1.381209
1.340199
1.268524
1.535892
2.019385
0.528462
1.036146
0.557150
1.498799
1.222330
0.747406
1.640861
1.091709
1.672992
1.026468
0.700329
1.678611
1.106020
1.861673
1.727534
1.098083
1.025264
1.307943
1.609541
2.207265
1.937853
1.113133
1.081237
0.708153
0.950237
1.242706
1.238349
1.414598
1.026170
2.195992
1.402658
0.813896
1.567425
1.901553
1.769330
0.836046
0.910732
2.097490
1.331782
1.178853
1.320929
0.160112
1.135517
2.063870
2.344717
1.804905
1.136746
1.200372
1.088989
1.900621
1.457071
0.838677
1.334015
1.342242
1.626833
2.065456
0.817445
0.580732
2.011076
1.595182
0.743489
1.970851
1.955725
0.595612
0.369259
1.478892
2.198347
1.005911
0.772573
1.711812
0.932692
1.941173
1.448503
1.483749
1.516713
1.460439
1.249508
1.098954
1.000246
1.048726
1.374171
0.464435
0.701034
1.884605
1.204009
0.671628
1.902047
1.438071
1.709518
1.072967
1.303999
1.207160
1.676070
1.332463
1.542306
0.689734
1.638878
0.751361
1.682321
1.979186
1.350427
0.643483
1.054650
2.075080
0.994752
1.775358
1.028510
1.332950
0.910770
1.050668
1.188313
0.887770
1.652308
1.728860
1.158884
1.201068
0.328289
0.500172
0.637224
1.918860
1.342794
0.677505
1.711995
1.242630
1.003050
1.654309
1.134822
1.433389
2.097884
0.544042
1.818000
1.420019
0.211670
0.979302
0.424310
0.662742
1.237067
1.940646
2.498940
1.152940
1.352436
2.084846
0.497589
1.697420
1.931806
0.367608
1.146700
1.382168
2.042854
0.887115
1.756687
1.480485
0.714845
1.614319
0.360562
1.036325
2.173418
2.368379
0.818613
1.244338
1.348900
1.187746
0.547164
1.156400
1.435615
0.911319
1.202876
1.313699
1.410742
0.762882
0.539626
0.876226
1.325719
0.961240
1.150543
1.468480
0.708642
0.782299
1.383565
1.022180
0.981461
1.631748
1.470652
1.052392
0.521692
1.167209
0.926386
0.744134
1.226816
1.805228
0.701852
0.698575
0.802989
1.194917
1.041950
0.293161
2.190343
1.858921
0.896834
1.978502
1.117198
0.956595
1.615798
1.085792
0.707700
1.265422
1.035015
1.772367
1.262761
1.229465
1.312285
1.294637
0.576689
0.730151
1.242864
0.548815
1.767006
1.759900
1.472672
1.900637
1.103599
1.465538
0.760196
1.698876
0.776177
1.294113
0.859386
1.874340
1.276237
1.313493
1.188181
2.042505
2.132411
1.620026
0.870906
0.529152
0.728592
0.770225
1.362968
0.322392
1.052346
1.355115
1.271238
1.401285
1.411577
0.953433
1.213379
1.058797
1.390523
1.376539
1.234692
1.360627
0.675084
1.655770
1.095287
0.852744
1.379808
2.422117
0.557056
2.427436
1.269641
0.753610
0.723717
1.137469
1.802924
0.738527
0.869749
1.137207
1.334838
1.165758
1.362609
1.331616
0.592844
1.438948
0.475385
1.065399
1.710861
0.966290
1.371271
1.584057
1.090691
1.709573
0.566264
0.571696
1.338675
1.421922
1.172547
1.008351
2.016187
1.840731
1.837533
1.390222
1.449161
1.222852
0.970722
2.059624
1.330753
1.276159
1.292912
1.167568
1.030053
1.326360
1.538890
0.702463
0.577651
1.081137
1.887349
1.239624
1.714166
1.244718
1.325900
0.559793
2.636895
1.415815
1.252230
1.026914
0.804600
1.883893
1.856020
1.533024
2.254139
1.540911
0.381150
1.131095
1.571451
1.009833
0.719756
1.197272
1.121780
0.942632
1.139411
1.545720
0.980276
0.546257
0.705706
0.643567
1.418189
1.353188
1.713799
1.753091
1.584726
1.008692
1.555481
1.984218
0.538049
1.248073
0.841530
1.280918
1.599858
0.206044
1.105867
1.941297
2.157843
2.171710
1.265833
1.409399
0.984190
0.514472
0.841915
0.835376
1.670592
1.554474
1.210220
1.556986
0.850366
1.015794
0.907480
1.323638
1.358437
1.043003
1.686017
1.836081
1.589122
1.716608
0.712187
0.661795
1.009496
0.466924
0.758757
0.992585
1.918799
0.852384
1.019184
0.909009
1.417491
0.419682
2.269784
1.124891
1.532982
0.937462
0.280910
2.460858
1.833581
0.570690
0.374468
1.418120
2.485756
1.072754
1.199561
1.027031
0.707110
1.053613
1.091631
0.624031
1.960798
0.818851
1.104930
0.597454
1.124357
0.858998
1.636370
0.810520
1.471295
1.205854
1.664927
1.331368
0.599699
0.705605
1.080881
0.894161
1.325238
0.742821
0.813707
0.549608
1.287029
1.683399
1.589276
0.596318
0.948157
1.394142
1.290214
0.572996
1.505090
0.888452
1.999720
1.360424
1.026260
1.999787
0.740089
1.077797
0.880673
2.282132
1.189581
2.127014
1.261687
0.805760
1.155609
0.788269
1.002701
2.357949
1.719038
1.936408
1.388434
2.020896
1.142989
0.880403
2.020555
2.318634
1.927638
1.413290
1.788710
1.332732
1.768324
1.130718
0.858761
1.026977
1.733753
2.259379
1.635985
1.531322
1.025094
1.087984
1.046035
2.035622
1.116547
2.361948
0.470969
0.813029
0.647585
1.306034
1.049096
0.922985
0.627547
0.904308
1.701403
0.751174
2.279557
1.763337
0.404495
1.296972
1.180162
0.875779
1.618747
1.180208
1.481641
0.928905
1.124801
1.785563
0.889988
1.663635
2.452121
0.640398
1.549053
1.694868
1.880737
1.900244
1.146378
1.913245
1.259866
1.631117
1.646008
0.530931
1.801623
1.300004
1.655433
0.988636
1.416078
1.322103
1.214894
0.712251
0.861413
2.389238
0.841789
0.933257
0.973135
1.210368
1.420349
1.477686
0.977039
1.816306
0.628541
0.958228
0.432742
1.318293
1.491696
1.685062
1.047420
2.797210
0.705586
1.192551
0.945404
1.121440
1.891353
0.551197
1.228389
1.153404
1.239380
2.076362
1.291296
1.232296
1.459824
1.346041
0.524515
0.294776
1.399211
1.705445
0.664319
0.460817
1.898555
1.744252
2.141168
0.721977
1.128450
1.668662
2.192088
1.120070
1.056181
1.913822
1.432807
0.295473
0.958681
1.457292
2.683713
1.451558
1.323053
1.878427
1.226696
1.125938
1.577765
1.668200
0.666449
0.610990
2.461230
1.048676
1.011722
1.007914
0.806596
1.055340
2.153971
1.558123
0.766948
0.758958
1.121637
0.956545
0.584578
0.372226
1.239641
1.690246
1.165821
0.441182
1.076909
0.216456
0.475833
1.041396
0.931579
1.183183
0.983793
0.701619
0.405137
0.879758
1.424701
1.752042
1.557788
0.751410
1.422369
0.790113
1.321722
1.373893
0.729894
1.699458
1.529277
1.426798
2.009085
1.217011
2.272321
1.083752
0.893211
1.108949
1.132337
1.069654
1.435577
0.482226
1.663934
1.394585
2.080062
1.975635
0.764339
1.451318
1.168162
1.103846
0.973455
2.392139
0.374526
0.523775
0.996600
1.969093
0.826266
1.598242
1.300246
0.757251
1.713418
1.202113
1.655400
1.399430
0.568530
1.188815
0.345436
1.220284
0.804130
1.249010
0.486050
1.626524
0.796324
0.967211
1.158732
1.338349
0.620001
1.428497
1.517409
0.953988
1.826275
0.719763
0.656553
1.762190
0.660996
1.030901
0.790138
1.002458
0.910084
1.381232
1.016440
0.858666
2.012923
0.447892
0.390345
0.956621
2.310447
1.073731
1.125579
1.494476
1.259173
1.433437
1.144345
1.626735
1.534285
1.736489
1.608591
0.370517
1.318375
1.571635
2.692390
1.401445
0.967209
1.033357
1.255612
1.328393
0.661538
2.002257
0.980607
1.156168
0.670166
0.453497
0.659502
1.492206
0.842738
0.483440
1.627526
1.053045
1.537441
1.866606
0.698435
0.390355
0.633159
1.153463
1.256654
0.819571
1.493418
1.362288
0.817361
1.016668
1.548073
0.290313
2.068949
0.992499
1.012451
0.755044
0.754869
1.191598
1.126251
0.233578
2.072735
1.457781
1.276490
0.321777
1.631142
1.302658
1.573791
0.775843
1.381453
0.434026
1.293239
2.366056
1.250505
1.448492
0.509875
2.072426
0.786924
0.618363
1.320160
0.161035
0.761211
1.220994
1.486498
1.076313
1.873713
1.007686
0.478639
0.685747
1.307952
1.275624
0.753633
1.138169
2.003924
0.782825
0.276037
1.033540
2.211243
1.265099
1.495533
2.195664
1.115361
1.041213
1.544625
0.777309
1.369906
0.608104
2.418983
0.909181
1.476799
0.825367
1.063021
0.875213
1.477197
0.957095
2.387523
1.803903
1.012193
1.047970
1.776582
0.599900
1.696594
1.615596
0.956212
1.881177
1.108095
0.805352
0.874584
1.381931
1.616593
1.874096
0.810655
1.057468
0.296683
0.898870
0.779605
1.596070
1.257170
1.038320
0.542502
0.657402
1.252746
2.502470
0.788412
0.752404
0.647210
0.616829
0.700399
0.953939
1.313803
0.677637
1.331075
0.764628
1.341926
1.315369
1.387350
0.897792
1.297114
1.358846
0.708570
0.688542
1.573186
1.162530
0.885974
1.366375
0.952211
1.189588
1.199839
1.195270
1.014846
0.625028
0.979849
0.871252
1.700488
1.320376
0.834102
1.669888
0.800954
0.462228
1.755688
1.864507
0.646961
1.875444
0.736923
1.360412
0.808874
1.577100
0.976881
1.195322
1.376006
1.559903
2.665606
1.001026
0.852325
1.763696
1.365677
1.234186
0.863867
1.051219
2.006183
1.318217
1.744786
1.756066
1.364132
1.290258
1.700752
2.065186
1.507600
0.541703
1.452399
1.066090
1.607290
1.621903
0.998585
1.811213
0.765091
1.484779
1.583958
1.610002
1.586667
1.604024
1.666159
1.678039
0.647803
1.496704
0.853937
1.803307
0.686105
1.104689
1.191586
1.630846
0.634305
1.244588
0.935160
0.725454
1.176965
1.316006
0.711245
0.639540
1.061871
0.524289
0.454232
1.359603
1.021195
1.382266
1.221257
1.657761
1.136748
1.589105
1.033352
1.389648
0.949348
0.817207
1.919269
1.088188
0.431757
0.760490
1.165423
1.045946
1.279732
1.024992
1.003450
0.817028
1.386752
1.096658
0.712851
2.698516
1.910055
1.148944
1.724470
1.854728
0.991139
1.204196
1.329387
1.859033
0.703101
0.442858
1.646652
1.784315
1.150276
0.656743
1.578254
0.613286
1.040454
2.216266
0.878535
2.224207
0.716233
1.924297
0.251316
0.875440
1.053879
1.289865
1.098282
1.231616
1.040873
0.973771
1.388104
0.821966
1.672455
1.631028
1.196907
0.705928
1.043122
0.413556
1.162716
1.280813
1.607682
1.240584
1.104637
1.733343
1.883436
0.914564
0.574186
1.405657
1.007647
1.232855
1.684987
0.635005
1.322063
1.226767
2.545359
1.131987
0.984795
0.539297
0.337870
0.603882
1.131217
1.515955
1.047491
1.795994
1.440506
0.796005
1.401032
1.663350
0.681590
0.635445
1.561403
1.766703
2.102461
0.729513
1.652610
1.805137
1.628957
1.684178
1.195838
1.481617
1.327811
1.149908
1.892601
1.727696
2.393940
0.585297
1.210114
1.159080
1.255368
1.718855
0.923416
0.860520
1.535380
1.030806
0.831171
1.470710
1.323913
1.324213
1.137879
0.258473
0.809355
1.711515
0.502690
2.059301
1.824396
1.306724
0.683822
0.870917
0.682662
2.017544
1.361386
1.493547
1.474601
0.280119
0.790311
3.427386
1.691666
1.601165
0.545812
0.457315
1.398405
1.476116
1.081450
2.833288
1.506613
1.459760
0.546202
1.668560
0.805968
1.047856
1.800297
1.451263
1.369769
1.064899
1.356880
0.880841
1.087219
0.749004
0.981426
0.922736
1.155543
1.023180
1.340814
1.471148
1.546529
2.092991
0.990118
0.423310
1.277869
0.728023
1.533482
1.325703
1.430519
1.412889
0.848492
0.836713
1.755706
1.817224
0.804790
0.979603
1.583784
1.654934
1.927926
0.502752
1.659293
0.595147
0.229085
1.428592
1.509780
1.335187
1.229868
1.425428
0.796078
0.642672
0.830820
0.646573
1.178356
0.298733
1.074915
0.833518
1.113587
1.204248
0.504150
1.830488
0.937322
1.155834
1.553487
1.286331
1.123598
1.148280
1.274835
0.757278
2.403916
1.447038
1.672966
1.408082
1.849881
1.796327
1.623094
0.906197
1.798226
0.569104
0.877744
1.550325
0.379843
1.549366
0.793824
2.449120
0.971572
1.126458
0.236908
1.520310
1.374318
0.578348
0.077197
0.750469
0.679920
0.770331
2.039703
0.824422
0.280724
0.804720
1.312329
0.557665
1.828506
1.335444
1.694837
0.906492
0.967481
1.542317
0.977211
1.156472
1.345034
0.794590
0.774735
1.040590
1.315330
1.616487
1.614758
1.122814
0.733220
0.704348
1.029335
0.492641
0.731164
1.007377
0.697565
0.788811
0.801434
0.956754
0.798191
1.972400
0.756019
0.826152
2.362252
1.100227
0.529496
1.449927
2.243759
1.617008
0.819086
1.494867
1.321852
1.481296
1.551463
1.194875
2.253630
1.267776
1.027405
1.404295
0.744834
1.478248
0.741333
1.075170
0.842229
0.640127
1.737086
0.876025
0.972275
1.669478
2.792243
1.488905
1.412880
1.045832
1.398122
0.748904
0.679259
0.926820
0.968910
1.536844
0.283182
1.021595
1.862286
1.535723
0.921022
1.608519
1.356701
0.678764
0.624623
1.730939
1.930138
1.052972
1.047118
0.979811
1.061549
1.242420
0.770551
1.651136
0.457960
1.751124
1.701292
1.501311
1.235648
1.323648
1.109666
1.678652
0.675898
0.993212
0.591297
1.286037
0.695578
1.174541
0.591421
1.381103
1.182383
2.169607
1.736391
1.493813
2.549078
1.407566
1.408920
0.685185
0.955281
0.221451
1.995117
0.447997
1.659598
0.484614
0.302562
1.017662
0.941206
1.334481
0.719111
1.983992
0.647106
1.368431
0.223189
0.768899
1.777045
0.862500
1.429612
0.869626
1.491636
2.287882
0.740152
1.455410
1.971371
1.396276
2.202951
1.139408
0.887191
0.967930
0.747495
1.534608
0.729948
1.096242
0.313108
1.764780
0.841286
2.281289
1.416921
0.898172
0.392561
1.271243
2.137157
1.114414
1.283965
1.366311
0.576956
0.751769
0.516510
0.370336
0.801020
1.137978
2.023303
0.372141
1.201110
0.531669
0.915801
1.398979
2.142084
0.334189
1.500001
0.767887
1.738291
0.920266
0.754966
2.095504
1.332502
1.231071
2.354887
1.381440
1.590217
1.091141
0.772032
1.165716
1.489343
1.497588
1.462486
1.147944
1.382983
1.163957
2.339037
1.204482
0.680946
1.778748
1.359188
1.760655
1.804526
1.090922
1.985919
0.689118
0.568874
1.548205
1.133747
1.718396
1.115671
0.916542
1.042698
0.668381
1.603918
1.608254
1.138203
0.537719
1.547085
0.361166
1.460041
2.275612
1.897699
0.346005
1.553860
1.283668
1.536602
1.294515
0.587165
1.583253
0.921035
1.138138
0.231804
1.296525
1.551712
1.897193
0.460230
2.017315
1.167085
1.572373
1.407378
1.723430
1.606186
0.831853
1.275401
2.021419
1.489740
1.205254
0.747399
1.383940
1.409675
0.961721
1.209009
1.469027
1.656051
0.539890
1.554925
0.492568
1.628335
1.726698
0.987831
0.537791
0.840937
1.312753
1.181791
0.406476
0.519718
1.202439
1.487010
0.438043
1.463602
0.834968
1.495759
1.044557
2.474830
2.238301
0.917971
1.494103
1.751751
1.180857
1.577980
2.938462
1.209011
1.178353
1.065820
0.996313
0.951949
0.612080
0.911016
0.167793
1.239555
0.897955
1.566020
1.325924
1.668762
0.999486
1.922684
0.567803
1.455147
0.346563
2.304946
0.574099
0.698749
0.437076
1.487164
1.688322
1.215865
0.461565
1.206293
0.259562
0.833623
0.833227
1.049808
0.293299
1.017748
1.971960
0.940065
0.377607
1.570312
0.773583
0.554833
1.752751
0.921267
1.517230
1.703058
1.536740
0.602535
0.939405
1.105850
0.945009
0.294643
0.704929
0.806257
1.370445
0.810960
1.329394
1.384478
1.781092
1.244805
1.676055
0.740899
1.611166
0.628571
1.029430
0.734686
1.164261
1.220730
0.650784
1.496894
0.943146
1.671058
1.408164
1.134398
0.663114
1.189431
1.334982
1.151824
0.915008
1.119067
2.154692
0.541695
2.190649
1.063124
1.517731
0.560201
1.095601
1.436594
2.081431
1.031035
1.325117
0.708195
1.209101
1.051791
0.857949
0.748326
1.184674
0.834488
1.161819
0.970518
1.193588
1.024990
1.775610
0.601031
0.855935
1.426750
1.579010
1.511542
1.115417
1.237589
1.685802
0.921200
1.855261
0.851471
1.461043
1.072226
1.770178
1.107418
1.606112
1.733144
0.711061
1.560657
0.717181
1.138993
1.368128
1.112620
0.740642
1.565962
1.587350
0.624431
0.980962
2.075755
0.745982
1.362324
1.039714
1.134490
1.388876
0.894893
1.133132
1.522865
0.302472
1.209811
1.608204
1.462566
1.645487
1.175317
1.173235
1.933733
1.922828
1.810818
1.356046
1.140567
0.541076
1.562192
0.647471
0.718831
1.455020
1.161903
1.282984
0.996963
0.994739
1.059977
1.571244
0.756551
1.311034
1.832704
1.074188
0.778085
1.234868
1.451681
0.557718
1.458922
0.736361
0.660941
0.721876
1.054076
2.494640
1.661370
0.925374
0.590819
1.108699
1.258307
2.204944
0.659513
1.234122
1.978474
1.223748
1.741608
1.202361
1.680821
1.180549
0.253242
0.691633
1.789419
0.994561
1.450523
0.751623
0.939301
0.869956
0.550029
1.189086
0.529957
0.877952
1.403415
1.782658
0.765580
1.401526
2.197306
1.865171
0.863136
1.831407
2.115876
1.153947
1.551856
1.177659
1.014043
0.911438
1.104183
1.081316
1.146226
0.481321
0.417432
1.372913
1.456818
0.287308
1.326122
1.214938
1.654311
1.215283
1.251724
1.565602
2.093548
0.900342
2.723229
2.137275
1.975884
0.881891
1.215813
1.112010
0.854308
1.423149
2.515212
0.332206
2.137631
1.190892
0.916320
1.259292
1.025586
0.616254
1.136068
1.649626
0.751658
1.078704
0.736837
1.670986
1.387883
0.532761
0.811107
0.921047
0.718525
0.792082
1.313053
0.920838
1.262130
1.178005
1.638213
1.267077
1.708641
1.107655
0.953283
0.856303
0.573718
0.700902
0.998417
0.826535
0.746058
1.423544
0.403976
1.726788
1.162149
1.299887
1.402910
0.857529
1.055624
0.876387
1.461957
0.617441
1.221983
0.776476
1.056734
0.599798
2.052639
1.041386
1.353095
1.799322
1.419668
0.335935
0.984815
2.107553
1.579223
1.494220
0.862481
0.811241
0.445252
1.690779
0.925693
1.097335
0.977256
0.730155
0.977876
0.892849
1.958972
0.436421
0.469522
1.638329
0.850717
1.169276
1.350692
1.409652
0.833608
0.677364
2.380191
1.325263
1.395463
0.561463
0.324102
2.011962
0.437995
1.659685
1.536569
0.621161
1.271683
0.764107
0.251730
1.490103
1.699884
0.261903
1.948070
0.868550
0.473916
1.355321
2.118513
1.814385
1.361039
1.449762
1.637417
0.910116
1.376785
1.146652
1.931253
1.769478
1.032889
0.918385
1.436157
1.133161
0.935025
1.841534
1.123735
0.861827
1.037931
0.450718
1.669670
1.649652
1.452225
1.094414
0.837804
0.863180
0.602669
0.914961
1.970496
1.131926
1.030258
0.693321
1.622680
1.322600
0.854167
1.248301
0.807093
1.113266
2.136429
1.859705
0.845601
1.081066
0.861262
0.813443
1.665039
1.149810
1.850931
1.139623
2.356280
0.205095
1.416684
1.111985
1.374272
0.547343
1.101129
1.926437
0.879885
0.939549
1.943471
1.921162
1.102498
1.123735
1.505656
0.352243
1.710214
0.428151
2.305891
0.697860
1.977364
1.114534
1.412288
0.653713
0.718519
0.617376
1.636523
2.565447
1.251075
2.385567
1.459663
0.322162
1.606988
1.520220
1.180266
0.490365
0.685876
0.261551
0.904227
1.274859
2.141754
1.683482
0.730384
0.492365
0.368691
0.717129
1.068117
0.820704
1.560503
1.089413
0.578893
2.048857
1.532785
0.461921
1.437238
1.146912
0.154421
1.259962
1.486028
0.650033
0.174916
1.362794
0.722830
1.236161
0.776008
0.955145
0.952638
2.005881
1.553351
0.832006
0.544831
1.878515
1.089034
0.972186
0.899271
1.071105
0.466192
2.665803
0.929010
1.363174
2.028228
1.942840
0.799148
0.611408
1.040992
0.691127
1.559385
1.602201
2.496485
0.960140
0.454666
0.957736
2.148856
1.194629
0.729294
1.051716
0.678589
1.821968
1.279013
1.299784
0.838049
2.095302
0.906165
1.255630
0.848062
0.731700
0.847998
1.761470
1.554871
1.171455
0.615835
1.560783
0.973388
0.708840
1.170243
1.895130
1.019091
1.627071
0.777719
1.620643
0.280966
1.923293
1.050846
0.693515
1.488623
1.423883
0.792666
0.865718
1.061983
0.828345
0.685568
0.673840
1.087492
2.446969
1.803169
0.937628
1.155408
0.783073
1.244445
1.253657
0.943515
1.555452
0.391588
1.528640
0.919370
1.027918
1.005322
0.689781
0.990729
1.532605
1.167993
1.523621
2.294093
1.143896
2.253480
1.107414
1.284248
0.742538
1.229401
1.859780
1.609484
0.810929
0.480879
0.842763
1.387312
0.986576
0.666548
1.181872
0.745945
1.099142
0.668125
0.634925
1.703573
0.987577
1.212660
1.998474
1.161633
1.042394
1.368384
0.769847
0.677261
1.470154
0.497632
0.896379
2.093371
0.731025
0.573731
1.700404
1.397277
1.650962
2.181077
1.789757
1.438379
1.202323
1.154633
0.642442
0.898146
1.506596
1.005672
1.239662
0.233039
1.193267
1.544202
1.009506
2.041326
0.788936
0.765862
1.936470
1.611860
1.358508
1.848750
1.548202
0.800962
1.469424
0.638786
1.742894
1.883247
1.912955
0.212745
0.901280
0.971946
1.651347
0.451187
1.114230
0.766192
1.444615
1.744892
0.623166
0.948775
1.468492
1.209862
0.954551
0.945811
1.412002
2.158769
0.800720
0.319008
1.828033
0.677899
1.322171
0.564292
1.015762
1.171364
1.146781
0.914674
1.182891
1.768218
1.215114
1.529620
0.987191
1.854812
2.439012
0.666684
1.759561
1.339508
2.157664
0.975466
1.810088
1.385421
0.653695
1.224357
1.635492
1.108845
0.377248
1.439296
0.919889
0.964442
0.278929
0.428661
0.576479
0.929458
1.040306
0.952427
1.100115
1.672381
0.969469
1.465235
1.555650
1.304258
0.542836
1.096630
0.441462
1.002951
0.954062
1.447753
1.245437
1.260291
1.403567
2.073050
2.040088
1.009598
1.737591
1.078725
2.061300
0.799670
1.521293
0.845784
1.473933
0.840609
0.502390
1.852695
0.949935
1.695433
2.139693
0.592876
1.373926
1.581769
1.783505
1.324034
1.554402
1.348272
0.710415
1.808407
0.425264
1.380212
1.105637
0.813605
1.082418
0.866305
1.534378
1.293466
0.893482
0.588007
1.049286
0.645679
0.868155
1.681419
1.374920
1.436147
1.332326
1.850224
0.741136
0.962386
1.963255
0.755607
1.230093
0.388600
2.053248
1.379226
0.594617
1.393591
1.440784
0.706390
0.882966
1.334440
2.560715
1.557053
0.898788
1.257192
1.317714
0.877569
1.435716
1.013962
1.059170
1.146698
0.309294
1.417175
1.959970
1.179563
0.845632
0.811721
1.132377
0.640121
0.536845
0.942425
1.171644
0.819467
1.101310
0.885204
1.149437
0.929212
2.212164
0.217235
2.158975
0.650104
1.409832
0.624456
1.039071
1.486021
1.007722
1.031561
0.922806
0.634865
0.407180
1.083155
1.127665
1.060776
2.564917
1.297146
1.015415
1.543976
1.028257
1.339226
0.596766
1.299458
1.798337
1.245196
1.277501
0.570855
1.015137
1.036353
0.720438
1.261686
1.094326
1.359640
0.810608
1.268483
0.757176
0.657637
0.738084
1.115940
1.815270
1.177167
0.434455
1.247750
2.181418
1.242702
1.495118
1.624698
1.384648
2.249960
0.793840
1.210175
1.474892
1.291146
1.086149
1.828058
1.268988
0.685599
0.798289
1.487307
0.376119
1.120649
1.067242
0.978121
0.643215
0.734650
0.829045
0.715635
0.653234
2.028502
1.333695
1.060195
1.319404
1.072800
1.159659
1.083367
1.351495
0.611357
1.548182
1.588696
1.926192
1.859792
2.021728
1.169178
0.560141
0.798808
1.633431
1.198179
1.134741
1.033928
0.901234
0.644331
1.037379
0.896677
1.177836
0.867118
1.293031
0.990793
1.474002
1.622278
1.465458
0.846664
0.749896
0.806284
0.558167
0.875265
0.866417
0.930754
0.619927
1.391011
1.518428
1.357021
1.603875
1.063580
1.287011
1.522903
1.860846
0.695667
0.993285
0.916662
1.970943
1.434064
0.526704
1.587034
0.869501
0.765018
1.022033
1.054404
1.775993
1.163203
0.363752
1.067080
1.608520
1.511384
1.882850
1.124140
1.524472
1.107335
2.192520
1.085849
1.377305
2.051083
0.885213
1.011830
0.616624
1.090102
1.582461
1.613918
0.923876
1.062456
1.144131
0.431679
0.951501
0.977989
1.724217
0.644779
1.217670
1.754087
1.487369
1.840263
1.068931
1.242757
1.100427
1.334605
1.194568
0.641224
1.274382
0.391992
1.751291
1.196853
1.491571
1.676008
1.574482
0.726238
1.183695
1.008186
1.790388
1.769736
0.799768
0.739685
1.470723
1.073922
1.102994
0.927129
0.767366
0.721531
1.635921
1.612444
1.394658
1.113403
0.946295
1.424915
1.345778
1.501052
1.288346
1.012939
0.448540
2.010104
0.846369
1.170760
0.948252
1.070547
1.485830
0.825302
0.926583
1.616631
0.709496
2.028742
0.329801
0.998706
0.759305
0.524377
0.510881
1.658174
1.834408
1.999581
1.522399
1.555571
1.316495
1.524729
3.054739
2.021332
1.137794
1.064347
1.430241
0.761137
0.489581
0.565981
0.555082
1.414469
1.530458
0.470950
1.091806
1.065051
1.400224
1.205038
1.743412
1.945161
1.190036
0.549845
0.919364
1.316580
1.849905
1.358524
0.522180
1.651594
0.939649
1.486341
0.614576
1.222687
0.959964
0.980616
1.183319
0.632690
1.252274
1.571954
1.175538
0.637358
1.548733
1.526091
1.563799
0.682335
0.221165
0.886429
1.022715
1.180719
0.910130
0.756840
1.172949
1.416747
1.619937
2.172316
1.457478
0.373180
0.394052
2.432713
1.107877
2.456141
0.871497
1.402180
0.973540
1.308878
1.501430
1.919097
1.302407
1.517071
1.495883
2.083157
0.482048
1.553258
1.766944
0.746804
1.275176
1.152633
1.229471
0.930517
1.086210
0.679987
0.820108
1.352392
1.367070
0.988032
1.756019
0.536794
2.100470
0.818106
1.229853
1.402129
1.415552
1.993599
0.148315
1.177592
1.317762
1.303661
0.795425
1.223945
1.614014
0.308522
1.634509
1.663178
2.200454
0.753908
1.556119
2.299090
0.653938
1.048200
1.476271
1.277061
1.759548
1.372417
0.748436
1.768795
0.678239
0.944861
0.491522
1.529133
0.487224
1.386037
1.571156
0.514497
0.849549
0.870503
1.498427
1.627751
1.310422
1.204814
0.713348
0.942170
1.570497
0.965505
2.104500
0.975746
1.161564
0.941259
1.424861
1.342713
1.918218
1.152579
1.539794
0.617191
1.265586
1.504703
0.281336
0.428078
1.124385
1.104319
1.693835
0.973388
0.815148
0.644379
1.442293
1.075239
0.796242
1.541854
2.226935
1.130918
1.169943
1.047305
1.109434
0.605009
0.615794
2.126781
0.536108
0.919097
0.824297
1.095278
1.021566
1.206356
1.054857
0.689664
1.058645
0.835679
2.073010
0.460852
1.407512
1.495328
0.284828
1.884111
1.734102
1.308890
1.126937
1.069877
0.643137
1.091731
0.921835
0.631509
0.422368
0.438924
2.122376
2.186329
0.745897
0.379590
1.632194
0.523972
0.729959
1.931771
1.500258
2.008721
1.224034
1.672648
1.671912
0.718185
1.247215
1.239425
1.484809
0.839462
1.195800
0.529067
1.128609
1.034310
1.163508
1.148049
1.812576
2.364331
0.861148
1.673820
1.399883
1.425914
1.557769
0.512415
0.923225
0.833399
2.441221
0.563669
0.970453
1.242280
1.006085
1.312595
1.537830
1.760212
1.999344
1.251375
0.250870
0.514190
0.896960
1.052653
1.887360
1.799281
0.446295
0.650753
2.080902
0.865441
0.061631
0.803667
1.499366
1.735970
0.647869
1.373020
0.779703
1.331472
2.018968
0.889340
1.048770
1.344666
1.781870
1.011112
1.304869
0.842341
1.051925
1.688825
1.486637
1.146904
1.529484
0.993284
2.110456
1.091132
1.491392
2.596391
1.785987
2.177057
2.599276
0.624087
0.761116
1.665690
1.936718
1.106957
1.334907
0.805569
1.158516
1.627659
1.803071
1.812087
1.205184
1.261375
0.687811
1.099912
0.655726
2.082316
1.406521
0.891020
0.643964
0.783418
0.844305
2.174657
0.903823
0.398002
1.180833
1.718662
1.819183
0.695011
0.862958
1.078113
0.979713
0.762688
1.025841
0.558927
1.257559
0.766722
0.809228
0.961794
1.931636
1.496434
0.733038
0.985683
0.658699
0.675831
1.219661
1.544022
1.347956
1.178610
1.464007
1.272706
2.001009
1.186875
0.642736
0.945004
1.591386
1.248536
1.212622
1.244778
2.136409
1.750215
1.510208
1.620118
0.962097
1.403246
0.997405
0.820186
1.515155
1.045654
0.804385
1.158700
1.035122
0.901045
1.056948
0.598116
0.730058
1.811951
0.765050
0.672534
2.125038
0.939719
1.094753
1.776284
1.322643
1.787039
2.099978
0.940136
1.810437
0.449937
0.388566
1.273377
1.356069
1.023684
0.844834
1.238421
0.742909
0.719703
1.394914
1.213008
0.997253
0.524342
0.857890
1.354881
0.972981
1.580516
0.498148
1.796386
1.674823
1.767845
0.948372
0.619322
1.710167
0.615336
0.586428
1.046420
0.905624
1.254298
1.238353
1.345841
1.213155
1.122516
1.978192
1.792023
1.341040
1.232978
0.818711
1.507835
1.175528
1.067680
0.647903
1.528130
1.842916
1.453123
1.880702
1.645807
0.451102
0.555662
0.911651
0.699465
0.933257
0.918301
1.205326
0.838971
0.917405
1.970955
0.388620
1.131252
2.100690
1.609254
1.139232
1.288508
1.275263
1.327356
1.466713
1.101336
1.039695
2.179980
1.288520
1.537233
1.186552
0.770237
0.753401
1.564667
2.327885
1.916445
0.874026
0.766843
1.423540
1.379785
2.548873
1.114375
0.923673
1.888944
1.299223
0.859441
0.873143
0.775428
1.410884
1.216885
1.673133
0.340467
0.600144
1.418879
1.102026
0.789318
1.921574
1.895139
1.619306
1.717508
1.017671
1.183138
0.742473
1.617069
0.918655
1.122742
1.730344
1.556208
1.023408
1.567089
1.295750
0.829751
1.385386
1.174657
1.683529
1.046879
1.992425
0.973031
1.452271
1.513269
0.556622
1.193762
1.425812
1.187404
1.166230
1.120093
1.153386
1.256902
1.286504
0.308050
1.018682
0.790971
1.064180
0.918595
1.073778
0.617591
1.277650
1.417453
1.549566
1.330686
1.198167
1.028331
0.525943
1.349460
2.522035
1.219038
2.221842
1.017144
2.303656
1.324910
1.197664
1.861302
1.793803
1.938029
1.147195
1.070644
0.530814
1.013216
1.709603
0.769084
2.085680
1.346375
0.598229
1.237206
0.508453
0.442490
1.558404
1.334443
1.453604
0.926335
1.023706
1.213841
1.189261
1.642583
0.886158
1.470000
1.115262
0.384884
1.104430
1.412791
1.285280
1.125430
0.257202
0.877530
0.846508
1.857099
1.663943
1.968401
1.767566
1.276816
0.686525
1.346374
1.327707
0.925624
1.148579
0.857744
1.252842
0.814242
2.733528
1.122948
0.847415
0.925134
1.294247
0.530785
1.427258
1.025222
1.241105
1.663865
1.912775
1.224110
1.222489
0.437911
1.592955
1.046506
1.452509
0.623808
1.866684
1.911555
0.920637
1.404316
1.143098
1.254842
2.125182
1.040031
0.883406
1.307669
1.090377
0.853846
0.603567
0.612837
0.719407
0.539558
0.321812
0.529759
1.252492
1.070711
0.667018
1.430000
1.212740
0.804143
1.320778
0.912192
1.583077
0.888196
1.156661
1.318637
1.570770
0.473658
0.735521
1.284077
0.156746
0.755707
1.491830
1.412334
1.434642
1.206534
1.168830
1.593879
0.470991
1.014518
0.325592
2.104900
1.237924
1.697348
1.079916
0.993575
0.935910
1.371582
2.241817
2.004374
1.688362
0.695441
0.784752
1.189667
1.059367
0.124384
2.233722
1.155013
0.484848
0.955665
1.831089
1.497846
0.206610
0.840763
0.620468
0.993336
0.305879
0.727045
1.847806
1.420604
2.034418
1.072682
1.097431
1.708262
1.987327
1.647279
1.087950
1.930851
0.487247
0.870725
0.330635
1.170591
0.960735
1.298943
1.535708
1.119698
0.733799
1.528007
2.154206
1.213972
1.087346
1.447640
1.494813
1.141260
1.352978
0.979987
0.725084
0.304040
0.833462
1.765587
1.000475
0.598819
1.127652
1.127995
0.832875
1.053726
2.099540
0.412764
1.549810
1.455417
1.627739
1.361328
0.342068
0.947333
0.627160
0.892903
1.156561
2.137540
1.025969
0.662764
0.739235
1.674136
0.561877
1.258587
1.222147
1.044920
1.431850
1.431764
1.395382
0.668054
1.591122
1.517889
0.903052
1.743031
1.043699
1.341082
1.104401
0.571856
1.482436
2.068578
1.139973
1.078240
1.810260
1.283540
0.629583
1.670077
1.160237
1.426222
1.137393
0.747276
0.737425
0.804169
1.859557
0.819595
0.849763
0.536510
0.809254
1.635739
0.776628
1.382247
1.480957
1.514213
1.734505
0.539471
1.277418
1.091715
1.297647
1.353430
0.879542
0.746990
1.130308
1.753127
0.887021
0.463753
1.082814
0.596688
1.040721
2.266388
0.582278
2.569650
1.302298
1.115601
0.819483
1.669725
2.043118
1.734289
1.001018
0.893119
1.221451
1.868219
1.693476
2.895824
0.718655
1.167839
2.224952
2.063723
0.744959
0.496912
2.094121
0.771470
1.484570
1.534779
0.596043
1.349857
0.665558
0.349673
2.035557
1.563437
0.942369
0.954481
1.021383
1.372018
0.763069
1.851734
1.371806
0.962750
0.649644
0.503754
1.849203
1.337852
1.714319
1.326689
0.984933
1.077032
0.936105
1.383154
1.466564
0.844124
1.483414
0.881783
0.376973
1.318692
0.322699
0.968983
0.309608
2.430522
0.203317
0.842386
1.740791
2.315220
0.774008
1.364278
1.352011
0.785921
2.022084
0.946188
1.004667
0.435025
1.709299
1.123175
1.009125
1.456705
0.562820
0.504135
1.434964
1.062391
1.095306
1.123277
0.732243
1.015038
1.202086
0.807625
0.315015
1.088063
0.815829
0.980895
0.717847
0.684652
2.427868
0.999515
1.727083
1.022634
0.570780
0.529423
0.451094
2.433687
1.738868
0.484429
2.162967
2.039399
0.532160
0.864416
0.971753
1.531545
0.383387
1.504839
1.120053
1.624107
0.755770
1.405623
0.792850
0.821131
0.573239
0.649999
2.248967
0.225748
1.455625
1.511848
1.232173
1.018276
0.726343
0.347483
1.320862
1.202657
1.184859
0.569881
1.829627
1.380481
1.499115
1.233191
1.718141
0.960242
2.330068
0.764164
1.289668
0.420414
1.163978
0.449558
0.618616
1.347858
1.879957
1.510527
1.019215
0.770794
1.299675
2.741990
1.145112
0.977429
1.808449
0.994618
1.083545
1.809667
1.394352
1.923379
1.590835
1.505818
0.610882
0.821950
1.765336
0.875649
0.562982
1.964694
0.226288
1.246006
2.104013
0.958154
1.274490
1.543424
1.040038
1.528485
1.457945
0.833712
0.853865
1.891224
1.848256
0.175335
1.081698
1.147467
1.519663
1.299590
0.395319
1.237287
0.867008
1.760232
1.821711
1.565277
0.544959
0.416785
0.610513
2.335042
1.903775
0.434093
0.896839
0.423378
0.948018
1.476550
0.512062
1.665256
0.436439
0.549820
1.008071
0.972990
0.953528
0.853269
1.596161
1.723855
1.367666
0.876775
1.843123
0.666644
0.774442
1.019131
0.681123
1.322648
0.706966
0.149396
0.357531
1.247178
1.463511
1.449636
1.077839
1.380883
1.315366
0.445257
1.484635
1.453914
0.700043
0.707703
1.002246
0.925048
1.681854
0.866733
2.076231
1.068159
2.097672
1.415696
1.734284
1.668287
0.829501
0.477936
2.076600
1.980131
0.365212
1.505128
1.489002
1.603057
2.091319
1.156560
1.993247
1.632759
0.945793
0.427722
0.570279
1.442886
0.801488
2.239225
0.892868
1.623938
0.889839
1.455150
1.231591
0.188359
0.393588
0.978377
1.209542
1.673308
0.687231
0.899691
1.131209
0.311471
1.978261
0.449102
0.780423
1.026128
0.921525
2.677699
1.266399
1.061952
1.304617
1.845309
1.759788
0.841433
1.045870
0.668280
0.425134
0.952903
1.481843
0.940724
0.976269
0.866133
0.947559
0.916807
1.079312
2.134672
1.404950
0.186703
1.270132
0.738267
1.731497
1.411833
1.224755
0.465433
0.763348
2.606230
1.372533
1.545480
0.780785
1.122908
1.943724
1.051302
1.251714
1.457521
1.200440
0.548008
1.376331
0.854854
1.058889
0.256483
0.727464
2.569677
1.902385
0.554550
0.999231
0.917572
1.234185
1.214587
1.704653
1.246426
0.971106
0.824705
1.071132
0.555382
1.648190
0.363348
1.727930
1.165529
1.583033
2.211214
0.137129
0.730788
1.141142
1.064995
1.311043
0.839616
0.566783
1.333723
0.584808
0.575357
2.599182
1.821626
1.814305
1.001171
1.085473
0.629008
0.998102
1.333177
2.349930
0.893253
1.369562
1.284697
0.372207
1.008926
0.638932
1.761197
1.595524
1.439640
1.332151
1.615946
1.058744
0.847752
0.711834
0.229291
0.699963
1.064355
1.513878
2.002464
1.588402
1.192961
0.993905
2.142188
1.474292
1.074324
1.234375
0.662657
1.500713
0.636140
0.698996
1.931331
1.567144
0.509513
1.597554
1.423456
0.783646
1.046207
0.726852
0.974661
2.572047
2.471046
1.494090
0.857870
1.275664
1.456208
0.539273
1.967469
1.285441
1.509492
2.220162
0.421207
1.094010
0.421396
0.759555
1.987162
1.328990
1.120719
1.436412
1.794816
1.193079
1.417409
0.988692
1.151843
1.002476
1.410217
2.319657
1.925776
1.401340
1.062338
1.190977
1.116984
0.891260
1.601600
1.693822
0.885132
1.038016
1.508794
1.676067
0.999238
0.933798
1.674716
0.929363
0.838782
1.361495
1.537507
0.404424
1.181722
1.400953
2.089132
0.830353
0.654196
0.980104
1.452933
0.876577
1.495628
1.498100
0.772685
1.297950
1.650952
0.346257
0.287489
0.163315
0.536329
1.006417
0.691196
1.559070
1.309963
0.616002
1.907619
1.054982
0.728064
0.603645
0.463616
2.087991
1.131501
1.454715
1.154649
0.986897
2.334701
1.017040
0.638568
1.480828
0.789524
1.061714
1.575017
2.391307
1.509223
1.893894
1.362538
0.222931
0.406815
0.902631
0.714710
2.106968
1.058590
0.741466
0.866743
1.447150
0.708313
0.894726
1.556999
1.046889
0.892245
0.909114
0.823691
0.740146
1.284005
1.072959
1.708970
1.134658
0.544912
0.631934
0.837520
1.140721
0.704559
0.764694
1.245540
1.361009
0.526498
0.802879
0.861583
1.764509
1.226166
1.148592
1.358496
0.432532
1.574284
0.524704
0.527568
0.403439
0.649456
1.131280
0.978939
0.177175
1.183024
0.965405
2.105565
1.234805
1.872541
1.339518
2.023139
0.536095
1.629541
1.112552
2.262899
0.379408
1.834350
0.515942
0.690590
0.560088
1.812437
1.042416
1.000383
1.102133
1.571972
1.758550
0.674829
1.078779
0.627433
0.633247
0.694776
2.109549
1.278553
1.658206
1.508102
0.963571
1.833721
1.344300
0.857220
0.072126
1.500680
0.901571
0.869969
1.180896
0.653198
1.599573
1.408252
0.840517
2.028399
1.693296
1.125454
1.218719
0.910013
1.433194
1.617193
1.234489
1.099757
2.339807
0.624967
1.324840
0.680714
1.165743
1.046183
1.756056
0.504967
0.862741
0.992554
1.809165
1.034052
0.572246
1.042453
1.020249
1.159455
2.880778
0.801103
1.072105
0.788008
0.477011
0.932598
0.449590
1.866316
0.968314
1.657415
1.134820
0.982084
1.670124
0.338696
1.485761
1.726269
0.297818
0.833324
1.732071
1.335251
0.415179
2.323819
0.988709
1.141672
0.782214
0.925952
0.808350
1.249706
1.624568
0.890883
0.727430
0.321972
1.315300
1.032042
1.166600
0.656172
0.945529
1.717833
0.762779
1.490179
1.151795
0.485172
1.385101
1.307769
0.656076
1.373418
1.710478
1.249244
1.277797
2.008370
1.060278
1.375557
1.538889
0.857137
1.250529
1.728292
0.559746
1.954976
0.717369
1.219413
1.122195
0.346673
1.448997
0.567607
0.951956
1.034161
1.379534
1.794229
0.778203
1.466587
1.208446
1.901548
1.524664
0.793046
0.825709
1.332128
0.865747
0.291662
1.810871
1.164504
2.163861
1.476851
0.865313
1.059623
1.114741
0.740188
1.062687
1.807291
2.347597
0.699255
0.889599
0.404532
1.182390
1.456971
0.477927
0.362846
0.975899
1.503442
1.189968
1.278087
1.446905
2.249496
0.334231
0.871300
1.360148
1.172669
1.035977
1.488988
0.888069
0.127995
0.609600
0.851334
1.174490
0.877291
2.496391
1.422916
1.565113
1.431050
1.431126
1.809310
0.983528
1.003644
0.925256
1.384886
1.225460
1.804835
1.392300
1.664876
1.667427
0.874931
1.183408
1.539949
0.981753
0.494918
1.326144
1.013719
0.836804
0.695023
0.979516
0.521593
0.609613
1.278433
1.344539
0.593171
1.314112
1.270054
1.609727
2.113017
0.595485
0.451090
0.746214
1.981423
1.414010
0.624806
1.106197
0.097357
0.785856
1.031639
1.473193
0.723632
2.047405
1.395059
1.388707
0.982109
1.347914
0.843515
1.095389
0.223160
0.963488
1.262706
0.541206
2.197010
0.400121
0.678258
1.292994
1.245604
2.288324
0.151537
1.518950
0.663711
0.854821
1.108884
1.444626
0.929365
1.578179
1.366178
1.722650
0.931834
1.875656
1.390334
0.855101
1.286453
0.757219
1.153747
2.267269
1.025579
1.823100
1.731973
0.680798
1.784406
2.054314
0.829286
1.285699
1.178730
1.159845
2.524129
1.034808
1.316295
0.469496
1.235918
1.613992
1.095400
0.893068
0.598616
1.165495
0.605489
1.070826
0.632527
1.758415
1.773581
2.039507
1.183237
2.220804
1.332649
0.896460
0.280320
1.422171
1.024030
2.608106
0.874912
0.905831
3.370037
2.145794
1.705261
1.189579
0.975850
0.847804
0.630476
1.353356
1.225376
1.211644
1.480003
0.609984
1.111357
0.616564
1.643486
0.884611
0.769240
1.854715
0.608909
0.840286
0.442259
0.895524
1.227566
0.718029
0.457884
0.456585
1.578180
1.594878
1.084961
0.376774
0.704678
1.251039
1.320074
1.631221
1.342225
0.963758
0.410754
1.561916
1.623612
1.168467
1.594373
0.410316
0.701793
1.446503
1.583146
0.995215
0.373265
1.390993
1.389490
1.544162
2.142785
1.431880
1.601570
1.235648
1.140648
1.000975
1.413204
0.699337
1.982707
1.431296
1.267562
1.037312
0.836960
1.422585
1.363184
0.935823
0.708066
1.558915
2.276658
1.240301
1.430676
1.795559
1.208905
1.085618
1.515266
0.443627
1.301420
2.009534
0.972413
0.727091
1.085634
1.044751
0.760617
1.562130
2.301576
2.786704
1.944374
1.085236
2.425822
1.477769
1.216392
1.549940
0.586429
1.536792
2.371313
1.361690
1.932779
0.697076
1.164128
1.723969
0.837535
0.836560
1.562025
0.752624
0.629472
1.037334
0.985458
0.973943
1.434341
0.970664
1.204351
2.347006
1.413770
0.614486
0.355054
1.172695
2.421036
1.393132
1.494653
1.109859
0.806617
1.725509
0.588168
1.839840
1.196741
1.678631
0.973268
1.653420
2.080752
1.013870
2.033324
1.236930
0.962211
1.244010
1.700407
0.754369
1.103621
2.065456
1.027979
1.101745
1.366182
1.072864
0.486407
1.815470
0.930180
1.194031
0.871209
1.872516
0.686226
1.355014
1.627564
0.748706
2.392046
1.321372
1.297173
0.906286
1.641510
1.079995
1.936263
0.722832
1.798515
1.456827
0.908908
0.926610
1.345873
1.278728
1.074911
1.089582
0.621103
2.156789
0.488266
2.231693
1.538517
1.213604
1.334431
0.236270
1.300063
1.128277
1.221016
2.081383
0.707462
1.497610
1.731053
1.183115
1.446901
0.980350
0.462926
0.542080
1.238578
1.387467
1.628417
0.451033
0.695967
0.741199
0.323591
0.868973
0.610897
1.488880
2.131389
2.738095
0.291434
1.494931
0.768168
1.050240
2.214821
0.317792
1.670291
0.914019
0.840330
1.263806
1.376991
1.815017
1.724257
2.045732
2.097207
0.912146
0.912786
1.081191
2.625203
1.000446
1.045672
1.338211
1.083716
0.611495
0.789198
0.399928
2.793447
1.343889
0.619810
1.787820
0.984743
0.394151
0.916396
1.184896
0.566313
1.641133
1.339446
0.835494
1.138319
0.714866
2.702124
0.825718
0.643333
1.268201
2.014046
1.125304
0.626542
1.446172
1.635342
1.348795
1.514827
1.403767
0.402273
2.022064
1.975248
1.249681
1.718430
1.831164
1.328711
1.644242
1.947835
0.554310
1.824124
1.561104
1.680368
0.602473
1.066291
0.861781
1.797205
1.401731
1.272082
1.779177
1.117780
0.864151
0.659791
1.255000
0.695512
0.865607
1.051239
1.189735
1.164047
0.875849
1.979461
1.822182
0.651822
2.036889
0.270785
1.507479
0.461647
1.946821
0.822351
0.968233
0.589701
0.945260
1.149597
1.590564
2.425489
2.132075
1.131306
1.824536
1.352153
0.654822
0.696387
1.546130
1.638596
1.519135
1.311276
0.953545
0.609364
0.979335
1.378663
1.417667
0.841353
1.708352
1.583208
1.801306
0.290163
1.697558
1.208185
1.742376
0.857814
1.489956
1.330733
0.688488
1.284190
0.817279
1.415873
0.904205
1.868623
1.350887
0.983496
1.498685
0.460013
1.409045
0.809059
1.322719
1.114867
0.918652
0.674341
1.007138
0.488059
0.991480
0.906527
1.979664
1.680493
1.452039
1.144854
1.564280
0.914928
0.941525
1.246867
1.749256
0.391031
1.869376
1.231057
0.327385
2.352286
0.915013
2.326832
0.972942
0.875765
1.680617
0.571428
0.340402
1.203448
1.570667
1.079193
1.764773
1.179550
0.992320
1.881322
1.263354
1.193954
1.594793
2.108359
0.942790
0.857236
1.082645
1.660418
0.851816
1.382008
1.258649
1.073869
0.903865
0.671867
1.009458
0.810005
0.476054
0.523819
1.207214
1.773779
1.693737
1.175764
1.844138
3.070134
1.345606
0.990630
1.821795
1.816829
0.295117
0.749855
1.098676
1.617621
0.650041
0.626533
1.960564
0.743674
0.463319
0.853075
0.962053
1.164540
0.729614
1.328183
1.597363
0.650150
1.220849
0.163833
1.903824
0.603950
0.632333
1.462802
1.018637
2.616193
1.164826
1.158046
0.335857
0.895435
1.992866
0.677640
1.294992
0.793854
1.691090
0.713847
1.456070
2.142175
0.997421
1.915988
0.592717
1.861868
0.722693
1.538150
1.192542
0.336612
0.971499
0.922312
1.204364
1.146488
1.248134
1.373897
0.969934
2.340434
0.338045
1.168505
1.908046
0.791908
1.706603
1.118577
1.432965
0.565188
1.965134
0.834601
1.322168
0.959497
1.928337
0.813562
0.508150
0.586941
0.490176
0.952976
0.814897
1.017906
1.243055
0.997239
1.593320
1.571449
1.744504
0.652700
1.531886
1.018747
1.572558
1.528529
0.827355
0.455169
0.762220
1.441062
1.552259
2.369512
0.810269
0.789028
1.995460
1.217816
1.815765
1.365851
1.936232
1.173258
2.028807
0.784029
1.020505
0.897535
1.869263
1.318055
1.192924
1.777491
0.982307
1.807954
0.790105
1.094641
1.986420
1.433324
1.868749
1.144370
0.803045
1.679588
1.725665
0.657021
1.730583
0.962631
1.488565
1.077137
1.265656
0.216424
1.042021
2.214020
1.551626
1.323557
0.669562
1.080217
0.893681
1.032307
0.937256
0.186749
1.241512
1.146806
1.080983
0.589228
1.640953
1.295235
1.272335
1.442496
0.932904
0.719039
0.644764
0.446913
1.452225
0.749440
0.808232
2.427077
0.493578
1.931500
1.297060
1.644201
0.467023
1.878087
2.131064
1.072228
1.487930
1.425220
2.513815
1.959237
0.527143
0.175139
0.857293
1.207924
1.574494
0.723554
1.875145
0.765186
0.523039
1.405277
1.248600
1.001706
1.129601
1.328772
0.786330
0.351423
0.762495
1.664568
1.184600
1.038679
1.310789
2.014227
1.319073
1.303063
0.764538
1.099732
1.356796
2.003325
0.779181
1.578158
1.506260
1.409706
1.369853
0.629984
0.975714
0.535342
1.085548
0.622120
0.732746
0.788347
1.467201
0.771221
1.322099
1.236458
1.081200
1.260265
1.043838
0.867566
1.033074
1.313650
0.833657
1.174308
0.756731
1.994896
0.678089
0.932958
1.080847
1.230340
0.605146
1.472181
1.641706
0.712258
0.738256
0.961309
0.370006
0.875805
0.771894
2.524620
1.010726
0.674933
0.588695
0.633213
1.798993
0.743804
0.981192
0.598779
1.193068
2.081031
0.708813
1.469702
1.699693
0.818844
0.966430
0.890592
1.549306
2.696330
0.481488
0.956143
2.437965
1.523869
0.748734
0.960524
0.928455
1.445009
1.133708
0.439332
1.156884
0.809110
0.921832
0.707474
0.797999
1.598875
1.590691
2.981306
0.916959
1.093179
0.441468
1.589444
0.661578
0.831289
2.016755
0.941761
0.815094
2.084885
0.908446
0.793962
1.557493
0.626704
1.183976
2.209971
1.575084
1.135512
1.250509
1.296793
0.831660
0.497992
1.640487
1.139603
1.219795
0.984821
0.835402
0.864358
0.852841
1.713141
1.718867
0.595353
0.988094
1.063616
1.634139
0.474488
0.874674
2.245540
1.107210
1.719400
0.903599
1.371899
0.855725
0.456974
0.278459
2.081277
1.525756
0.446934
1.078017
0.384617
0.314397
0.830333
2.138162
0.824207
1.152195
1.450614
0.149519
1.187526
0.621430
0.419860
1.779673
1.252616
2.282317
1.272701
2.483919
1.231856
1.117801
1.219115
0.981210
1.215335
0.818203
1.447762
1.699168
1.373347
1.247176
1.035842
2.102563
0.850414
0.899874
1.358886
1.077747
1.543897
1.600631
0.781077
0.811570
0.743796
0.721765
1.336573
2.122227
1.561227
2.281012
0.926297
0.964023
1.264401
1.526705
0.822216
0.956923
0.500075
1.483217
1.492693
1.247531
1.103623
2.117167
0.460997
0.629175
1.482368
1.439313
0.709155
1.008097
1.284669
0.867238
0.912453
1.515435
1.198662
0.775960
0.938554
1.397513
0.666592
0.855730
2.012946
1.528019
1.065972
1.172361
1.686573
1.296356
1.830646
1.144961
0.765411
0.606869
0.725067
2.226596
1.415583
1.311669
0.760841
2.058612
1.596566
2.117868
1.688058
1.808077
0.911216
1.356358
1.532599
0.853175
1.598340
1.112618
2.167826
0.687524
1.009600
1.569794
1.224684
1.480680
1.717570
1.051032
1.956006
1.495246
1.008641
2.267919
0.656782
0.998360
0.787730
1.458735
0.653262
0.864576
1.403412
1.134094
0.618700
1.745099
1.522518
1.543571
0.965819
0.647313
1.796128
0.524044
0.677536
2.607723
1.612589
0.770228
0.849199
2.255161
1.174116
2.052678
0.473281
1.042024
0.341993
1.073072
1.373492
1.401379
1.056365
1.068923
0.740160
1.223860
1.572970
0.914402
1.513238
0.783274
0.462927
1.637120
2.145732
1.689396
1.041398
1.383164
1.468052
1.031297
1.282319
1.130176
0.826382
1.753330
1.206191
0.894556
1.846642
1.344779
0.512787
1.138272
1.242964
2.133497
0.700356
0.751200
1.067872
0.637777
0.878298
0.157627
1.855171
1.422556
1.611939
1.178200
1.767440
0.851349
1.702059
1.084053
0.588069
1.247807
0.903254
2.066025
0.821785
1.015666
1.269418
2.024154
0.874381
1.609447
0.791436
0.776407
0.451908
0.803279
1.097869
1.222410
1.966888
1.026460
1.206933
0.870424
1.028982
1.436400
1.450076
1.345716
1.098706
0.668131
1.601384
0.906759
0.975506
0.917072
1.692419
1.512368
1.522908
1.242218
1.267447
0.570001
1.161625
1.006817
0.605922
0.858214
1.640765
0.945402
0.546333
1.244415
1.367245
1.506383
0.853402
1.491387
0.617182
0.693339
0.505231
1.515330
0.779562
0.752884
1.088938
2.081350
1.447438
0.803881
0.555509
1.385073
1.690221
1.717153
1.794142
1.331432
1.327714
1.571566
0.450101
0.756669
1.578668
2.076035
1.631713
1.386131
1.050846
1.477125
0.702664
1.610551
0.944027
1.550195
1.254721
1.570415
0.747154
1.052708
1.166397
1.048628
0.907568
1.936860
0.562365
0.475388
2.075191
1.029863
2.815684
0.506253
1.863346
1.243260
1.395499
0.592526
0.823375
1.306595
1.726959
0.451983
1.302343
1.579332
1.078725
0.423021
1.772866
0.984282
1.558909
1.568081
1.009035
2.302212
0.267427
0.526737
0.514638
1.691225
1.253487
1.670055
1.345504
0.837130
1.886588
0.878953
0.969413
0.594298
1.293101
1.010656
1.558756
1.376905
0.734130
1.140003
1.255096
2.166102
1.538948
1.154877
0.948901
1.554070
0.814456
1.380174
1.742720
1.369542
0.874393
0.306073
0.331919
0.668204
0.961988
0.686752
1.125434
1.332079
2.544420
1.312539
0.914052
1.904032
0.773736
1.762621
1.482732
1.583532
1.351927
1.121837
1.415347
0.761391
1.751998
1.164118
1.487548
0.846507
0.863048
1.217714
1.173187
1.275932
1.477152
0.583021
2.496109
1.488120
2.139016
0.903173
0.381403
1.366758
2.050780
1.016767
1.446335
0.856579
1.377763
0.838570
1.143826
1.625225
0.816601
1.455687
1.296650
0.610315
1.816031
0.709019
1.138575
1.641620
0.495652
0.855111
0.278624
1.196376
1.538170
0.852858
0.944622
1.675176
1.403115
0.611751
1.182886
1.185264
0.904566
1.849347
0.665474
2.481246
0.906021
0.413424
1.063868
2.539368
1.254718
0.558373
0.565753
1.766298
0.970570
1.233520
1.152032
0.860336
1.397740
1.627331
1.579927
1.159783
0.903617
1.209834
1.799275
1.910011
1.157978
1.943770
1.463194
1.294668
1.213623
0.773107
1.718306
1.101903
0.979793
0.967306
3.451029
1.769069
0.916025
1.416000
0.935864
1.531835
0.981294
0.917382
1.260006
1.852348
1.374052
1.163744
0.887443
0.533188
0.587917
1.647368
0.898645
1.380092
1.571381
1.237591
1.416418
1.049400
0.654031
0.827231
2.117682
1.811591
1.163379
0.959007
0.973858
0.868407
1.259992
1.094296
0.096568
1.648252
1.813945
1.132017
0.598836
1.357326
0.748540
1.430827
1.051077
1.664665
1.292392
0.825452
0.954737
0.609887
1.744381
1.439294
1.321742
1.578675
1.160676
0.916239
0.373370
1.538197
0.532477
1.080135
1.644713
1.526316
2.187245
0.686699
1.468261
1.915252
1.411297
0.796232
1.471176
0.915647
0.734030
0.633929
0.780276
0.777183
0.534360
0.457710
0.971078
2.260735
2.432141
1.011403
2.239987
0.841513
1.745957
0.629326
1.412027
1.425529
0.189116
1.147988
1.857489
1.853211
1.180136
0.313796
1.125118
0.381226
0.753574
1.022297
0.756634
1.382020
2.490284
0.326758
1.406998
1.116497
2.207165
1.310173
0.986699
2.057936
1.475647
0.589040
0.713103
1.588794
1.261624
1.230295
1.569396
1.030763
1.520581
0.387519
1.284724
0.372662
0.776593
1.875142
1.003694
1.516347
1.915330
0.965930
1.792552
0.653665
0.958583
0.606369
1.234699
0.529097
0.512443
1.257636
1.137075
1.858658
1.980746
1.370405
0.815162
1.655185
1.448711
1.432272
1.863440
0.820990
1.078574
1.129240
0.652962
2.114965
1.878270
2.716628
1.843909
0.619927
1.099396
1.738437
2.057881
0.641597
1.001567
0.946071
0.902118
1.613321
1.219888
2.032378
1.582072
0.227424
0.583631
1.371671
2.010628
1.848662
1.795351
0.531130
1.158553
1.286363
2.001603
0.681229
1.771399
1.702427
1.981331
1.585825
1.078376
1.838352
0.620846
0.389640
1.064862
0.480625
1.081847
1.532193
1.187813
1.479652
0.789567
0.733328
1.623814
1.905861
1.195977
1.396257
2.007393
1.192414
0.793079
1.225943
1.532634
1.172648
0.993994
0.999950
1.099285
0.635822
1.011448
0.732574
0.865744
0.269347
0.317323
0.818543
2.443438
0.379119
2.182740
0.993258
1.917873
1.101703
0.297082
1.368559
0.735568
0.532381
1.436041
1.218753
0.789171
2.401142
0.580273
0.408943
0.530217
1.763794
1.253945
0.821687
0.225876
1.186899
0.495684
0.880097
1.455279
0.654797
0.921123
1.334280
0.679246
1.553154
0.780055
1.559826
1.679400
0.669224
1.003136
1.694357
1.859366
1.584036
0.873369
1.378489
0.904129
0.827990
0.807445
0.694575
0.465512
2.272998
1.298657
0.721493
0.742159
0.496475
1.592141
1.333292
0.694386
0.385546
0.642546
1.147058
0.652766
1.557504
1.222009
1.137893
1.658481
1.089288
0.799966
1.401813
1.416666
1.921934
0.264724
0.788388
1.388773
1.695938
1.919234
0.861039
1.218578
0.662178
1.969002
0.460617
1.452942
1.890562
1.026231
1.096587
1.410932
2.583970
1.087334
0.910142
1.251125
1.423362
1.343206
0.900802
1.285108
1.473195
1.257953
1.609048
1.210750
1.786439
1.282712
0.835967
1.075643
1.391089
1.495507
1.644547
1.726346
1.080701
1.581122
0.904848
0.382570
0.715497
0.776508
1.143653
0.963237
0.282215
0.762244
0.954304
1.677897
0.496721
0.854453
1.291174
1.883733
2.145031
0.444789
0.882620
1.262596
1.812822
1.024872
1.075391
0.327768
0.948607
0.355623
3.146354
1.021497
0.776313
0.461097
0.531896
1.324604
1.405987
0.555856
2.037445
1.177415
1.282106
0.564910
0.934647
1.073985
0.643060
2.115193
1.248080
1.370337
0.576036
1.860403
0.609138
1.627964
1.008061
1.205746
1.001615
0.236493
0.489127
0.632645
1.233872
0.854000
1.649961
0.975074
2.247738
1.050536
1.763764
0.841141
2.136920
0.975428
1.994841
1.908708
1.188042
1.197863
1.354457
1.614248
0.966364
2.044581
1.156514
1.070215
1.894091
1.425129
1.642380
0.600587
0.601203
0.957698
1.210101
1.814565
1.576161
1.750386
1.795213
1.162551
1.821285
1.663084
1.133200
1.539889
1.433633
1.315147
1.215565
0.475268
1.188897
1.531117
1.479756
0.829160
1.212829
1.336866
0.826019
1.483830
1.116561
1.411648
1.157837
0.875601
1.062787
1.336803
1.524032
0.990298
0.496624
0.470356
1.496351
1.902950
1.029240
1.114344
1.052554
1.006275
0.375450
1.247692
1.175177
0.444073
2.211661
0.735964
1.723976
1.257796
0.750626
0.833009
0.816018
1.480213
1.213407
1.469195
1.719435
0.610017
0.937693
0.731655
1.946772
1.675497
1.400169
1.323053
0.878378
1.046071
1.130411
0.193414
0.630153
0.494218
1.333536
0.932503
1.302498
2.188911
0.902274
2.541152
0.823484
1.800691
0.855400
1.854097
0.729486
1.644696
1.571450
1.620827
1.583276
1.562607
0.573042
1.209934
0.407779
1.627901
0.976335
0.580534
0.846373
0.707316
0.951975
1.469587
0.676951
0.893218
0.686814
1.206224
2.463946
0.522303
2.205277
1.080222
1.580915
1.139871
0.466589
1.692118
0.731664
0.401184
0.910722
1.692226
1.484957
1.205620
1.432169
1.084418
1.187467
0.516298
1.671724
0.586327
0.470272
0.693090
0.441196
1.071723
1.974126
0.753811
1.283659
1.692004
0.939244
1.161779
1.049071
1.398695
1.531601
0.711244
1.103970
1.224412
0.972459
0.928007
1.793465
1.479102
1.863029
1.117977
0.596885
0.717882
1.054708
0.480866
0.822235
1.145874
2.107892
0.906849
1.165406
1.483501
1.017608
1.850013
0.549087
0.420761
0.743706
2.248863
0.667726
1.310337
1.308271
0.806642
1.358584
1.348363
2.364280
1.201138
0.998738
2.365850
1.469091
1.835548
1.364874
0.259626
2.158213
1.297682
0.613973
1.024107
1.014071
1.307561
0.753983
0.975079
2.275959
1.390264
0.561696
1.601387
1.243010
1.017576
0.882503
1.382114
1.553872
1.087051
0.504671
0.650169
1.590463
1.346851
0.438919
1.082948
0.533169
1.391453
0.647128
0.891360
1.697415
1.446960
0.854954
0.550441
1.054593
1.194686
1.546212
2.246949
1.045754
0.697372
1.072504
1.012522
1.269233
1.219040
0.894865
1.458918
1.398637
0.795447
1.750840
1.062918
0.540879
1.675154
1.492551
1.696324
1.087718
1.175528
1.113648
0.752774
1.919103
1.567415
0.340700
1.741175
1.268760
1.009407
0.924746
1.113686
1.108980
0.367388
0.459163
1.118745
1.209899
1.164805
1.758116
1.123550
0.408716
0.802214
1.561564
1.418258
0.764174
1.115577
0.519323
1.080449
1.786344
1.612214
0.334903
1.892060
1.023259
0.678781
0.908883
0.607305
0.417932
1.172823
2.607976
1.674514
0.798523
1.737295
0.724726
1.636583
1.543321
1.166462
0.975394
1.255446
2.172709
1.051212
1.541306
1.184462
0.621222
1.038421
0.890708
1.322501
1.139291
0.964384
1.209681
2.255586
1.836749
1.071777
1.378962
0.686763
1.097233
1.354580
0.781246
1.329284
1.952316
2.792147
1.135302
0.323609
1.461641
1.914305
1.397859
0.331904
0.639882
1.124575
1.540350
0.843477
1.603477
1.489105
0.537739
1.770051
0.984003
1.657862
0.956247
0.986815
0.662204
0.963795
1.220007
0.269208
0.891063
0.375604
0.509282
1.375904
0.902473
0.990576
2.080902
0.921530
1.462870
0.812883
0.572781
2.288333
0.477022
1.649681
1.126939
1.550884
1.154982
1.430034
1.998330
1.379990
1.752070
1.184847
0.552000
0.675236
0.565099
1.725585
2.832593
0.610625
2.015148
0.809035
1.144293
1.465642
0.925212
1.435211
1.457196
0.927123
0.785723
0.909896
0.843608
1.520784
0.744329
1.715787
0.753473
0.402513
1.777845
0.761554
0.638615
1.137188
1.731919
1.490646
1.598386
0.866821
1.556582
1.381638
1.794668
1.211018
1.961969
1.346561
0.834074
1.186666
0.997258
1.632113
1.493358
1.345443
1.248883
1.344234
1.313934
1.699674
1.459569
1.105257
2.111187
0.618902
0.494981
0.898467
2.112014
1.509625
0.517799
1.452767
1.994383
1.123254
0.883562
0.662901
1.615366
1.322307
0.901312
1.842320
2.042248
1.639078
1.129092
1.282644
1.562436
1.970474
1.328114
2.142898
1.190643
1.513593
0.968008
0.950165
1.527216
1.112693
1.957481
0.607969
1.738521
0.887216
1.560012
1.578294
0.367998
2.047153
1.301010
0.993958
1.306945
1.095341
1.252612
0.727656
1.219304
2.241043
0.657656
0.558002
1.695582
1.373387
0.251256
1.238510
1.219357
1.171028
0.921534
1.782685
0.724923
0.735543
1.354668
1.666950
1.179183
1.889908
0.929879
1.405194
1.420259
1.479359
1.247574
0.681611
1.101410
1.625543
1.390084
1.204284
0.881727
0.913786
1.077428
1.656447
0.484093
0.464964
1.024654
0.868327
0.851035
0.634873
0.961872
1.196910
0.955508
1.460551
1.737145
1.240456
0.686565
1.440401
1.795909
1.975493
0.962161
1.303954
1.932426
2.370947
1.471995
1.377989
1.175231
0.532141
1.155691
1.338661
0.944214
1.154382
0.829740
1.046867
1.322706
1.366992
0.435155
1.783223
1.099894
1.212074
0.890655
1.521704
2.039713
1.311019
1.656759
1.461542
1.224077
0.930445
1.616109
0.466760
1.531620
1.506878
1.075148
1.368192
0.942694
1.241691
0.961656
0.973281
0.926145
1.469568
1.331711
2.326404
1.372778
0.280483
1.250204
0.638155
1.743859
0.691453
1.542417
0.847258
1.357365
1.711151
1.994233
1.312886
1.954159
1.067578
0.682880
0.841065
1.377276
1.584805
0.368729
0.741673
1.642913
1.013167
0.964663
1.663726
1.662671
1.746103
1.335800
1.234844
1.394365
1.482153
1.161934
0.879894
1.238802
2.086086
1.090394
0.923636
0.791030
1.774766
1.961539
1.179524
0.915855
0.782262
1.110542
1.440229
1.018029
1.650477
1.935637
0.813601
1.186014
1.625137
0.624756
1.509807
1.389290
1.803531
2.275149
0.694225
1.193371
1.066374
0.873727
0.754024
2.156721
1.587559
0.929725
1.129036
1.134820
1.709885
1.449034
0.362516
1.639178
1.180236
0.682258
2.131670
0.307309
1.544315
1.346206
1.355931
1.586775
1.036473
1.578794
2.353614
1.441073
1.090359
0.834668
1.195931
1.335486
2.185300
1.509569
1.087751
1.268951
0.806598
1.302323
1.063480
0.623475
1.938855
1.755360
0.990328
1.095247
0.656774
0.882158
1.427003
1.327044
1.546802
1.124782
1.246882
1.797876
2.127467
0.571392
1.928604
1.478481
0.668611
1.433204
1.820567
0.781242
0.750362
1.722606
1.657403
1.192180
1.423661
1.531306
0.466238
2.533677
1.203518
0.865865
2.797970
0.397730
0.641981
0.399550
0.421349
0.795404
0.989146
0.705993
1.046790
1.090205
1.373277
0.806763
1.906428
1.586437
0.728283
1.748531
0.857151
1.227982
0.391895
1.399292
1.305463
1.069941
0.406984
1.189755
0.571976
0.823468
1.429906
1.082590
1.469356
1.333989
0.489929
1.844520
1.899300
1.024447
1.255250
0.731738
1.043356
0.431814
0.629078
0.771291
0.697619
1.940079
1.542741
1.505180
1.484053
1.096859
0.472055
1.284863
1.766765
1.156241
0.887576
0.301629
1.263293
0.873149
1.187830
1.077002
0.940299
1.102638
0.827775
1.587624
0.638664
0.916019
1.623275
0.698222
2.263315
0.460180
1.909903
0.894217
0.991311
0.853719
2.109335
1.889850
0.945056
1.358972
1.858997
0.687125
1.210222
0.944217
0.923009
0.679452
1.673921
1.569119
1.125684
0.971820
1.585880
0.540212
0.879353
1.039641
1.335412
1.290049
1.488044
2.070359
0.198383
0.800595
0.329432
0.572496
1.593627
0.519792
0.891534
0.452269
0.898589
0.776784
1.136114
1.824993
1.511566
2.009539
0.942196
0.585875
1.603803
0.960569
0.558726
1.050351
0.599006
1.163002
1.113561
0.418802
0.489503
0.829860
1.380956
0.889755
0.806165
2.311995
1.932861
1.676471
0.723291
0.540442
1.834145
0.364675
1.267083
1.260731
0.601441
2.380702
0.478083
1.138053
1.048973
0.553308
1.881965
1.370197
0.716517
1.772317
1.418155
1.346821
1.518310
0.787581
1.100184
1.395572
1.297928
1.793770
0.892602
1.358502
1.761408
0.394751
0.622658
1.420329
1.671592
1.989013
0.410732
1.507263
0.900543
1.020202
1.085521
0.614818
1.589403
0.939670
0.728295
1.770093
1.719134
0.611778
0.774295
0.663998
1.270920
1.063284
1.201675
1.078916
1.898313
1.903511
0.768189
1.452172
1.247708
0.820697
0.687916
0.508000
2.259646
1.037735
1.860807
1.610871
1.051866
0.902572
0.653090
0.696229
1.202694
1.204273
1.320308
0.744899
0.842147
1.271334
1.424035
1.046166
0.931913
1.176213
0.635548
1.292408
0.657488
1.184031
1.946743
2.379046
0.675220
1.888033
0.968223
2.612834
1.160724
1.224888
0.853388
0.619346
1.369850
1.820593
1.371792
1.047704
1.195670
1.680012
1.324953
1.520101
1.276179
1.470110
1.151205
1.452894
0.921725
1.958013
0.677710
1.363734
1.178625
1.329607
0.690150
1.501889
0.690994
2.750265
0.557329
1.018819
1.057028
1.911162
0.848059
0.865441
2.236656
1.442520
0.834461
1.654133
1.338283
1.616712
1.974907
0.335431
1.067816
1.057385
1.959736
0.910636
1.672383
1.701561
1.345813
1.159178
1.231701
1.560398
1.805969
1.635913
0.605211
1.407144
1.446829
1.792580
1.146707
0.683729
1.564336
1.192574
0.979296
1.004595
1.371567
1.518569
2.653588
3.047228
1.319831
1.566572
1.582152
1.285940
1.342333
1.691484
1.589153
1.804253
1.161201
1.813692
1.528383
1.004876
0.404676
0.727040
2.674542
1.128395
0.088162
1.783216
0.696377
0.848995
0.833687
1.064400
1.040379
0.273049
3.080375
0.901012
1.236855
0.793627
1.339810
1.014828
1.354477
0.602579
0.849034
0.858985
2.208524
0.342300
0.728452
1.048103
0.647408
1.421117
1.123163
1.726190
0.772769
1.235813
0.510636
0.738609
1.703252
1.220843
1.860065
1.906122
1.446936
1.088416
0.693649
1.783155
2.283389
1.575970
0.944883
1.282786
1.525136
0.564083
1.641274
1.208505
1.508718
2.271084
2.364292
1.441067
0.500317
1.609360
1.899689
0.620343
0.524816
1.450501
2.341666
0.744092
1.089371
1.842875
1.171372
0.857853
1.423555
1.200083
1.392240
1.082386
0.796952
1.270758
1.395087
0.941886
1.002385
0.714664
0.998492
0.933331
0.463489
0.424302
1.195305
1.282693
0.852338
1.267145
1.634389
2.405546
1.078761
1.009697
0.679923
1.301518
0.677601
0.610995
0.147550
1.662322
0.897654
2.528428
1.183310
0.761836
0.934279
1.529993
0.741461
0.618645
0.832309
1.057431
1.400540
1.531831
1.068332
2.667436
0.911045
1.768497
1.513957
0.578544
0.762516
1.450351
1.817183
1.195802
1.427973
1.495169
0.582073
0.942223
0.590982
0.870899
1.268422
0.553967
1.247514
1.039657
0.704794
1.227089
0.811893
0.878229
0.932721
1.689399
0.734304
1.444401
0.569045
0.837117
0.547709
1.361822
0.978708
0.736388
0.575781
1.371036
0.632640
1.083500
1.806299
0.502077
1.149242
0.940752
1.739797
1.708849
0.656469
0.921050
0.946454
0.697243
0.859489
1.942022
0.913651
0.505986
0.651921
1.469449
1.632147
1.217246
1.032161
1.446635
0.444834
1.291556
0.809294
0.312709
0.993982
0.870495
1.219886
0.873919
1.582732
1.578803
0.837953
0.957346
2.123152
0.777971
0.652384
1.708554
1.639536
0.496311
1.326000
1.760990
1.389299
0.596191
1.243940
1.777218
1.808194
1.204215
0.895090
1.512497
1.225766
2.102157
1.181063
0.803910
0.819963
0.912676
1.891995
1.635006
0.492238
1.531745
2.253019
0.555592
1.426728
0.994239
1.748591
1.507532
0.509319
0.830160
0.806542
0.827086
0.873617
1.671484
1.298409
1.341682
0.799949
0.771391
1.083778
1.122340
1.335361
2.021034
0.657631
1.095503
2.013849
1.266849
0.737601
0.908360
1.367254
1.704489
1.136874
0.806180
0.807672
1.695375
2.140502
1.393137
2.170993
0.582240
0.567443
0.994048
1.212812
2.342465
1.215405
2.169646
0.781748
0.328745
0.914701
1.185905
0.270996
0.998151
1.032485
1.691651
0.754713
0.503550
1.467468
0.969044
2.179764
0.722156
2.049831
0.526940
1.071343
1.452378
0.791568
1.245394
1.382370
1.098934
1.343820
1.942184
0.483577
1.620858
1.817370
1.568316
1.813750
1.331225
1.204841
0.638247
1.862022
0.818223
0.278318
0.585076
1.347990
1.487620
2.211151
0.578209
1.127346
1.066807
1.587526
0.954154
0.808834
1.541109
0.416376
1.489263
1.692920
0.423124
0.692303
1.269477
0.528625
0.820237
0.638690
1.078314
1.058189
1.710113
0.552671
1.470101
0.808194
1.182377
2.456352
0.516528
0.767530
1.717172
1.325182
1.083667
1.424556
0.900493
1.488107
1.143117
0.551500
0.884612
1.193301
1.588397
0.813964
0.881741
1.458642
0.930416
1.100170
0.896078
0.300880
0.688942
1.271429
1.843374
0.818420
0.859924
2.452300
0.631058
2.231158
0.576511
0.616810
1.616428
1.203296
0.882756
1.753432
1.607885
1.200208
0.338223
1.124929
1.717143
0.507108
1.954724
1.220061
0.749234
1.805699
0.750699
0.447859
1.149577
2.073744
1.885174
1.619224
1.670565
1.244381
0.624499
1.257981
1.494376
0.837731
1.401167
1.033327
1.191195
1.017901
1.863609
0.741922
0.613614
0.832797
1.474093
0.905768
1.705985
1.717488
0.741209
1.057127
1.484321
0.249266
1.595599
0.983152
0.681001
1.094170
1.787352
0.959039
1.415441
1.113448
0.740294
1.017605
0.608604
1.427025
0.271279
1.485084
1.129662
1.225806
1.168816
1.690405
0.720598
1.417079
1.217838
0.578447
0.995565
0.791273
1.401780
1.428393
0.695816
1.771437
0.490811
0.957089
0.820850
1.889264
1.837322
1.163552
1.388788
1.310479
1.323815
1.553412
1.378058
1.373998
1.342266
1.440052
0.404493
1.004143
0.856703
0.865931
1.793870
1.621279
1.188653
1.387600
2.168152
0.571408
1.635864
0.872486
0.676320
1.963345
0.944620
0.423138
0.805823
1.437592
0.673674
1.055896
0.642851
0.913339
1.794324
2.650712
0.517715
0.563769
0.647374
1.114698
0.562972
1.044982
0.898350
1.185980
0.960583
0.673506
1.030159
0.882806
1.222071
1.484172
0.741863
0.821911
1.480322
1.812444
1.386609
1.020597
1.254488
1.232012
1.847773
0.855076
1.550185
1.178907
1.386952
1.344319
0.870207
0.702953
0.926458
1.215385
0.388011
2.255983
0.510117
1.929994
0.680410
0.857837
2.008206
0.723051
1.635566
1.853394
1.922906
1.619379
1.119924
0.443289
1.159960
0.744658
0.617099
0.931137
0.943538
0.457154
1.036224
1.410833
1.552020
1.343397
0.991785
0.768138
0.614433
0.757110
1.053288
1.252264
1.470771
1.750210
0.487730
1.229676
0.849784
1.996994
1.267882
1.559629
1.536455
0.470781
1.773334
1.459073
2.441778
1.083374
1.227711
1.064185
1.171294
0.711012
1.368481
1.286372
0.717922
1.704643
0.917883
1.458050
1.862614
0.958471
1.495346
1.242974
1.033063
2.036965
1.519907
1.108465
0.698183
2.552865
1.694737
0.917205
0.810617
0.933873
1.137543
0.518145
1.279349
1.158077
2.577915
0.321024
1.238220
0.484442
0.858527
1.102700
1.863211
1.103608
0.313434
0.780105
2.410322
1.084816
0.398040
0.553192
1.430073
0.311554
0.116877
0.764242
0.889577
0.350730
1.105430
0.942790
1.234730
1.402587
1.262930
1.296097
1.004396
1.511148
0.339502
2.301094
0.611044
1.517480
0.828006
0.733959
1.576882
1.873881
0.877058
2.235474
1.563045
1.286222
0.967884
1.042125
0.853507
0.542857
1.736412
1.136864
1.843977
2.259108
1.728364
0.651160
1.590803
0.943626
1.226948
1.419359
1.376689
2.549880
1.802318
1.800780
1.317464
0.629698
1.680805
1.379467
0.826722
1.065132
1.115902
1.358531
0.306235
0.991927
0.867685
1.082645
1.042124
0.500798
0.856305
1.233165
0.220684
0.462177
0.980427
0.873471
1.374434
1.519814
1.044888
1.041050
1.202849
0.844253
1.773311
1.369069
1.565714
0.839358
0.784572
0.947660
1.245663
1.821466
0.938653
0.575951
1.387734
1.772910
1.562224
0.853287
1.794509
1.382300
0.733851
1.459178
0.830891
2.062634
1.696995
1.220123
1.205374
0.300299
0.949201
1.058060
1.816726
1.145527
1.152207
1.141881
1.379514
2.256963
1.149412
0.628166
1.067224
1.467244
1.861482
0.935072
2.765450
2.186582
1.457042
0.841697
0.483784
1.387548
1.115140
1.019070
1.509172
0.972497
2.001803
0.868028
1.150665
1.059107
0.289617
0.781511
1.327302
1.873066
1.421450
0.378698
0.804604
1.462719
0.662167
1.735565
1.211447
1.124559
2.011985
1.221644
0.791826
0.314621
1.371713
2.243572
0.828706
0.386185
0.968932
0.769532
1.377103
2.079748
1.401451
1.261792
1.815097
1.386813
0.933457
0.934106
1.407202
1.763512
1.037187
1.559970
0.820640
1.646250
0.421985
1.387112
1.332374
1.067823
0.913788
2.466329
0.616780
1.467776
1.047016
1.527765
1.123480
1.030077
2.199745
0.695099
0.847967
1.682057
0.622750
1.129871
1.357561
1.368248
1.510484
1.562907
1.788112
1.861577
0.924521
2.089807
1.366275
1.074936
1.558961
0.366586
0.459949
0.497701
1.768185
0.796102
1.316568
1.527282
0.847017
0.943927
1.194194
0.376186
1.709397
1.186260
1.150072
1.278741
1.617262
0.402554
1.122784
0.844022
0.890879
0.625484
0.598697
0.677948
0.665904
1.248303
1.067984
1.603921
1.521778
1.174223
1.289092
1.875265
1.843017
0.756327
0.478286
1.577667
1.007341
0.626845
1.087961
1.283023
1.556758
0.477142
2.203039
0.684490
1.237935
0.523195
1.050681
2.027895
0.748176
0.971295
1.792700
1.356948
1.380071
0.597147
1.015270
1.103348
0.372339
0.791655
1.407441
0.875697
0.856003
1.708883
1.800360
1.075018
1.402541
1.023794
0.848185
0.965465
1.250327
0.837858
1.491981
1.508647
1.238786
1.190207
0.565791
1.375018
1.478902
0.814413
1.165237
1.145670
1.391982
0.939184
0.852479
1.604224
1.345845
1.939711
1.025362
0.825416
0.814526
0.349348
0.559451
1.633212
0.924682
0.513046
2.418596
0.606420
1.124922
0.970450
0.455016
0.671176
1.310611
0.666616
1.327839
0.551377
1.106439
1.626584
0.726553
1.489299
0.742330
2.161649
0.701369
1.632573
0.652975
1.898729
1.431629
1.333309
1.200781
0.531650
2.046278
0.831300
1.235059
0.980488
2.352746
1.205866
1.739421
0.424536
1.528537
1.276058
1.391832
1.432255
0.771143
0.536296
0.999050
0.817698
2.186326
0.937345
2.874578
0.409065
1.502907
0.489841
2.244012
2.298293
2.031734
0.487781
0.572271
1.447739
1.774001
1.668904
1.856714
0.924473
2.157275
0.528184
1.361194
1.124547
1.223711
1.785530
1.035699
0.754997
0.807377
1.432543
1.743707
2.651972
0.570895
1.100393
1.466626
1.066346
0.729891
0.892084
1.569437
0.969357
2.649439
0.867613
1.233196
1.440363
0.936326
1.633026
1.575032
1.171191
1.601273
1.409465
1.068562
0.644391
1.383808
0.851369
1.292378
1.315529
0.616475
0.699126
0.508918
0.997969
1.585687
1.210528
1.424934
1.095644
0.624586
0.391948
2.027865
0.701293
0.924280
1.688615
1.664202
1.402260
1.719609
0.623215
0.791759
0.968876
1.516684
1.749369
1.539309
1.775270
2.206744
1.709850
1.037921
0.617458
0.946147
0.777451
0.747998
1.358790
1.533988
0.728228
0.678862
0.778207
1.037147
1.623208
0.356380
0.674904
1.674522
0.426992
2.214685
1.358099
1.237469
0.904270
1.253851
2.235387
0.886522
0.893698
0.253251
1.407854
0.298830
1.054202
1.520593
1.026450
1.456055
0.502029
0.641072
1.430115
1.025729
0.879874
1.808437
0.416353
0.541192
0.717874
1.743731
1.083082
1.552099
0.378856
0.603685
1.531892
0.865570
0.746501
1.098922
1.346625
1.429978
1.118002
1.017870
2.227666
0.517004
0.450730
1.167989
0.997534
1.591985
0.896093
0.997579
1.092285
1.397297
1.285788
1.132699
0.540443
0.984068
0.714909
1.664611
0.625080
1.225935
0.963812
1.896343
1.155635
0.817702
1.867221
0.761417
1.538640
1.654543
1.189814
1.332641
0.765840
1.599338
1.454592
1.740730
1.151439
0.928060
1.356935
1.691356
2.556325
2.705235
0.507919
0.578187
0.689974
0.968255
1.074061
1.200800
1.222583
1.635027
1.329538
1.445300
0.478870
1.517264
1.885037
1.116207
1.113793
1.349894
2.065269
1.113340
1.352506
1.671300
0.791708
2.026725
0.479613
1.670733
1.349567
2.103117
1.643625
1.119644
1.771527
1.344782
1.375146
0.928613
1.296280
1.219973
1.049744
1.598830
1.010071
1.483315
0.576089
0.951944
0.672505
0.458061
1.483623
1.162620
1.304637
1.269230
1.154552
0.833667
1.375385
1.314604
1.754457
1.917889
1.707514
1.133153
0.686927
1.360822
1.892928
1.647091
1.846949
1.242047
0.834200
1.243644
0.825499
1.989716
1.555465
1.833594
1.994480
1.402630
1.111126
0.987268
1.179412
0.855975
1.144207
1.172117
0.951844
1.330285
0.948908
2.220045
1.617602
2.250866
0.835112
1.843534
0.858131
0.687298
1.810050
1.881906
1.557684
1.422066
0.913239
0.764079
0.884492
1.050769
1.218425
0.759106
2.047334
1.287640
1.069105
0.471735
1.405454
1.021588
0.473714
0.632003
1.213338
1.170627
1.137405
0.617179
0.926373
0.783837
0.652743
0.118984
1.661492
1.793991
1.721381
1.594836
0.915548
1.172461
0.812411
0.880001
0.486827
1.484644
1.674722
1.400848
1.401213
0.935357
0.828565
2.580905
0.569450
1.456641
1.608855
1.351995
0.373985
1.528546
0.527588
2.703280
0.168846
1.496028
1.374223
1.100803
2.745205
1.215765
1.814148
0.309573
1.308983
1.020607
0.935724
1.303612
0.684376
0.404991
1.014875
1.700001
1.135683
1.687142
1.334489
1.268878
0.765213
1.145695
1.408773
0.500119
1.423793
1.304702
1.304323
0.835305
1.372260
0.629546
1.177686
1.378822
0.980522
1.490626
0.666625
1.798911
1.819018
0.675774
0.705241
0.746863
0.442302
0.552363
0.363593
0.365235
1.808440
0.355363
1.684168
0.989225
1.113512
1.848424
1.341405
1.883984
2.164745
1.240802
1.476958
0.569801
1.834088
2.246199
2.250268
0.574099
0.996156
1.088350
1.536390
1.309897
1.794024
1.086904
0.728971
0.712163
0.839519
0.760596
0.654304
1.662891
0.740892
1.383345
0.902692
0.881106
1.738254
0.875742
0.631305
0.710086
0.649707
1.268623
0.835838
0.672898
1.354731
2.247020
0.883862
1.109364
0.932767
2.028285
1.395532
1.784898
0.790395
2.389386
1.821108
0.699519
0.618825
1.243059
0.949820
1.050042
1.950589
0.805654
0.781205
0.874034
0.838733
1.722837
1.470556
2.064734
0.327863
0.553375
0.411630
0.714246
0.294033
0.771379
1.285601
1.391510
1.102261
1.286013
1.210481
1.005208
0.572342
1.051817
1.061713
1.504251
0.318157
0.889366
0.283418
1.570816
1.332136
1.835862
1.268499
1.103272
1.114151
1.069402
1.524596
0.888532
0.914993
0.796833
1.226009
0.448163
1.089492
1.525365
1.060649
0.669150
1.462232
1.570257
0.831929
0.930769
0.501588
0.868571
1.845477
1.857360
1.407770
0.612406
0.873503
1.205385
0.776906
0.843746
0.633430
1.769255
1.368034
1.426469
1.551132
1.525192
1.503334
1.086710
0.445740
1.344743
2.593588
0.849495
1.372050
0.871793
1.591209
1.562546
0.930570
0.798219
1.168331
0.714875
1.222445
0.840039
0.456510
1.094479
0.878470
0.364366
1.831274
1.597979
0.199261
0.813773
0.847685
1.665303
1.778753
0.487221
0.745263
0.862955
1.123658
0.429930
1.233354
1.237137
2.123358
0.607252
0.704615
0.557332
1.566997
1.203216
1.634274
1.257974
1.325773
1.975510
1.033971
1.245640
1.471268
0.798130
0.631139
1.964807
0.676260
1.292508
1.382763
1.626137
1.208690
1.354858
0.994191
0.400381
1.696370
1.113728
0.781268
1.885216
1.328287
1.962854
1.827321
2.200093
1.162276
0.879730
0.979674
1.657524
1.895193
1.559057
0.785016
0.262564
0.825836
1.224536
1.774932
1.487421
1.415960
1.371921
2.344537
0.746716
0.941979
1.580233
0.259766
1.152738
0.374201
1.523837
1.652946
0.941478
0.928276
1.546153
1.222253
1.224690
1.127902
0.709894
1.458082
1.293337
1.586506
2.147498
0.700486
1.378601
0.624368
0.956569
1.454093
0.976800
0.883576
0.985985
0.794385
0.495785
1.870042
1.185269
0.299239
1.964323
2.253175
0.219105
1.303661
1.469594
1.592513
1.126359
0.593921
1.352835
0.488567
1.576174
1.794551
1.430657
2.173093
1.789504
1.814959
0.621963
1.634958
0.942731
2.517290
1.311122
1.736468
0.723592
1.353216
0.879764
1.273034
1.692881
1.303550
0.617351
0.699113
1.497738
1.011134
1.546224
0.737738
0.744931
1.456640
1.352260
0.558652
1.608016
1.127799
1.209372
1.216393
0.761553
1.031719
0.402185
1.079141
1.075210
2.478202
1.747700
0.757845
1.722642
0.885181
1.317521
0.706852
1.390125
1.206225
1.558440
0.948760
2.644163
1.327503
0.427377
0.643323
1.536609
0.051310
0.919620
1.190554
0.747871
0.461149
0.456462
0.520646
0.727861
0.730651
1.321693
1.459288
0.826731
2.071458
1.221448
0.592010
0.821036
1.374771
1.814239
2.041384
0.934998
2.059844
0.884610
1.067627
1.437060
1.283812
0.397723
1.287509
2.269874
1.336611
2.707977
1.117739
0.698992
1.508863
0.678747
1.248541
1.646800
1.381922
1.731087
1.949400
1.273792
1.351541
0.771065
0.602590
1.006704
1.029716
1.548742
0.850084
1.168449
0.716120
1.267295
0.397354
1.173272
1.934966
1.702285
1.840758
1.347253
1.069706
1.563125
0.501251
0.997132
1.162615
0.980399
1.853063
1.203916
0.894245
1.430162
1.085618
1.178738
0.847840
0.423942
0.689465
0.802624
0.720342
0.803880
1.880230
1.165438
1.051709
2.440530
0.951962
1.213083
0.661456
0.612839
3.018857
2.148016
2.622617
0.670437
0.859144
0.512909
1.367610
0.589396
0.853088
0.622066
1.835027
0.604596
1.387063
0.558201
1.574439
0.703708
0.514001
0.595794
1.231935
1.544326
1.638471
1.051152
0.944329
0.717820
1.023723
0.969189
1.796808
1.005424
0.418877
0.875929
0.626785
1.416823
0.845937
1.709654
0.130924
1.882684
1.008045
0.820515
0.668931
0.721609
1.435521
2.348615
1.446051
0.812545
1.638257
1.186022
0.756805
0.688996
0.344850
1.608399
0.685225
1.563348
0.747899
2.867832
0.756586
1.276374
2.255923
0.949006
1.277008
0.876013
0.506902
0.533966
1.742953
0.798599
1.291443
1.218762
1.100721
0.429428
1.254456
0.800337
0.385676
1.913975
0.530483
1.145717
1.256181
1.785126
1.203916
1.512281
0.922728
0.559389
1.390530
0.426991
0.502174
1.445787
1.498384
0.901647
1.188019
0.910001
0.520288
1.384069
2.264091
2.496357
1.238926
0.934295
1.123876
1.046213
0.986914
1.389984
0.950781
1.143926
1.288984
0.735066
1.255997
1.452816
0.760388
1.925755
0.630797
1.670096
1.032658
0.881525
1.226020
1.687247
0.577570
1.246212
1.231249
0.558742
0.966343
1.268399
0.882273
0.221925
1.742997
0.820813
1.230359
1.450271
1.188866
1.913134
0.938050
0.837724
1.581472
1.222948
1.243110
1.691931
0.719523
1.862264
0.812263
1.651039
2.384617
2.065127
0.867641
2.073112
1.882745
1.044610
0.790978
1.924490
1.719296
2.192583
0.402020
1.238676
2.298145
1.303091
1.097880
0.686320
1.363260
1.415919
0.567375
0.639695
0.909815
0.986739
1.779999
0.832993
1.233083
0.842683
0.791524
0.462874
1.440833
1.357623
1.229486
1.985705
2.058649
0.475653
1.539766
1.947914
1.493273
0.416719
0.720924
0.593608
0.967222
2.310431
1.068816
0.655005
1.230515
2.390302
1.677820
1.000394
1.557864
0.984124
1.450865
0.920723
1.505323
0.502743
1.132033
0.958570
1.511977
0.798474
1.605809
0.923143
1.719978
1.371698
0.830376
1.928848
1.154683
1.113111
1.372362
0.622511
1.415675
0.867006
0.999684
0.841655
0.736380
0.826980
1.344496
1.173355
2.158409
0.648201
1.587268
1.284816
1.161758
0.838286
0.683106
0.961711
1.971484
1.271613
0.771697
0.969753
1.227796
1.760167
1.306785
0.586088
0.298932
1.840676
2.138961
1.112817
2.060322
0.629791
1.556040
1.131411
1.510768
1.184520
1.139389
0.452009
1.062275
0.576095
0.942865
0.833091
1.311858
1.430028
0.542669
0.550172
0.774139
0.481770
0.890832
0.214626
1.336169
0.907976
0.902405
1.878256
1.216671
0.652025
0.939770
0.614105
1.408982
2.039301
1.032624
2.021819
0.426689
1.603221
1.044342
0.933839
2.053019
1.416075
1.469891
0.971547
1.668729
1.690130
1.422295
0.868067
0.810539
1.219403
1.904934
1.951225
1.093975
