2.145722
0.824535
1.371377
2.057509
1.756909
1.624065
0.964370
0.740436
1.845801
2.122534
1.456881
0.989180
1.049171
0.604073
0.803598
1.540076
0.795672
2.296946
0.757242
1.381856
0.947436
1.453471
0.412605
1.313113
1.035073
0.819431
1.594140
0.219372
0.881335
0.871857
0.305983
0.810969
1.317210
1.137184
0.692881
0.300628
0.480636
1.029187
1.136106
2.146435
1.572451
1.774554
1.112811
2.473580
0.662163
0.991931
0.854346
1.675355
1.615389
1.456171
1.338943
0.838962
1.700938
0.665992
0.565555
0.987466
1.663509
0.575928
2.634440
0.871386
1.044684
0.812811
0.675256
1.608354
1.930140
0.960267
0.543036
1.230668
0.263011
1.286585
0.753352
2.014047
1.821595
1.210986
1.493197
1.443510
1.337424
1.164590
1.413941
1.498397
1.161748
0.793981
0.951579
1.916028
1.398727
1.414154
2.038395
0.958184
1.149068
1.077312
1.637659
0.637003
1.630111
2.067418
0.525329
1.333470
1.584913
2.279829
1.049949
1.205713
1.746770
0.731432
0.733532
1.330740
0.944125
1.219941
0.706683
1.631330
3.082563
0.722634
1.274387
1.794453
1.832498
0.957314
0.628239
1.130170
1.538422
0.703224
1.136263
1.360222
1.104527
1.751266
1.252529
1.885713
1.546098
1.801953
1.435228
2.055142
0.862107
1.376771
1.158940
1.549181
0.810789
2.047610
1.353503
1.593050
1.102939
1.442233
2.150057
1.615838
1.141184
1.331405
2.082142
0.757531
1.093686
1.657245
1.328947
0.807003
1.375059
1.600732
0.616958
2.155167
1.275476
1.102186
0.284021
2.343852
1.219575
1.013696
1.638580
1.923045
0.509232
2.263547
2.776814
1.461690
1.275425
1.535954
1.445118
0.859164
1.413959
0.332147
1.320407
1.869629
0.955003
1.550580
2.063973
1.295346
1.810534
0.751187
1.321674
1.116568
2.278708
0.693160
1.038868
1.048254
0.691417
0.799479
2.517157
0.529853
1.475017
1.400842
0.719924
1.476808
2.572119
3.085128
0.928532
1.365363
1.999590
0.363572
0.218897
0.369313
1.656097
1.360766
2.163618
1.523608
1.053541
0.816011
2.321413
0.672509
1.989224
0.545589
2.048585
0.864437
2.130038
0.876029
1.099286
0.881829
1.016246
0.955870
1.290860
0.250066
2.306162
1.383023
1.362727
1.116554
1.020027
0.875496
1.636401
1.127723
2.621100
0.976581
1.122786
1.186718
2.418476
0.951028
0.555364
1.434702
1.439684
0.578673
0.933861
2.218662
1.992023
1.173338
0.630423
1.134720
1.228748
0.991568
1.228686
0.761520
2.413818
1.878059
1.048464
0.600015
1.050527
1.653854
0.950558
2.185652
1.175899
1.738414
1.074120
1.901406
0.334130
1.015551
1.011318
0.774514
0.627306
0.587819
1.480102
2.654571
1.818520
1.692041
0.892813
0.312276
0.998726
1.049988
1.237393
2.134443
1.203537
1.972709
0.868407
2.452971
1.343136
1.810282
2.427029
0.805044
1.102685
1.287212
1.101806
0.944396
1.244234
1.548924
3.115370
0.754227
2.124827
1.777727
2.023887
2.403016
1.323025
1.034482
0.692794
0.823576
0.771617
0.325361
1.404732
0.986069
2.260189
1.113271
0.692905
1.399276
1.093181
1.441358
0.968390
1.672177
1.838338
1.585174
0.743585
1.002599
2.618788
2.000009
0.266025
1.336264
0.817446
1.329105
0.843025
2.068391
0.856723
1.857380
0.476208
1.698844
1.775285
1.062068
1.597341
1.897957
1.178651
1.214441
1.414629
0.694433
1.434188
1.021104
1.079614
1.053864
0.401583
1.402455
1.399062
0.559162
0.586622
1.002577
1.242139
0.629673
0.975559
1.024507
1.721677
1.961950
1.094688
1.091750
1.030790
0.822168
2.080080
0.527088
0.869437
1.091136
1.004297
0.999733
0.391668
1.438123
1.154711
1.944334
0.852925
0.155487
1.833977
0.353887
1.577723
1.707346
0.938347
0.810187
1.613502
0.520500
0.655203
1.652240
1.379345
0.951668
1.065724
2.157107
0.960072
1.105377
0.807386
1.225564
2.038670
1.075363
0.965736
0.392158
2.052762
1.175786
1.479301
0.553653
0.677891
0.520203
1.512010
1.138748
1.765421
1.437208
2.089200
1.307629
1.414612
1.360720
1.100955
0.755520
1.198909
1.424607
1.444890
1.724003
1.296577
0.157616
1.951248
1.089620
0.991750
1.594749
1.102895
1.064164
0.996248
1.369001
2.112596
0.814556
1.261311
2.313785
1.406909
1.855331
0.789458
2.032758
2.506563
1.100212
1.104547
1.709414
0.428242
0.551187
1.755374
0.619065
1.489832
1.774269
0.795634
1.363091
0.482735
1.212576
1.061139
0.457290
1.800923
0.872289
0.946393
0.696416
0.202062
1.587410
0.439898
1.712872
1.206573
1.672561
1.925351
0.690951
0.319339
1.342698
2.073730
0.909055
1.512023
1.034033
0.558481
0.546819
0.817330
0.991366
0.751042
0.352629
1.638094
1.721641
1.152636
1.242278
2.057228
2.171116
0.812053
1.556352
1.940184
1.184832
1.604236
1.018436
1.438083
0.266787
0.744246
1.056820
0.658666
2.524769
1.341563
2.371216
1.231592
1.248979
0.786956
1.247565
0.435341
1.774218
1.490038
0.787039
1.495310
1.242682
1.196940
0.954473
1.940080
1.262333
2.180991
0.484320
0.587163
1.204707
1.530027
0.956867
1.118055
1.242830
2.063188
1.264173
0.703415
0.782290
0.902349
1.429102
1.875458
1.473806
0.591606
1.785354
1.846404
0.663625
1.294396
1.483894
0.309028
0.788200
0.644129
1.042302
1.280382
2.286762
0.554524
0.875077
1.758922
2.272421
0.638584
1.600667
1.013279
1.463244
1.305719
0.805067
0.245132
1.921432
0.547080
1.354440
2.321754
1.236332
1.193815
0.753397
0.638186
1.269500
2.071405
1.181578
1.176778
1.475585
0.637595
2.357832
0.302859
0.636898
0.843858
1.324298
0.324384
1.569372
1.024697
1.340723
1.438479
0.652160
0.950264
0.586912
1.959834
0.527244
0.924884
1.964952
0.735517
1.277544
1.565270
1.014930
1.176645
0.752246
2.024274
1.612519
1.280409
0.867996
1.753249
0.487290
2.514784
1.258824
0.860989
1.593671
1.297906
1.516824
0.504636
1.462282
0.726731
0.749227
1.370072
0.771145
1.046494
1.034918
1.345362
0.739453
1.147528
0.678776
0.897268
1.366666
1.204890
2.078482
2.100581
1.489837
1.907093
0.331077
1.991192
1.150595
1.294734
0.754500
1.966248
2.108408
0.964996
1.655377
1.163164
1.094792
1.240008
0.574690
0.492626
1.254268
0.919063
1.203885
1.896366
1.281447
1.348203
2.004006
1.233506
1.356774
0.337102
1.679938
1.769990
1.025969
1.705494
0.752531
1.849906
1.124686
2.053590
1.065038
1.659399
1.338822
1.513812
1.903643
1.780177
1.339906
0.485707
1.983427
1.376750
0.966289
1.849186
1.438457
1.003260
2.098865
2.004819
0.950217
1.052203
1.235344
0.585826
0.732388
2.877170
1.768999
1.912100
0.860951
1.869924
1.521892
1.636173
1.177451
1.142402
1.079486
2.416162
1.058630
0.863293
1.017616
1.514581
1.750885
0.904133
1.247900
1.938757
0.426301
1.177937
0.657631
1.608919
0.588848
0.943797
2.259916
1.118071
0.542636
1.271808
1.949273
1.777764
1.362196
1.619165
1.064994
1.167633
1.318488
0.579167
1.131888
1.563616
0.653033
1.230285
2.251761
1.756546
0.468991
2.091328
0.856289
1.006693
1.925242
1.469649
1.581788
1.163600
1.488949
1.748171
1.733250
1.423535
0.742727
1.587992
1.351805
0.566352
2.713943
1.114948
1.169875
1.675581
1.333852
1.760595
1.496279
0.523718
0.578402
1.332059
0.389440
1.456335
0.557020
1.528847
0.538601
1.419835
1.106698
2.229180
1.164233
1.001907
0.902825
1.733818
1.399123
1.267488
1.674474
1.297140
0.918761
1.145234
1.734296
0.919620
0.806386
1.293256
2.238851
1.087722
2.301838
0.746251
1.031091
1.944740
0.549938
0.690307
1.508948
0.988298
1.394911
0.936892
1.842367
0.445871
2.025263
0.633301
0.476036
2.220780
0.244520
1.518722
0.768052
2.030140
1.618331
0.405433
1.701391
1.327686
1.507590
1.193071
0.561450
1.358833
0.841803
1.804012
1.139924
1.879026
1.091777
1.055868
0.922667
1.321406
2.076493
1.533649
0.570320
0.834520
0.929025
1.538441
1.564499
0.748889
2.073327
0.465421
1.321894
0.748995
1.341214
1.094055
1.622795
0.854758
1.146392
1.527658
0.750156
2.104463
1.233265
0.934572
1.610206
1.180382
0.473650
0.709678
1.611836
1.557004
1.138424
0.722234
1.535440
1.727893
0.285580
1.779893
0.467450
0.787063
1.546121
1.751228
0.575062
1.343745
1.081545
0.740310
1.502827
1.101480
1.527682
0.684383
0.748621
1.222997
2.175744
1.875492
1.538163
1.157030
1.550868
1.606572
1.440783
0.470031
1.339849
0.903978
1.360739
0.288283
1.173440
1.629451
0.626584
1.313237
1.465501
1.683252
2.097880
1.155196
1.687616
1.638797
1.503142
0.566299
0.774298
1.656284
1.997799
1.086841
1.064150
1.660129
1.068886
1.277057
0.736533
1.038907
1.483744
1.353220
1.354028
1.471954
2.115403
1.108977
0.579044
1.399142
2.493751
1.247065
0.918830
2.068479
1.188137
1.791816
1.068141
1.618512
1.814649
1.068005
0.505937
1.963381
2.045363
0.993790
1.524464
0.586783
2.198268
1.497601
1.201558
1.283175
1.401729
0.716112
2.685094
0.983207
0.712384
1.590759
1.771032
1.271397
2.431724
1.318530
0.819392
1.516062
1.654411
0.741824
1.410661
0.587236
1.056091
0.868317
0.814514
0.861171
0.788207
1.044887
1.777049
1.629345
0.876553
1.257263
0.839115
2.188765
1.745631
1.222234
1.427497
1.082713
1.757264
0.856322
0.961351
1.610852
1.195680
0.594465
1.294899
1.469586
0.832151
2.778930
0.834212
0.928364
0.814256
0.790646
1.023408
1.075002
1.512540
2.178354
1.681425
1.383720
0.507265
0.861626
0.868501
1.789748
1.035370
0.759620
1.331230
0.813111
1.666705
1.045170
0.687130
1.641902
0.679883
1.083949
1.424808
0.311403
1.509494
1.988382
2.491751
1.548254
1.597319
0.770731
2.096495
1.279845
0.684242
1.866282
1.164460
1.274131
1.027398
1.227085
0.823296
2.198988
1.001645
1.478861
0.210199
1.602722
1.801980
2.509157
0.924203
0.423758
0.582910
0.813607
1.321163
1.824578
0.985085
0.686631
1.103951
1.194502
0.549766
1.130194
1.592334
1.003964
0.860481
2.692135
0.915935
0.983515
0.626606
1.851147
1.334678
0.221696
0.989473
1.656203
2.003049
0.781877
1.535240
1.862118
1.244388
0.492656
0.524966
2.142731
0.915504
1.066730
1.368366
1.493961
1.397748
2.348831
1.071331
1.023693
2.363019
1.073611
0.466188
1.087827
1.701965
1.337471
1.563139
0.797165
0.868669
0.584427
1.232028
1.628274
1.217085
0.823171
1.500386
2.159551
1.083017
1.061556
1.450485
2.145963
1.029606
1.260757
1.621371
1.006491
0.625861
1.236545
0.687028
1.255285
0.849695
0.592886
1.481226
2.228392
1.376649
2.048831
1.871034
1.345467
1.217803
0.640888
0.696797
1.108790
1.209208
1.456435
0.652997
1.177936
2.057064
1.509393
2.140482
1.850751
0.635472
1.601831
1.149399
0.893910
2.314701
1.275554
1.270737
1.022423
0.731346
1.153817
1.260158
1.394094
0.675856
0.377773
1.601818
1.174265
1.782697
1.318430
1.469274
0.662916
1.261210
3.577216
2.062114
0.733239
1.193593
1.101599
2.386462
1.132280
0.289091
1.568736
2.903173
2.092131
2.044924
0.568167
1.582578
1.149237
1.480125
1.350799
1.674699
2.377130
1.471828
0.621243
1.597495
0.918597
1.307395
1.079257
1.307045
2.224432
1.077018
1.232711
1.198579
1.395057
2.539936
2.336761
1.282769
0.392461
1.100811
0.494511
2.086513
1.194360
0.934672
1.170139
0.797223
1.568278
0.927662
1.242455
1.320528
1.035876
1.897246
2.227213
1.442845
1.359571
1.294725
0.470671
0.889770
0.992143
0.850702
2.148908
0.691075
2.284588
1.510568
2.004654
0.682424
1.535361
0.793248
1.264829
2.264297
1.287521
1.052228
0.726368
2.417005
1.585980
1.125096
2.040513
1.400422
0.941686
1.205539
1.774403
0.697363
1.572187
0.475588
1.933700
1.320481
2.078763
1.051915
1.069771
1.926369
1.285934
1.013458
1.042477
1.066216
1.408193
1.390699
1.006411
0.717820
0.998689
1.529133
1.644173
1.942315
1.337319
2.182384
1.765170
2.242226
2.288671
0.929747
1.810842
1.390956
1.850208
1.371921
0.694008
1.492420
1.828430
1.474237
3.555360
1.362125
1.846866
1.743379
1.193505
1.399674
1.518609
1.673661
2.016506
0.911755
1.453436
0.993612
1.122437
1.446913
0.722122
1.500984
1.265368
1.931427
0.416444
1.409012
0.988706
0.912629
0.628886
1.729584
0.461247
0.811917
0.771393
0.717230
1.559206
0.715099
0.713906
0.732795
1.301150
2.086517
1.399486
0.708375
1.207881
1.685650
1.474106
0.766525
2.395878
1.195418
1.322339
1.450099
0.325555
0.222382
0.918568
1.161936
0.864644
1.893038
0.514804
0.987997
1.564146
0.642727
0.891708
0.526221
1.421804
0.778356
1.707980
0.643386
1.172346
1.414191
1.493050
0.521057
1.057235
1.309202
1.989150
1.383534
1.462153
0.982881
2.188560
1.847102
2.063097
2.180629
1.568125
0.844250
1.423888
1.893508
0.510940
0.905592
1.623944
1.050363
0.971452
0.926456
1.061794
1.667563
1.984729
1.946918
1.714396
1.158428
1.786196
0.620315
1.930527
0.407815
1.031121
1.519904
1.318147
0.885199
1.084286
1.148340
0.770703
1.207744
0.445760
3.288490
1.696549
1.285537
1.190203
1.114438
1.762167
1.292047
0.978167
0.824684
1.315204
1.798584
1.560627
1.569335
1.569894
1.408410
1.005808
1.256301
1.193161
0.887581
0.987223
1.860513
1.188380
1.050073
1.263379
0.919475
0.575375
1.240999
1.417097
1.152774
1.614888
1.116573
1.560789
1.217738
1.690063
0.618182
1.299580
1.969712
0.380343
1.197665
0.771028
1.079767
2.027896
0.917242
1.615885
0.749144
0.475501
0.334051
0.891267
0.848438
0.905179
1.142044
1.973380
1.673439
1.611274
1.309458
0.805696
1.052203
1.074414
0.841206
0.963842
0.773132
0.947156
0.591190
1.596487
1.020292
1.553145
0.791972
1.684132
0.780234
1.688981
2.047780
1.586691
2.307136
1.631640
1.224710
1.899872
0.447773
0.833932
1.505483
1.034255
1.462023
0.888197
1.565207
1.325716
0.636209
0.902979
0.844877
1.209183
1.393769
1.146032
1.831501
1.438327
2.123359
0.495926
2.703190
0.860297
1.124650
0.888294
0.647694
1.461703
0.988019
1.880486
1.816807
1.337354
1.640296
1.612827
1.369621
1.209975
2.175525
0.893497
0.392479
1.187628
1.952709
0.917974
1.623641
1.774531
1.874267
1.013422
0.669555
1.139710
0.933844
1.784222
2.093085
1.190062
0.729444
1.814617
1.502243
1.376172
0.626963
1.707781
1.265737
0.937925
2.399805
1.198972
1.259776
1.265028
1.361319
1.736210
0.784294
1.428463
0.510831
1.405624
0.699471
1.392172
2.645354
1.393634
1.203308
0.546921
2.054452
1.943523
2.127993
1.322919
2.899811
0.584252
1.854195
0.902587
2.332232
1.916170
1.137828
1.551840
1.631670
1.216558
1.699599
1.196439
0.813524
1.502273
1.841900
1.864061
1.013464
1.384056
1.142270
1.218433
1.302416
1.657723
1.211598
0.642126
0.982048
1.290889
1.126628
0.992109
1.044613
0.997713
1.221797
1.755571
1.225168
1.243123
1.303560
1.218061
1.865999
1.401909
1.441182
0.819425
0.570972
1.203994
1.285106
0.884027
1.247389
0.202952
1.337906
1.830681
0.985308
0.621042
0.965530
0.885142
2.835516
1.887777
1.145303
0.506431
1.222811
0.725085
1.323628
1.638485
0.894500
1.650796
1.370056
1.702070
0.475656
0.619127
0.635008
0.463288
0.909237
1.104357
1.802172
1.951814
1.796319
0.717847
0.725064
0.966841
2.262945
2.043900
2.540043
1.341126
1.923407
1.473353
2.467711
0.930381
0.574150
1.595415
1.833537
1.398009
1.372781
1.042163
0.869998
2.119560
1.338776
1.449212
1.967564
0.799501
2.409339
2.275220
1.245762
0.335740
0.850901
0.910106
1.825457
1.772659
1.075557
0.830892
2.011669
1.690765
0.889593
1.754030
1.289385
0.363739
2.283149
1.497141
2.223225
1.357484
0.884107
1.684569
0.800292
0.998724
0.912914
1.323936
0.686657
0.992028
1.298604
0.672515
1.333413
1.736678
1.761673
0.992449
0.858783
1.477741
0.676611
1.047952
0.252759
0.636561
1.039280
1.117122
1.958550
1.959066
0.667800
1.635256
2.554001
1.906528
0.705074
0.993483
1.441953
1.480533
0.593220
2.380363
0.616968
1.993836
0.761414
1.105703
1.699389
1.399289
2.168350
0.263531
1.409563
1.504829
1.804828
0.793054
1.409231
1.614337
1.546656
0.987905
1.573997
0.566298
1.077920
1.946004
1.047183
1.731857
2.039149
0.500065
1.273919
1.004526
0.429313
0.861257
1.699403
1.650207
0.644607
1.695912
0.790435
1.185354
1.002236
1.126001
2.329358
0.688357
1.738368
1.837662
0.832902
1.052810
1.769256
1.488216
1.232059
0.235905
1.795509
1.171222
2.140030
1.311788
1.386303
0.930590
0.688109
0.780761
1.253374
0.660792
1.599613
1.813879
1.873512
1.415776
1.188233
1.624489
0.429540
1.354673
0.930896
2.030770
1.119034
1.192678
1.334377
0.959820
2.088516
1.373733
2.369648
1.228874
1.749216
1.642967
1.565289
0.907555
0.401686
2.214154
0.771376
1.025694
0.777899
0.687464
1.811631
2.399329
1.080846
1.507041
0.708846
1.223235
0.894188
1.569202
0.891697
1.822063
1.119351
2.306743
1.142274
0.814237
2.627190
1.655147
0.397213
2.044126
1.600707
1.341704
2.644504
1.356247
0.577169
0.839876
1.440923
2.869421
0.919139
1.423773
1.830252
1.255000
1.410728
1.863198
0.349961
0.764690
0.939560
1.383462
1.120608
0.814004
2.373383
2.470117
1.533713
1.355861
1.048762
1.197194
1.471232
1.404503
1.105428
0.628239
1.387587
1.646892
2.000560
2.135270
2.079588
1.442817
1.478548
0.503734
1.288332
0.592080
0.812339
1.773746
1.750736
1.990845
1.097169
1.662318
1.208484
1.545577
1.026466
2.064174
0.773793
1.788920
1.818191
1.040783
1.095901
1.670970
0.987729
0.819494
1.671539
1.059960
2.153447
0.688544
0.845764
1.825738
1.897836
1.445175
1.991290
0.781774
1.022381
1.226844
0.616272
0.405329
0.627627
0.531779
0.782422
1.661590
2.218140
1.491076
0.935651
0.748058
1.116107
1.296390
0.365010
1.028069
1.415982
0.507335
0.978717
0.745152
2.300633
1.808221
1.117333
0.450118
2.914098
1.630432
1.739922
2.132755
0.636742
1.486837
1.416937
1.049646
0.806441
0.582813
1.517592
0.975561
1.568560
0.901347
0.391857
1.039201
1.516107
1.193096
1.437779
0.964056
1.866088
0.784063
1.268476
1.672016
2.340718
1.364097
1.921431
1.287028
0.549611
2.204538
2.027002
0.590452
0.918686
0.336570
3.323250
0.954988
2.354896
1.955299
0.559311
0.994718
2.050704
1.192603
0.667136
1.895637
0.485778
2.785055
2.179419
1.006184
2.104044
0.341930
0.878439
1.269145
0.503748
1.679248
1.222599
1.690678
1.243265
2.622412
1.660425
1.687285
1.272202
1.673902
1.479548
0.319619
2.688457
1.478951
2.030970
1.135930
1.205272
1.253897
0.991722
1.912666
1.523707
2.654331
1.252792
0.306501
1.356874
1.146545
1.572536
1.426374
0.989779
0.774962
2.004109
2.162711
0.616406
0.220484
1.357575
1.431617
1.842470
1.958982
0.944229
1.754702
0.390622
0.947445
1.213039
1.140827
2.142270
1.047881
0.949811
2.042341
0.139472
0.973275
1.323559
0.906035
1.673028
1.422211
1.403814
0.412909
1.360843
3.447638
0.264506
1.363371
0.834841
0.948927
2.401681
1.893357
1.094827
0.547293
1.426857
1.937784
0.744654
1.082447
0.803935
1.317717
0.552337
0.877878
1.488898
1.607647
1.033483
1.930925
0.637573
1.827568
1.581356
1.385573
1.470509
0.511341
0.885838
1.370817
0.965876
0.851698
1.283919
1.827690
0.513145
1.274496
1.470134
1.484700
1.107972
0.571069
0.775877
1.160333
2.942636
1.741910
0.453135
1.296314
1.613949
1.428649
1.049788
2.403316
0.590481
2.860269
1.093845
1.325484
0.764156
1.786305
0.779771
1.676542
0.442233
0.733467
2.445001
1.399557
1.141296
2.729417
1.095069
1.229328
1.119560
0.633408
0.391263
1.962843
0.427578
1.148456
1.560523
0.696080
1.459565
0.408897
0.116061
0.973455
0.562494
0.426884
0.509628
0.756945
1.053738
0.598607
1.245031
0.953944
0.352856
0.364396
2.190463
1.553168
1.934905
0.404360
2.693403
1.074056
2.089172
0.753273
1.082312
1.225489
1.113131
1.316236
2.594001
1.073347
1.083348
1.129850
1.893884
1.402700
1.860982
1.149066
1.478840
0.738668
1.354880
0.814214
1.242305
0.378210
2.181710
1.320158
1.841973
0.353111
0.460940
1.526403
0.671233
1.055364
0.515696
1.461362
1.212995
2.160673
0.349487
2.028440
0.386808
1.629263
0.801630
1.034368
1.222889
0.832863
0.898488
1.349263
0.972828
0.766826
0.276636
0.379736
0.402678
2.543630
0.760810
1.217230
1.173408
0.894432
1.859173
1.266388
0.712296
0.431325
1.255766
1.993394
1.008241
0.372459
1.616837
1.770863
1.452636
1.412061
1.152168
1.885321
1.618718
1.935592
0.649721
2.463324
0.692687
0.596601
1.375558
1.905410
1.164077
1.376637
0.973099
1.549520
0.451644
2.718066
1.167259
1.036667
1.398753
0.786287
1.367039
0.280154
0.551575
0.941991
1.696739
1.804053
1.340870
1.268526
1.889606
1.845972
1.032321
2.694158
0.588542
0.527892
0.840858
1.777910
1.856782
0.802949
1.701155
0.883405
1.010535
0.860965
1.361583
0.988550
1.659329
1.332654
1.014990
0.733640
1.991859
1.818164
1.545550
0.581956
2.285037
1.486530
0.400477
2.091020
2.562451
0.851749
2.013368
1.223061
0.836411
0.977935
2.000556
1.156739
1.433194
1.340727
2.815291
1.793085
1.147531
1.179032
1.864945
1.999108
1.234966
2.471288
0.942442
1.198072
1.064511
1.670460
0.824474
1.857097
0.451936
1.938169
0.772153
0.459999
1.592532
1.922751
0.805049
0.917168
1.184557
0.305461
1.313675
1.438653
1.778642
1.099850
1.283481
0.716350
0.295309
2.302739
2.465957
1.108249
1.292867
0.677341
1.344802
1.395482
1.084414
0.895939
1.266371
1.151242
0.952483
1.013657
1.449037
1.448605
1.304321
1.134418
0.782342
1.048408
2.219280
2.143800
1.362961
0.140189
0.933667
1.777890
2.013388
1.758216
1.861803
0.853332
1.097602
1.641438
1.778278
1.375357
1.207655
1.250268
2.326748
0.276046
1.161328
1.024421
1.088323
1.988868
0.857189
0.774299
2.481092
0.411061
0.986814
1.020731
2.448232
0.974452
2.182223
1.767792
1.021599
1.519608
0.728410
0.923953
1.359474
1.064521
1.052285
0.327988
0.701411
1.107565
1.367230
1.408944
1.607337
0.593321
1.154603
0.400871
1.028986
1.484267
1.588160
1.996294
1.654946
1.466961
1.133220
1.222015
1.399879
0.958409
0.887977
1.656189
0.541800
0.694837
1.619729
0.728254
0.446710
0.793044
0.639957
1.578859
1.718305
1.097266
1.200261
1.299989
1.458211
1.513942
0.567949
1.327598
0.769595
0.723551
0.669959
0.326807
0.899489
2.019067
1.504549
1.275143
1.476571
1.283994
1.153051
1.337338
1.994614
1.532780
1.243445
1.877486
0.558012
1.130545
1.186357
0.848612
2.034721
1.210217
1.750361
0.850511
1.263418
1.462269
0.697055
0.832127
0.931391
1.589574
0.659717
1.960076
1.368956
1.408705
1.082121
0.281145
1.555715
1.909846
0.858081
1.773744
1.712238
1.073914
1.895667
0.648555
0.558562
1.255278
1.827906
1.038885
1.192812
1.185033
0.395687
0.933766
0.634534
1.259588
1.933117
1.030758
0.810901
0.592744
0.398463
1.322850
0.983735
1.073527
0.894171
1.657971
1.324772
1.173275
2.122166
1.241295
0.623247
0.215107
0.758141
1.310550
1.657240
2.175721
1.071985
0.546764
1.282681
0.582163
0.763667
1.343205
1.393766
1.965405
1.829661
1.103538
1.185467
1.156242
1.962563
1.929027
0.733910
1.093572
1.005306
0.897178
1.188598
1.017786
0.647006
0.821031
1.369222
1.918192
1.107887
1.237551
1.204995
0.508822
0.906386
1.072409
1.200756
1.965256
0.737306
1.374179
1.969702
0.731290
0.859805
1.042787
1.607126
0.894897
1.908677
1.599725
0.669878
1.638979
0.971088
0.922159
1.046104
1.342377
1.291484
0.410251
0.634975
2.076385
0.870960
0.408112
0.981418
2.106607
1.236455
0.956157
1.901292
1.043355
1.570268
1.539669
1.496633
1.231499
0.867306
2.834415
0.871423
1.330602
2.411547
2.111536
2.317619
1.549230
0.463976
1.640750
0.792645
1.584401
2.034418
1.588013
2.197636
0.745579
1.285282
0.470293
0.838311
1.658782
0.688948
0.577738
1.710501
1.875246
0.476612
1.924978
2.221077
1.083325
1.339404
1.348294
1.024257
0.818809
0.936667
0.489595
2.661268
0.694248
1.888561
0.596591
1.409287
0.730654
0.779791
1.580337
1.080185
1.656855
2.206209
1.738404
0.649823
2.283164
1.675811
1.205007
2.638371
1.627529
1.218529
0.500233
0.860947
1.770893
1.400672
1.197353
1.143428
0.914191
0.986053
0.835143
0.403933
2.596308
0.712872
0.597821
1.680448
0.701373
0.815879
0.973311
2.415348
1.521517
1.722108
1.860660
1.694755
1.794297
0.903996
1.749579
1.974942
2.210493
1.845991
1.100818
1.114301
1.720625
0.836811
1.865231
0.599919
1.138738
1.787224
1.688565
2.601577
1.138896
0.685354
0.808555
1.388929
1.454534
0.978302
2.377732
1.727906
1.105698
1.843791
0.795853
0.550036
1.946297
0.184935
1.051310
1.461236
1.591433
1.146804
0.931136
1.026884
1.071709
0.930717
1.130541
1.766197
1.743880
0.895400
0.648543
1.801493
1.100443
1.386015
1.274765
2.074308
1.066606
2.499398
0.782532
1.167988
0.398445
0.932572
1.714415
2.612759
0.790452
1.307383
2.345424
0.923593
1.493423
0.817615
2.296109
0.868421
2.715692
2.607877
1.045682
1.442594
2.598016
0.860292
0.676010
1.183209
0.889806
1.623807
1.612858
1.619282
1.357078
0.763041
0.666946
1.125154
0.991229
1.503598
2.488216
1.261401
1.009517
1.090436
1.562008
1.962666
1.037494
1.972274
1.533014
2.404205
2.666733
1.727428
1.335898
0.670521
1.288525
0.699333
1.760396
1.341161
1.004024
1.980546
0.884089
1.841718
1.314913
1.482722
1.806443
2.305067
0.882164
0.750089
0.742050
1.900450
1.923162
2.035982
0.925272
1.846446
0.513116
1.924912
0.978253
2.368547
0.429765
0.943159
2.067544
1.456018
0.343893
0.943450
1.934221
2.257088
0.369776
2.150830
1.041005
0.497383
0.596222
0.944405
1.262749
0.643252
1.562270
1.508692
1.624687
1.257057
0.985192
0.796556
0.254438
1.610882
1.805955
1.111262
0.677846
0.874512
1.769349
1.280764
1.323509
1.779623
0.788515
2.044080
0.919923
0.744231
2.032378
1.266557
0.819646
0.561512
1.212035
0.896360
1.633393
2.119880
1.140657
1.152502
1.847418
1.614053
0.987174
1.437739
0.813126
1.351722
1.191302
0.805643
2.091669
1.922792
1.197661
2.695061
1.363125
2.253744
0.635105
1.888909
1.908469
1.190808
0.565066
1.484430
1.318694
0.447336
0.504646
1.489913
1.293093
0.788945
1.700212
1.800034
1.612005
1.442213
1.274276
0.533676
1.145009
1.392616
0.722501
2.442083
1.122213
1.501998
1.443017
0.934493
1.541440
0.584330
0.709728
1.807059
0.528704
1.115481
1.491355
2.278494
1.199165
0.691573
1.464776
1.394199
1.190755
0.825264
1.173209
0.901858
0.504792
1.900619
1.584191
0.714606
1.337864
1.069037
0.414655
1.251228
1.632284
1.103510
0.929323
0.985048
0.921753
1.474237
0.112893
2.110068
0.696221
1.058338
0.498369
1.756646
2.076201
0.727174
1.536255
1.057844
0.712301
1.131504
1.793344
0.582596
1.597251
2.076409
0.865795
0.867183
1.938110
1.189282
1.396960
0.247311
2.708490
1.696280
1.325547
1.550274
1.062645
0.949401
2.109171
1.459059
1.137230
1.781486
1.399069
0.910140
1.920696
1.355226
0.824723
2.270368
0.231107
2.060439
0.829851
1.357955
0.959893
1.191041
0.583109
1.175563
1.199104
0.665725
0.624095
1.037559
1.672791
1.226369
0.848934
1.106268
0.617728
0.340963
1.764967
1.110832
1.864147
1.201015
1.265621
0.510170
0.873826
0.940508
2.472666
2.066419
1.321616
0.989448
1.603790
0.742925
0.630906
1.261885
1.534704
0.293654
1.349357
1.427249
0.665031
1.324357
1.353940
1.795691
1.840794
1.041348
2.364850
1.764792
0.425343
1.416789
2.958150
0.788631
1.318513
1.772904
1.260385
1.227804
0.612999
2.216045
2.988077
1.288291
1.032965
1.699719
1.428270
0.501087
0.862960
0.736326
1.274079
2.070302
1.251133
1.454982
1.068799
0.827087
0.796440
1.663146
0.767216
0.404559
1.170561
1.800016
0.892541
0.733692
0.557099
0.848263
1.751323
1.379905
1.060115
1.928088
1.729712
1.179146
1.192173
3.398997
0.839788
1.062036
1.879346
1.812794
2.084956
1.614399
0.588296
1.232282
1.047680
1.247131
1.490869
0.556982
1.386550
0.495793
1.117041
1.976326
0.805734
1.968341
0.877075
0.838915
2.105747
1.269417
2.182564
0.872455
1.604270
1.732758
1.286549
0.296659
1.535243
1.198948
0.568840
1.946837
0.772360
1.687110
0.522915
1.652830
1.435822
1.080339
1.561318
0.852140
0.945757
2.115796
1.483401
0.525163
0.639881
1.041395
0.948718
0.707036
1.118911
1.040263
2.555210
1.594858
1.094962
1.530568
1.415391
2.189173
1.150779
1.203264
2.595875
1.267439
1.669704
0.490368
1.820398
1.253779
1.373445
2.085262
1.468100
0.963137
1.144907
1.617545
1.567596
1.087415
1.510251
1.781158
2.363628
1.202204
1.178305
1.695161
0.639665
1.615279
1.181964
2.264418
0.696657
0.303164
1.092696
0.767833
1.239555
1.534202
1.864538
0.814730
0.794303
0.748713
1.524020
1.139115
0.905239
0.832373
1.697857
0.874916
1.202028
1.275461
0.536442
1.211008
1.203145
0.623367
1.295625
1.167328
1.668414
1.360247
0.994928
0.525986
2.029949
0.637088
1.870444
0.802360
2.424271
2.246462
1.536953
1.714127
1.496805
1.505802
0.860150
0.565930
1.457412
1.246306
1.566244
1.117505
0.948456
0.733177
0.578834
1.585088
0.778897
1.070728
0.500132
1.302857
0.253939
1.169452
1.239318
0.555035
2.009903
1.912288
1.262839
0.893370
0.798623
1.633887
1.465291
1.362463
1.407661
1.582408
1.143818
0.766818
1.510049
1.804500
0.846589
1.247581
0.643640
1.743606
1.796205
1.198954
1.606336
2.625898
1.009706
2.056599
0.948119
0.700826
0.815969
0.946777
0.582382
2.265108
1.522516
0.817883
0.956078
0.303762
1.413967
1.366604
2.077558
0.662638
0.915303
1.343891
1.976719
1.490837
0.942585
1.741295
0.467246
1.510333
0.886489
1.350364
1.072216
1.273052
0.752547
1.403883
0.732610
0.686858
1.248940
2.263729
0.910910
1.375055
0.980143
1.185281
1.848214
1.200802
0.962495
1.134875
1.576520
2.284207
1.412745
2.101120
0.571037
1.128382
0.871873
0.565697
2.441622
1.500495
1.149433
1.057789
0.549667
1.604558
1.129868
0.663681
0.632587
1.357460
1.338503
1.767070
1.295784
0.675818
1.542940
1.681439
1.042383
1.171471
1.270027
1.535915
0.893336
0.309664
1.390349
0.686827
2.313908
1.958259
1.084383
1.323482
1.195445
0.670150
1.852415
2.368998
0.767285
1.648584
1.785462
1.050006
0.994723
1.028947
0.631564
1.286230
1.036045
0.648760
0.538272
0.745567
1.298372
0.724509
0.733458
0.638306
2.050150
1.658776
1.527055
1.854129
1.196133
0.879863
2.814406
1.382223
1.237867
0.402280
1.926080
0.732457
1.806030
1.782028
1.098997
1.122835
2.175691
1.104344
1.891029
1.229306
0.634392
0.731811
0.551486
0.825068
1.593973
1.960006
0.579532
1.138552
0.946705
0.342900
0.840760
0.724599
0.589831
1.017197
0.648729
1.163278
1.580936
2.742175
1.411713
1.387507
1.105674
2.340404
2.189855
0.170868
0.703455
1.095488
0.613893
0.603030
2.227938
0.562767
1.198599
1.638443
0.786765
1.659542
1.577362
1.452431
1.973137
0.858287
1.127477
2.198429
1.731780
2.461010
0.728366
0.850303
2.472233
1.289755
1.170398
1.330441
0.691694
0.929329
1.149991
1.172890
0.877356
0.990304
0.412681
0.851898
1.033452
1.424696
0.739474
0.924563
0.753884
0.468040
1.697558
0.283053
0.762984
0.669048
1.080775
1.538448
0.443637
0.675436
1.296606
0.662835
1.381668
0.907479
0.591170
1.026067
0.966829
1.832394
0.889096
1.652351
1.986743
0.463204
0.899091
1.526733
0.948661
1.371180
1.125282
1.090493
2.390183
0.158325
1.500603
2.512319
1.573987
1.043397
1.857048
0.759293
1.204320
1.116708
0.921619
0.820709
0.976064
1.248712
1.507957
0.836328
1.362401
1.049690
0.623254
1.539717
0.230649
0.708615
1.454285
1.111202
1.207719
1.459714
1.328292
1.917688
1.297760
1.236744
0.559735
2.039792
0.791131
1.313417
2.120381
0.764290
0.526937
1.181602
1.742316
0.955844
1.153599
1.482628
1.448297
1.793141
1.168230
1.624692
1.112913
1.078834
1.250502
1.786953
0.344987
1.163027
0.983804
1.447894
0.774368
0.769622
0.658386
2.595328
1.726715
1.354305
0.780216
1.322663
0.253570
1.947711
1.528114
2.870815
0.850752
1.593820
0.201618
1.478954
0.929874
2.702102
0.738896
0.361264
0.656316
1.128226
0.729638
0.137127
1.290557
1.207682
1.254957
0.521317
1.888401
2.170648
0.938826
1.022463
0.791921
2.430613
1.296956
1.898911
1.250137
1.514345
2.469738
1.945501
1.356049
1.845315
1.317308
1.317353
0.897484
1.651408
1.014306
0.907513
0.497658
1.317206
1.153639
1.405007
0.654991
2.174215
0.940575
0.368683
1.765197
0.702770
2.441708
1.784800
1.290288
1.508114
0.442292
1.169438
1.834398
0.941847
2.057894
2.422344
0.690598
1.976178
1.258081
0.527688
1.563336
1.373172
1.328602
0.895146
1.540529
0.781114
1.986196
1.243980
1.587877
1.799371
2.580459
0.975289
0.604814
2.660295
2.770474
1.975891
1.758750
0.693832
1.751776
1.214217
2.001430
0.929952
1.686177
0.793658
1.709548
1.080725
1.625109
0.631093
1.510450
1.109774
0.809000
1.042949
0.676257
0.826274
0.920307
0.674630
1.020870
1.676032
2.037293
0.895402
1.876920
1.511075
1.009724
1.078698
0.771322
1.265409
2.001376
1.914054
0.708571
1.358219
0.871499
1.127309
0.612412
1.165501
1.795813
0.655579
0.878833
0.810808
1.930361
0.974464
0.775379
0.944332
1.696938
1.332416
1.460735
1.758781
1.646419
0.532477
0.538905
1.593603
1.482222
1.574257
2.199645
0.517157
0.637753
1.097971
0.750537
0.924556
1.534745
1.326702
1.333602
1.492570
1.842964
1.713879
1.767863
1.077302
1.145084
1.666411
1.217920
0.732332
1.600325
0.371732
0.873651
0.902669
0.404100
1.149435
0.802242
1.672170
0.963048
2.545342
1.347229
0.953091
1.720773
1.149088
2.213094
1.499585
1.442658
0.950636
1.069110
1.920295
0.599938
0.557858
1.736835
1.204139
0.930396
1.413666
0.389310
1.385951
1.117232
1.372381
1.235656
1.039539
1.003344
1.892941
1.043120
1.210170
1.557019
1.315626
1.906819
1.610726
1.394907
0.929099
0.500238
0.575272
1.810747
1.252419
1.813158
1.966374
0.708995
1.671127
0.918812
1.098794
1.507986
1.317893
0.566024
0.608814
1.325311
0.936454
0.596996
1.622547
1.354052
1.542221
1.030235
1.200591
0.400552
0.809135
0.752677
1.433616
2.537761
1.778996
1.280612
1.581616
0.410998
0.849360
0.607899
0.770682
0.882231
1.102012
1.253102
1.791047
1.193317
1.442129
1.471139
1.122783
1.041645
1.802961
2.332054
2.048415
1.284411
0.938725
0.893917
1.378901
0.955248
1.185289
0.685157
1.432155
0.222791
0.801038
1.314906
0.624670
0.790942
2.806346
1.278613
1.299602
0.694213
1.595733
0.459451
0.328150
0.626688
0.444211
0.324382
1.441209
1.254521
1.941096
1.314090
2.068714
0.908974
1.242282
1.294163
1.064003
1.150886
1.220293
1.487669
1.897001
0.867076
0.967472
0.887580
2.430601
0.407594
1.580320
0.411552
1.252784
1.252151
1.491494
1.674004
1.393815
0.796390
1.052074
1.973338
0.971037
2.352026
1.544852
1.191202
1.208929
0.801419
1.829302
0.449343
1.288836
0.286234
1.264431
1.389012
1.610024
1.100066
1.193905
1.473032
0.768383
0.475594
0.158200
0.975736
1.213685
2.716052
0.983827
1.316066
0.565849
1.075043
0.662673
1.490959
1.073817
1.663185
0.545647
0.407383
1.858694
1.760322
2.525405
0.751665
0.779648
1.476844
1.489847
1.693522
1.249164
1.048334
1.371677
1.237869
0.600473
1.278092
1.445079
1.253122
1.805779
1.085656
1.252742
1.352501
0.779020
0.772371
0.472880
0.768378
1.284594
1.330790
0.655956
1.414956
1.466761
2.165989
1.390387
2.066838
1.362739
0.602548
1.756978
0.773592
0.720863
1.358832
0.443060
0.985332
1.604217
0.391669
2.725904
1.504550
1.153727
1.215057
2.021259
0.258651
1.863351
1.110027
1.747250
1.065263
0.542730
1.396867
0.997883
1.442124
1.169603
1.609126
0.523893
1.382796
0.637661
1.399706
0.655409
1.574346
1.429609
2.687670
1.504059
1.382890
1.316589
1.738189
1.635548
1.515975
0.450358
1.026216
0.344626
1.206337
0.507638
0.394898
0.917837
0.865694
1.953128
1.282432
1.052976
0.809160
1.080053
0.552394
1.826278
0.645736
2.449982
1.647087
1.385175
1.553156
1.639695
0.683338
1.623798
1.752357
1.775672
2.654709
1.397574
0.777889
0.826965
1.200316
0.261732
0.915988
0.900473
0.826443
0.940985
0.948028
1.583419
2.477973
1.640570
2.255298
0.805106
1.523018
0.931672
0.374073
2.047319
1.635771
1.714996
1.203610
1.601064
2.092259
0.622000
1.047968
1.429809
1.333896
1.679186
0.463505
1.175148
1.952705
1.205164
1.222082
1.794596
1.740623
1.369294
1.746459
0.491655
1.465240
1.143728
1.647316
2.129553
1.432331
1.685575
1.436079
0.889244
2.374322
1.666919
0.998961
1.575065
1.598105
1.649305
2.124866
2.417049
1.016945
1.547651
1.543442
0.656710
1.480749
0.567669
1.403967
0.546546
0.821522
1.055264
2.126746
1.268988
0.816632
0.768085
1.069552
1.498933
1.467188
1.117437
1.145334
1.498851
1.980148
1.470175
1.066212
0.452320
0.688702
1.620770
0.815415
0.472288
1.185868
0.712706
1.039795
1.221499
1.077998
1.014346
0.537903
0.656495
0.646700
1.662218
1.509488
0.798765
0.610560
1.063032
1.877481
1.105219
1.213622
0.624358
0.842527
2.219672
0.580297
1.403995
1.383213
1.230404
0.826951
1.421797
0.677146
0.605395
0.971910
0.746136
0.846847
0.719645
0.480889
2.150595
2.023964
1.898204
1.234614
1.373313
0.651264
2.455314
1.396507
1.552396
0.852636
1.053880
1.955235
0.818833
2.460676
1.768930
0.749661
0.568109
0.647115
1.447554
0.635233
0.759331
0.666174
0.708350
0.890974
1.439277
1.691580
0.700084
1.854130
1.558284
1.012092
1.204265
1.554506
1.113586
2.188559
0.738678
1.329901
1.768046
1.840902
0.562348
1.147299
2.024099
1.228315
1.853914
0.936600
1.761766
1.935269
1.015299
1.460256
2.043768
1.422727
0.837539
1.628645
1.249129
1.333756
1.292668
0.817843
1.644407
1.687054
0.167091
0.799244
2.324759
1.035286
0.985053
0.646167
1.371382
1.076272
0.788843
0.719333
0.571719
1.431804
1.593387
1.634065
1.109336
0.486504
1.758813
2.075183
0.438197
1.167191
1.374579
1.302301
1.627502
0.796611
0.831634
0.709050
1.240290
1.031310
0.613965
0.439811
1.753092
0.822972
2.013116
1.350002
1.787608
1.337604
1.735162
1.384810
2.266343
1.453617
1.660338
1.300185
1.146058
0.929818
0.844451
0.750638
1.662085
1.034321
1.879057
1.590563
1.329029
1.385039
0.580256
1.057977
0.747033
0.808335
0.437123
1.434499
1.492939
2.216995
0.632390
1.952744
0.802490
1.509021
1.270836
2.033449
1.576768
1.290808
1.747956
2.437619
0.954262
0.907747
0.857937
1.190294
1.711836
1.871985
1.808203
0.872110
0.453513
0.783588
0.576179
1.290641
0.424687
0.402397
1.331528
1.118688
2.312057
2.044321
1.841058
1.312823
1.282508
1.796306
1.142241
1.351604
1.428442
1.034449
1.125601
0.896337
1.538311
1.345574
1.539741
1.485360
2.114950
0.878469
1.265714
0.941145
1.534631
1.899550
1.482046
0.567820
0.750685
1.488534
1.567359
1.183515
1.340014
1.687068
1.621508
0.433327
1.104545
1.221886
1.359873
1.450983
1.251796
1.516594
1.836299
1.377993
0.552750
1.078557
1.031370
0.177019
0.362618
0.365769
1.243873
1.306546
1.198300
2.421214
1.639031
1.553571
0.925429
0.735297
1.106730
1.484580
1.553444
1.892292
1.931122
2.249976
1.399398
1.616278
0.836126
1.199833
0.865829
1.324008
1.059966
0.591913
1.845169
0.838119
2.059000
1.844282
1.171089
1.631601
1.106372
0.841458
1.020400
1.142488
0.885845
2.265705
1.499990
1.474073
0.733715
1.375164
0.673916
1.225165
0.871642
1.087201
1.157240
1.081704
1.087830
0.846661
0.985088
1.252415
1.611928
0.968432
2.114265
1.124218
0.393901
1.529537
0.778110
0.675359
0.913049
1.476411
0.834593
1.268235
0.962198
1.369794
0.594470
0.573582
2.279617
1.541087
2.002388
0.796467
0.564994
2.142890
1.848411
1.616897
1.223404
1.606123
1.715440
1.755161
1.347612
1.140433
1.284231
2.072568
2.381291
1.264771
0.542539
1.317132
0.806432
2.361065
2.410798
2.049487
1.999488
1.090685
0.640028
0.963606
1.189012
1.213089
1.089313
1.080402
1.327742
1.178580
1.275292
2.006883
1.220679
1.722117
1.114630
2.419782
1.969685
1.148200
1.568617
0.991789
1.295041
1.468926
0.681891
1.995484
1.973549
0.315266
1.768408
1.290715
1.231944
0.429998
1.389665
1.529011
1.342775
1.400787
0.521021
1.310712
0.852157
1.154903
1.778837
1.373169
1.500667
2.027469
1.609428
1.771780
1.448568
1.814263
1.627210
1.144990
1.680165
1.443562
0.472606
1.065881
1.425166
2.102715
0.914145
1.081880
1.833268
0.999525
1.329261
0.899078
1.400729
1.081874
2.240387
0.568090
1.670616
0.916121
0.906103
0.555571
1.385094
1.083403
1.370744
1.037269
1.392491
0.919723
0.558392
0.735631
0.603769
0.654460
0.694448
1.907973
0.429390
2.039673
1.338366
0.737538
1.608704
1.352757
2.210286
2.123536
1.018544
1.331372
0.625300
1.167968
1.377534
0.842241
1.854246
0.385694
0.235152
2.044938
1.445242
0.721130
1.291456
1.798159
1.502990
1.342536
1.199923
0.983051
1.307263
1.351674
1.283990
1.920268
0.519291
2.226338
0.470305
1.507757
2.606770
0.770791
1.432869
2.482854
1.074389
1.181472
1.485840
1.226082
1.645582
0.879356
1.150863
1.135515
1.757647
0.555562
1.029819
0.930354
2.880924
2.137044
1.293567
1.851832
2.643165
1.327980
1.432966
1.056317
1.587383
1.934188
1.796928
1.823868
1.013132
1.208014
0.887710
1.627849
1.631009
0.928875
3.756867
1.170677
1.418700
1.941929
1.610236
0.671579
0.861400
0.322851
0.831711
1.766416
0.926319
1.256333
1.271527
2.159112
1.351044
0.970432
0.970789
2.332580
0.897694
0.968205
0.755559
1.497841
2.086714
1.198513
0.645326
1.014629
1.178334
0.907243
0.741205
2.432205
0.767319
0.577211
1.197999
2.391312
0.484809
1.152608
0.958950
0.283044
1.299817
1.215337
2.821669
1.703854
1.217320
1.428314
1.537834
0.853254
1.001581
1.420502
1.399606
1.842504
1.948576
1.703842
1.987313
2.280209
1.217436
1.963259
0.343959
1.203435
1.068288
0.688916
1.322195
1.635490
1.535485
1.647687
0.634549
1.682033
1.459707
1.073544
0.317914
1.296137
0.588480
1.320696
0.504938
0.869723
1.481579
0.957181
0.879586
0.956561
1.297549
0.728878
2.468121
0.586585
2.965785
1.853641
1.331329
1.539878
1.402343
2.275703
1.257320
1.356342
1.121458
1.060662
0.705658
1.592031
2.018397
0.844279
1.141112
1.740262
1.305559
0.533838
1.463000
2.125907
1.885672
0.362423
1.046398
1.376694
1.080300
2.040406
0.597349
2.169895
1.769412
1.730447
0.924368
0.630612
1.833436
1.492540
2.161295
0.873043
2.015850
2.172979
1.578495
1.319190
1.115472
0.669626
1.740339
1.627161
1.068839
1.266556
0.879383
0.592625
1.283775
0.490431
0.820847
0.744361
1.232686
0.624753
1.149400
0.523858
0.561603
0.987313
0.601784
1.484230
1.670279
1.871185
1.652884
1.239653
1.209678
1.046599
1.919851
1.328366
1.380270
2.227450
1.627122
1.905443
1.241114
0.765778
1.192768
1.713878
0.305518
1.857268
2.109912
1.486504
0.677808
1.422832
0.788318
0.746764
0.831637
2.012284
1.022814
1.176773
0.745841
1.274690
2.037930
2.038007
1.189722
1.529092
0.884458
0.129402
1.699736
1.621847
1.890026
2.291211
2.555617
1.313928
1.247200
1.051614
1.258037
0.549023
0.741843
1.230789
1.306435
1.687543
2.075139
1.392352
1.908440
2.810368
1.102116
1.401981
1.782516
0.540800
1.791630
2.087749
1.381456
0.595967
1.125966
0.848334
0.878216
1.155182
1.274227
1.496323
0.821267
1.125107
1.094295
0.646388
1.492291
0.669283
0.427886
1.318958
1.394909
1.685809
0.986481
1.369916
1.686848
1.226471
0.604965
0.985462
2.332103
1.213252
1.211705
0.934370
1.127422
2.288570
1.552481
0.760322
0.724215
1.066085
0.864310
0.325584
2.249174
1.116598
1.174521
0.818712
0.833817
1.511714
0.613763
0.987137
0.989500
2.062821
1.679278
1.716802
1.886701
1.700990
1.663722
0.699872
0.968378
1.911105
0.281215
0.853438
0.884898
1.832602
0.951007
0.862353
1.139995
1.498238
0.992083
1.435105
0.187241
1.163931
1.143779
1.503605
1.714446
1.514631
0.654134
2.208323
1.566628
0.708837
1.464681
0.163675
0.837474
0.815969
0.600874
2.290032
0.593809
0.753962
0.925421
0.699438
2.055544
1.713616
1.009698
1.450359
1.188631
1.106773
0.719416
2.541344
1.901445
1.107220
1.417458
1.668789
1.269764
1.016716
0.740911
0.982559
0.712451
1.412757
1.284235
2.092330
0.319758
1.164894
1.234475
2.108321
1.566011
1.600213
1.546853
1.367833
1.197475
1.175467
0.634319
0.897715
1.291560
1.199386
1.487255
1.689284
0.741389
1.333148
0.593399
1.070658
2.593764
1.307992
2.126531
1.331535
0.404068
2.461303
0.800116
2.297991
1.759782
1.450695
2.139231
2.521860
0.641511
0.961020
1.744347
0.859299
2.558075
1.640948
2.123134
1.548084
1.933891
1.257555
0.718473
0.512948
2.688179
1.149056
0.674087
0.355084
1.648745
0.925601
0.476660
1.619840
1.475517
1.012098
0.920984
1.413358
1.848087
1.227491
1.256991
2.064241
1.913279
0.387256
0.739553
1.608965
0.951981
0.925556
1.945353
0.985942
0.493165
0.981874
1.371788
1.248087
0.978354
0.894165
0.695515
2.305148
1.970876
1.537603
1.169567
0.974961
0.867606
2.568380
1.709281
1.718263
0.695535
1.423721
0.338757
1.540470
1.519090
1.557866
0.836744
0.282679
1.485360
1.048618
0.495466
1.147352
1.539812
0.766816
1.259158
2.236894
1.153381
1.306821
1.530321
1.096888
1.765015
1.289037
1.745883
1.540610
1.147630
0.943152
0.594998
1.056255
0.776612
0.822200
1.089864
1.062263
1.339095
0.871435
1.605704
0.897106
0.891268
1.413033
1.288134
1.166817
1.313255
1.135317
2.044144
1.276143
1.311320
0.605822
2.737056
0.762585
0.378156
1.792793
1.322828
1.961188
1.722210
1.183559
0.863257
0.627293
1.091549
1.237358
1.534111
2.667150
0.669315
1.378481
0.438788
0.580264
2.067833
1.007956
0.538123
2.010024
1.306996
0.344764
2.270655
1.240711
0.632146
0.763256
1.050669
0.914451
1.126665
1.226940
1.089407
1.755452
0.702302
1.282051
1.265694
0.602308
1.465783
1.112651
0.622256
1.585485
2.140227
0.960683
0.688190
1.394032
1.463682
1.497350
1.462823
2.276412
0.858418
0.305132
1.013950
1.593449
2.160127
0.408993
2.004687
1.469823
1.136364
0.352979
1.605834
0.937082
0.829945
1.545674
1.547642
1.083935
1.198512
0.766777
0.666003
0.790189
0.322077
0.700893
1.093125
0.960115
0.712792
2.020326
1.158968
1.509761
0.973292
0.937967
1.119937
1.181886
1.924083
0.735512
0.558599
0.476395
1.387104
2.063637
2.955111
1.245208
1.474097
0.816977
1.048828
1.222976
1.154087
0.853221
1.517001
0.904225
2.104201
1.738175
1.286920
0.611110
0.619290
0.611531
0.639773
1.109665
1.430639
1.320912
1.306663
0.533806
2.319137
0.789784
1.943360
1.206959
1.964636
1.358417
1.354319
0.619540
1.656781
1.288635
0.232047
1.851882
0.751022
0.910299
1.488571
2.291127
1.035822
1.270335
0.905410
2.028896
2.388336
1.686798
1.848882
1.317498
0.547441
1.473139
2.868903
0.892699
1.859430
2.090529
0.820013
0.740736
2.064765
1.232074
0.690167
1.512379
1.406904
0.600212
1.178630
1.703376
1.168252
1.592417
1.227987
1.219919
1.434129
0.770947
0.711320
1.162257
0.983050
0.988200
1.345674
1.675661
1.508787
1.900779
0.627665
1.845257
1.806776
0.398586
1.013384
0.761073
1.833195
1.187100
1.683066
1.181177
0.836611
1.427811
1.083899
0.885799
0.310306
0.635696
1.119046
0.955496
1.383126
0.801075
1.023837
1.654929
1.482358
1.198302
0.450313
1.266428
1.072763
2.433339
2.120654
1.047020
0.632349
1.009929
1.361454
0.432199
1.151525
1.628390
1.133458
2.634962
1.512599
1.264337
0.387242
0.803646
1.721880
0.332844
1.158074
1.267874
1.448906
1.527110
1.907360
2.787722
1.857406
0.606548
1.544423
1.060995
0.390107
1.561542
0.976445
1.168337
0.300480
2.417284
1.044768
1.696539
1.309112
1.579455
1.201761
0.690168
2.096626
1.496503
1.734000
2.756879
1.957052
0.578790
1.342945
0.993079
1.195686
0.991290
0.612487
1.189228
1.567231
1.525204
1.476504
1.268254
1.714440
0.809571
1.389679
1.223472
0.326686
1.249706
0.521972
1.657944
1.904382
1.033820
1.210589
2.056322
1.594073
0.536497
0.962624
1.070986
2.619623
1.820918
1.043174
0.222445
1.819096
1.332760
1.039036
1.501955
0.498111
0.846775
1.820990
1.074939
0.821396
1.864834
0.416605
0.529339
1.351453
0.778186
0.661498
1.167175
1.353494
0.952176
1.358652
0.848519
0.256280
1.525699
0.949501
1.682800
1.862103
1.037726
1.037422
1.819237
2.541331
1.431216
2.507518
0.410490
0.960355
1.393459
1.147782
1.230828
1.518370
1.323563
1.046867
1.488315
0.750033
0.644690
0.969276
0.967509
1.042559
0.845646
1.180529
0.550768
0.920215
1.950107
1.548491
1.620743
1.012170
1.980173
1.213488
1.878929
0.739440
1.281920
1.526552
1.330636
1.951620
1.974334
1.137615
1.701633
1.220714
0.919556
1.158641
0.837216
0.935569
0.739611
2.050876
1.461765
1.389297
1.512924
2.147257
1.917363
0.450255
0.664571
1.175556
1.821444
1.286107
0.743747
2.194811
1.479569
0.918592
0.437124
0.582680
1.759613
0.453122
0.790978
0.532677
0.318975
1.488982
0.412176
0.681175
0.989343
1.122220
1.638532
1.532702
0.532179
1.365472
1.818093
0.790487
1.794176
1.191735
1.142996
2.315074
0.826892
0.666615
1.665336
1.832970
1.505348
1.613371
1.573043
0.472781
0.777131
1.390897
2.455865
0.996898
1.885162
0.721497
1.252858
0.752157
0.768183
1.290673
0.746390
1.580994
2.002738
0.830328
2.065554
2.078633
0.664074
0.951308
1.494056
2.311658
2.257720
0.796079
2.169294
1.345036
1.318301
2.401169
0.669290
1.741499
1.031809
1.452615
1.765595
1.494254
1.324775
1.273308
1.951215
1.809252
0.535515
0.888952
1.247674
1.009366
2.134664
0.989661
0.740830
2.117535
1.633380
1.133269
1.054644
1.525488
0.653320
1.507915
3.332441
1.196293
0.682553
1.593918
0.851301
0.430639
1.294636
1.863308
1.064056
0.884520
0.956912
2.158200
1.098169
0.412246
1.806436
0.876320
1.922256
1.154273
1.189397
1.790015
1.026673
1.433663
1.185148
1.504914
1.186432
1.157893
1.017840
0.526046
1.277676
0.323024
0.954388
1.259256
1.352382
1.317979
1.752828
1.113595
1.163136
1.250941
1.542415
1.455294
3.289926
0.949952
1.468061
2.851573
0.420720
1.357732
1.742530
2.157902
1.170319
2.249527
0.884936
0.416825
0.836321
1.367586
0.962233
0.413766
0.478477
2.032141
0.695853
0.874199
1.252918
1.679314
1.004246
1.748389
2.169168
2.490649
1.255698
1.303548
1.873814
0.934647
1.512955
2.262129
0.720071
0.468630
0.943257
1.405854
1.500068
0.910306
0.767820
1.607881
0.928051
0.828758
1.814333
0.946445
0.309073
1.803678
1.051784
1.318691
1.188025
0.429902
1.536961
1.129291
1.414518
2.035645
1.014851
2.173324
0.707455
0.630030
1.834699
0.828065
1.347485
1.086493
2.414506
1.462717
0.889889
1.608549
0.651632
1.227545
1.887744
1.053272
0.973656
1.126947
0.691817
0.615728
0.855368
1.835550
0.890814
0.943269
1.246763
1.695443
1.770017
0.547665
2.122305
1.242000
1.107602
2.348077
2.103240
0.862231
2.199266
1.389960
1.491760
1.299777
1.380906
0.751928
2.149628
1.885169
1.079884
2.368038
1.063154
1.178431
0.707181
2.091394
0.486694
0.971342
0.781192
1.371560
1.435707
0.309578
1.533065
1.452068
1.336564
0.962593
1.462517
1.578366
1.763743
1.410761
1.145256
1.191239
2.059439
1.230802
0.974450
0.940600
1.304124
0.605876
1.902670
1.189536
0.997328
1.547760
1.571955
1.329707
1.043083
1.295764
1.395364
0.607961
1.839494
1.807907
0.300467
1.755329
1.439164
1.820326
2.203186
0.979501
0.477545
1.586713
1.452225
2.068136
1.215263
0.942060
1.518648
0.554708
2.256374
1.318632
1.661310
0.778755
2.106281
0.450719
1.346474
0.743695
0.691631
1.992402
1.214258
1.125760
2.463941
0.838666
1.460779
0.713283
0.478931
1.006001
0.641834
1.663620
0.581502
1.688603
2.117458
0.815974
0.611424
1.126234
1.738709
1.890276
0.350693
2.296111
0.558817
2.102049
1.532509
0.488552
1.303951
0.290369
1.363490
1.540911
0.867490
1.331068
0.542605
0.840954
0.999706
1.238512
0.810180
1.347176
1.062153
0.493246
1.197722
1.097988
1.003081
1.422355
1.175712
1.587016
1.145988
0.573437
1.796197
1.591013
1.840208
1.597802
0.634266
1.604099
1.225416
1.756148
1.918642
1.601697
0.987830
0.649762
0.897386
1.105939
0.734291
1.601111
1.085165
1.182356
0.829146
0.775398
0.649411
0.641731
1.148492
1.573340
2.298405
0.440201
1.603736
1.124288
1.473376
0.775142
1.234298
1.397914
0.957620
0.672919
1.352703
1.422824
1.682704
1.964239
1.314797
0.604869
1.387816
1.059585
0.642215
1.363747
2.007229
1.145401
1.594283
1.088510
0.159959
1.716688
1.441599
1.742035
0.546368
0.663939
2.279962
0.986613
0.934010
1.326132
1.090393
2.397948
0.721719
1.210777
0.923114
2.018318
1.852525
0.791494
0.669664
0.892819
0.682093
1.366789
0.996632
1.726930
0.650408
1.024331
2.196627
1.801312
1.615311
1.465791
1.135959
2.589502
1.704485
2.126368
1.396549
1.593269
1.728979
1.389550
0.231176
2.142423
0.853690
1.722456
1.378129
1.226518
0.427798
1.365017
0.627505
1.000536
1.910159
1.275491
1.849772
1.405728
0.911858
0.776046
1.330266
1.529882
0.567034
0.603353
1.479164
2.147350
0.763241
1.188115
0.872561
1.567990
1.378606
0.490841
1.179423
1.312874
0.972117
0.469854
0.854417
0.697632
1.370022
2.510751
2.789754
0.834783
1.669989
1.868201
2.096367
1.493751
1.285103
1.475070
1.728554
1.358024
1.572488
1.328397
1.634865
0.623294
1.435695
0.750952
1.075802
1.511577
0.920451
0.536131
1.927376
1.572973
0.833213
1.088077
1.238558
1.993219
1.097191
1.190335
0.986328
0.839265
0.988745
1.263347
0.360049
1.127511
0.386535
1.364565
2.118359
0.858801
1.955412
0.876440
1.225047
1.960277
1.653659
1.507741
1.686736
0.519488
1.175014
0.584805
1.220175
1.229475
1.196395
1.766104
1.467493
2.197689
1.672812
1.253005
1.725527
1.941224
1.878386
1.481445
0.645863
2.202886
1.317951
1.221313
2.205274
0.406841
0.885413
1.336191
1.937816
0.866924
1.565029
0.838715
1.970478
0.538586
0.904927
1.552084
0.786103
1.142545
0.745898
1.148041
0.916145
1.479689
1.109103
1.659974
1.792341
2.798551
1.382456
1.640155
1.007853
1.455208
1.330862
0.922167
1.058605
1.261643
1.973725
1.600489
0.195752
1.246820
1.758239
1.740016
1.357958
1.374439
2.269983
1.046397
1.154264
0.893696
1.674833
1.213434
1.145725
1.582299
1.009733
0.806073
0.621504
1.990180
0.237496
1.738666
0.783451
1.344639
2.011157
1.493877
0.962467
1.153696
1.036658
1.053237
0.716613
0.905369
1.275428
0.795290
1.546502
1.708481
1.759779
1.143333
0.982190
1.644097
0.912025
2.984832
1.111056
2.331183
0.557735
1.337002
0.609228
1.035713
1.795482
0.798475
1.138440
1.701738
1.249572
1.412191
1.695644
0.733557
1.101021
1.690085
2.163267
0.661833
1.065115
0.434485
0.755959
1.119026
1.209623
1.032328
0.870838
1.980521
1.668185
0.865949
2.096567
1.046130
1.797815
0.726424
0.806955
1.064127
1.897075
1.495833
1.091666
1.184161
0.411350
0.882561
1.089070
0.381919
1.489367
1.196240
1.432412
1.392113
0.269371
1.389951
1.750057
0.843207
2.277098
1.477847
2.234913
2.128114
1.010385
0.799552
2.720833
1.826650
0.910869
2.020952
1.881344
1.190117
1.830106
1.747659
1.126333
0.336889
2.635709
0.796560
0.719513
0.941902
1.118642
0.679013
1.031028
1.576011
0.773479
0.936479
1.370360
1.160336
0.968660
1.004903
1.032665
0.716654
0.328546
2.451157
0.924247
1.084892
1.010541
1.116826
1.315651
1.072726
1.372346
1.250990
0.841143
1.739076
1.532742
2.242822
1.183662
1.386970
1.237926
0.871973
1.858938
1.181503
0.863372
0.805935
0.497578
0.061162
1.055784
0.997327
2.034489
0.930119
1.388929
0.804704
1.871497
0.650495
0.603034
1.362307
1.211131
1.880936
1.571177
0.919764
0.418782
1.268431
2.293348
0.724783
2.058478
0.754487
0.745869
0.768642
1.475673
2.028747
1.135655
1.332273
2.033270
0.552748
1.546100
1.353779
2.330583
1.554746
0.726389
0.970662
1.163971
1.788109
0.723830
0.490022
0.757517
1.457592
1.588170
0.894112
0.751935
1.082206
2.685645
0.897866
1.348313
1.022612
1.341327
1.979816
1.548053
1.444668
1.631505
0.427832
1.299093
0.645886
1.491447
0.678540
0.818799
1.683634
0.767950
1.968819
1.477605
1.668977
0.865301
1.300058
1.079997
0.467625
0.517845
2.202129
1.375011
1.210709
1.906840
2.542601
1.540579
1.673022
1.330475
0.757972
1.597860
1.151170
1.004159
0.936633
1.306719
1.306382
1.192230
0.370458
2.243446
1.682303
0.620430
1.318409
1.482251
1.461582
1.293067
1.270005
1.746712
1.692756
0.924692
0.996392
0.737554
1.495464
1.121335
0.735617
0.979574
1.606490
1.076257
1.761224
1.711544
2.102879
0.577585
0.965083
1.177906
1.619443
0.739938
1.942746
1.655743
0.439768
1.378236
0.777696
1.226332
1.278408
1.520112
0.462994
0.756224
0.826127
1.820617
1.054836
2.760664
1.560160
1.116773
0.809802
1.249070
1.758768
1.854367
2.795368
1.496200
1.065683
1.462776
0.829938
0.843770
0.950135
1.454082
1.685226
1.872298
0.881119
1.347680
1.869390
1.499956
0.956567
2.070755
1.346584
1.735634
1.378762
2.039859
1.832155
1.896738
1.190510
3.102521
0.707640
0.759077
0.978412
1.244004
0.895521
0.906300
0.854107
1.079020
1.332282
0.911378
1.026307
1.218262
1.432060
0.612932
0.326130
0.734065
1.484029
2.672809
2.199111
0.197132
1.628682
0.500018
0.363203
1.774807
0.696235
1.654866
1.214044
1.532804
1.741322
1.863424
1.023438
1.040395
1.126155
1.601734
1.432030
1.499343
1.274245
0.556841
0.377959
1.071647
2.044059
0.574003
1.362935
1.804085
2.056462
1.229430
0.938640
1.919937
1.296665
0.289990
1.311448
1.647808
1.002802
0.807425
2.219571
1.366172
0.979383
1.853707
1.270441
1.501173
1.672545
1.313338
0.871306
1.146433
1.333588
2.506094
0.841116
2.644332
1.652785
1.451577
1.348092
1.692997
1.772754
2.492869
1.527349
1.850571
1.569279
0.812955
1.979888
0.924929
1.355593
1.519749
1.806699
0.872186
0.698214
1.366349
1.723047
1.313704
0.314175
1.023366
0.308167
1.992285
1.112410
1.108267
1.006913
1.055691
1.225519
1.673014
1.246963
1.613974
1.041779
2.402351
2.501387
1.619783
0.837669
0.386296
0.727255
1.524420
1.286981
0.893830
1.223930
0.638751
0.571714
1.824669
0.645230
1.053791
2.069504
1.825716
0.807706
0.940621
1.553058
1.434850
0.898549
1.476324
1.736762
1.785877
1.738259
1.349473
1.176999
1.130406
1.038536
1.303068
1.141513
0.795373
0.829768
0.766738
0.882833
1.903319
1.562809
0.348361
1.519108
0.579141
1.556755
0.908222
0.408330
0.687596
0.652421
2.398994
1.348257
0.930266
1.062601
0.995528
1.864208
1.338403
1.187718
2.140333
1.083086
1.908781
1.933340
1.114914
1.567670
0.954723
1.295575
0.561361
0.737470
1.081470
1.190652
1.028810
1.625837
0.585017
2.003179
1.027702
0.130103
0.464936
1.181505
1.623405
2.047530
1.867117
0.760605
1.027625
0.174792
0.973154
2.134059
0.773706
0.613932
1.696424
2.151833
1.540624
1.869051
0.922533
1.050042
1.232645
1.582523
1.459774
1.109562
1.280777
0.852100
1.874994
1.717034
1.288545
1.218479
0.372223
1.937480
1.532814
1.231897
1.410278
0.856467
0.683417
1.269054
2.025951
1.217121
1.117421
0.539875
1.737214
0.833250
0.706928
1.345393
1.584156
1.135999
1.715291
1.122963
1.072127
1.554664
0.813084
0.609625
2.001461
2.739801
2.025423
1.286956
1.043402
1.554848
1.921154
1.601313
1.356453
0.508053
0.980919
0.736275
1.520984
0.699619
1.019328
1.038826
0.648305
0.561770
1.997831
1.581406
0.737408
1.451637
1.308939
3.100505
1.656639
0.512361
0.409178
1.470616
1.969416
0.992820
0.672567
0.881048
1.089840
1.881677
2.219330
1.228577
0.844697
1.115707
1.544539
2.002338
2.170109
1.744111
0.312188
0.887378
1.243611
1.264993
1.055107
0.623152
1.833806
0.962476
0.874443
1.903146
1.065920
0.814977
2.470899
1.021525
0.902826
1.643745
1.972298
1.579196
0.830949
1.394054
1.547733
1.824198
2.548785
1.974611
0.697807
0.205605
1.380189
1.263782
1.463783
1.289236
0.693262
1.597705
0.323772
1.343308
1.186954
1.563172
0.693617
2.507395
1.160577
0.948976
1.203861
2.147929
0.965241
0.682029
1.032932
1.643966
1.746399
1.687900
0.940828
2.163851
0.894453
1.944392
1.108122
2.085468
1.208748
1.611380
2.214442
1.127634
1.096882
0.496413
1.140781
1.089758
1.747793
0.443547
1.703409
0.983184
1.305239
1.791851
1.778386
2.177766
0.402150
0.566558
0.934233
2.009453
2.133119
1.055391
0.608216
1.277867
1.127638
0.930766
1.771121
0.695912
0.452685
1.302072
1.550171
0.983517
1.239620
0.628042
1.434371
1.136933
0.925745
1.519655
1.181738
1.652922
1.303118
1.828504
1.699906
1.683050
0.936683
1.560126
1.853325
1.130578
0.714660
1.889690
1.859993
0.216443
1.256417
1.688389
1.077342
1.131696
1.569059
1.558613
1.537214
1.710779
0.612682
1.166098
0.971527
1.526620
1.000610
0.985780
1.876894
0.805776
1.257091
1.404761
2.005096
0.535659
3.449062
2.108411
1.340644
0.770243
1.777952
1.217505
0.917559
1.806736
0.957695
1.071548
0.791570
1.219489
1.757072
0.867469
0.516351
1.227014
1.014758
1.099688
0.635629
1.421117
1.984478
1.231520
2.356537
0.542910
0.407184
0.616559
0.581871
1.839053
1.138517
0.840200
1.171203
2.205057
2.257787
2.310165
1.582595
1.596038
1.681699
1.819726
2.057126
0.873409
0.738995
1.450535
0.437972
1.476886
0.779804
0.575005
1.785633
0.330252
1.720537
1.728946
2.148699
0.880891
1.682076
1.004190
0.519273
1.181970
1.574164
2.708412
2.410505
1.529316
1.649758
1.430399
0.959806
2.502557
1.592972
0.258920
1.467475
2.018406
1.890277
1.553797
1.747095
0.478493
1.458686
1.006661
1.674906
0.837399
0.947044
1.286952
0.964575
0.622090
1.355119
1.354468
1.671988
1.104688
2.317236
1.062930
1.517138
1.671882
1.021413
1.589008
0.530611
0.399560
0.754169
1.516474
1.062374
0.682331
1.819213
2.309533
2.003241
0.792079
0.781717
1.254188
0.940359
1.222020
1.920998
0.910686
1.638654
1.838461
1.787834
2.312301
0.916958
0.690498
0.628012
1.342421
0.901779
1.896737
1.327656
0.684103
0.851531
1.080349
1.767046
1.361789
2.236729
2.151607
1.331738
0.892897
0.132778
1.769410
0.983164
1.316032
1.375528
1.456077
1.677334
1.498403
0.511755
1.674987
1.437475
1.158421
1.125983
0.975639
2.103061
2.207094
0.884810
1.176904
1.054496
1.534761
1.666801
0.922191
1.256675
1.463779
2.416904
1.053473
2.048462
1.599372
2.402493
1.469792
0.949250
0.789994
2.346959
1.053024
1.362302
0.752912
1.358749
1.755678
2.504016
1.726704
1.405296
1.714302
0.414034
1.686750
1.202540
1.399344
0.758402
1.153340
0.797825
0.930798
1.598847
1.657751
0.924051
1.064732
0.972610
0.650278
1.462044
0.506447
1.715580
2.298974
1.590356
0.878511
0.802263
2.223619
1.307590
0.177772
1.584333
0.805548
0.869373
1.308333
1.162191
1.432274
0.986868
1.874157
0.836198
0.851470
0.855914
1.231284
2.068935
1.580635
1.222325
1.592403
0.817541
2.056916
0.657750
1.897450
1.459441
1.513468
1.507768
0.524127
0.778547
0.992913
1.100602
1.449691
2.175080
0.942901
1.465460
3.613208
0.411032
1.689330
1.473444
1.394353
1.496655
1.789622
1.531713
1.752835
0.576469
1.219507
0.823972
1.207860
0.324837
1.868176
1.266205
1.056606
1.288371
0.948872
1.238775
0.534195
1.087855
1.699128
1.077737
1.147748
0.605131
1.709113
0.231020
1.569836
0.490976
1.605546
0.965178
1.195729
1.970140
2.014311
1.522024
0.412116
1.218184
1.181010
0.882932
1.701071
2.694868
1.004707
0.849968
2.909285
1.198655
0.764739
1.527081
1.609892
1.174266
1.681358
0.520979
1.174093
1.317888
1.581513
2.136306
0.846813
1.852284
0.840434
1.407423
1.095701
0.914880
1.021418
0.894058
1.548570
1.575491
2.231849
1.247722
1.124022
1.601869
1.184089
1.017027
1.601655
1.682120
1.255216
1.642500
1.509384
0.839941
1.046094
1.346695
1.818672
1.785123
1.351410
0.971268
0.929904
1.817893
1.606978
1.553505
2.007340
1.944528
2.195060
1.422348
1.402314
0.525896
1.226519
1.359532
1.302250
1.643590
1.689896
1.422237
1.398663
1.809632
0.855109
0.695533
0.570068
1.205328
1.218530
1.020760
1.027640
0.747532
0.987488
0.308596
2.018610
2.014379
1.275202
1.485932
1.107867
0.575453
0.996570
1.056422
0.562906
1.000423
1.510461
1.416607
0.144034
1.138134
0.910325
1.418018
1.440830
1.232820
1.366207
1.477501
1.854879
1.673061
0.811382
1.611789
1.011364
0.447209
1.528164
0.987667
0.581877
1.992228
0.233913
1.724603
1.788565
2.023656
2.023127
0.838225
1.174267
1.901248
0.650458
1.430734
1.567060
1.048490
1.040106
1.634501
1.317093
0.521931
1.501824
0.256952
0.464347
2.898375
0.950878
2.662769
0.476846
1.543833
1.567158
1.564575
2.079413
0.592660
0.658909
1.518054
2.635288
0.789453
1.218629
1.209359
2.039904
1.012886
1.466921
1.276063
0.537909
1.517314
1.397993
1.639618
0.553072
0.730412
0.378678
1.193805
1.730552
1.757613
1.263551
1.133918
1.212121
2.144201
0.926552
1.083848
2.049646
1.082899
0.562025
0.528656
2.868367
3.004305
0.786701
1.552360
1.108255
2.079045
0.804879
1.123382
1.864360
0.506056
1.566296
2.277309
1.313683
0.768878
1.238548
1.481826
0.765250
1.629483
2.579407
1.657340
1.739088
1.112272
1.170506
1.698919
1.298813
1.540194
1.495412
0.520434
1.236697
0.653442
1.565056
1.138230
0.822582
0.436122
1.556785
1.087430
0.682458
3.120738
0.406231
1.299966
2.480067
1.190247
1.689736
2.513906
2.240338
1.922128
0.792087
1.229035
0.610223
1.857844
0.404302
1.674408
1.438128
2.015930
0.806735
1.818365
1.971920
0.902128
2.184677
1.275245
1.130636
0.682415
1.029023
1.553149
1.979422
1.137617
0.842926
0.955012
0.904871
0.716690
0.617924
0.632891
1.775788
1.949253
2.111725
1.820821
1.059080
0.974094
0.679211
1.264927
1.414699
2.188277
1.441299
0.559894
0.354990
0.426678
1.247742
0.639191
1.409681
0.595392
1.209810
0.691619
1.371012
1.217834
1.321660
0.732270
1.074624
0.675514
0.516258
1.050177
1.016477
1.028443
1.429443
2.396670
1.797800
1.634556
2.106685
0.863425
1.391591
1.180525
0.636652
0.202035
1.422009
2.382995
1.064029
0.581489
1.275341
1.224625
0.954342
0.558366
1.584462
0.919636
1.842932
0.771646
0.633493
0.862352
0.916838
0.973135
1.325660
2.009086
1.048827
2.409049
0.740015
1.705203
1.580503
0.685779
1.234496
1.092890
0.971699
1.285883
1.411872
1.204087
0.283860
0.383049
0.739391
2.367347
0.694612
1.319975
0.611432
0.899407
0.860616
0.334279
0.975514
2.094960
0.294259
2.133220
1.518529
1.228903
0.903836
1.191088
0.669274
0.767617
1.360280
1.875205
0.449430
1.262748
1.104114
1.604864
2.124607
1.337699
1.092460
1.879199
0.688612
0.714585
0.686057
0.596834
0.523526
0.591717
1.053864
0.998201
0.892211
2.168603
0.909658
0.937583
1.040154
1.973946
1.884296
2.180531
0.846357
1.281291
0.751642
1.271703
1.145840
1.316498
1.908109
0.392250
1.455903
2.075576
0.484288
1.363628
1.284706
1.022986
1.719349
0.882456
1.684779
1.519398
0.787559
0.608461
1.823334
1.105951
1.302854
0.626193
1.401826
1.733566
0.591876
1.175165
0.975286
1.212316
0.432252
1.038955
0.721674
1.897454
1.135552
1.118290
2.544363
1.654016
1.759337
0.863270
0.684441
1.594734
1.093322
1.652934
1.154641
2.187873
0.631116
0.971115
0.600021
1.669979
1.132762
1.422045
1.321523
1.134760
0.487536
0.426977
1.611487
0.369305
1.641014
2.603342
1.795010
1.468511
1.236786
1.730593
1.781250
1.758413
1.405562
1.051166
0.998319
0.862369
1.713455
1.271603
0.498468
1.030965
0.836969
1.280859
1.975736
0.969700
0.665590
1.096037
2.076433
0.666786
1.002402
1.362723
0.469607
1.406764
1.326365
1.279072
0.842597
0.908755
2.347209
1.344798
1.102581
1.138011
0.740800
0.853970
1.818088
0.602608
0.794083
2.090347
0.267648
1.265210
2.657268
1.184691
0.975698
0.945932
0.740709
0.770980
2.442301
2.192039
0.674560
0.593347
0.778657
1.833801
1.461544
2.008211
1.403489
1.515937
2.347895
1.223322
1.616745
0.980596
0.305821
1.337366
1.368888
0.787088
0.630939
2.270685
0.143680
1.534723
0.819831
0.555139
1.414886
0.791586
1.427533
1.502481
1.070067
0.848397
1.777141
1.476487
1.130535
0.711845
1.003487
0.862884
2.163553
1.066098
0.945630
0.895871
2.058488
0.863229
1.573335
0.633207
1.481541
0.994508
0.657777
0.840583
1.305250
0.721477
0.789372
1.665231
1.184766
1.378071
0.959097
1.168729
1.237382
1.782759
1.870494
1.959847
2.057107
1.819136
1.626135
1.558998
0.694976
1.799605
0.893446
1.344054
0.821392
1.263603
1.578915
1.034971
0.700840
0.383380
1.413038
1.441795
0.695820
2.379205
3.289426
1.009690
1.323039
1.252539
0.674542
1.947059
1.506138
1.216085
1.876672
0.722304
0.596189
1.489135
1.762832
0.743873
1.212244
1.115090
1.344718
1.076056
1.297573
0.363199
0.768412
1.232255
2.290144
1.290623
0.842486
1.616886
1.452390
0.465513
1.073187
1.801624
0.940185
1.062002
2.601186
0.847330
0.893424
2.231659
1.376961
0.719864
0.880160
1.625714
1.071716
0.617081
1.341920
1.857699
2.328912
0.730518
2.112384
0.663758
0.998550
1.759514
1.067285
1.278931
1.239323
2.056786
2.202628
3.384954
0.684188
1.542588
0.649970
1.078901
1.101778
1.953865
0.812847
1.339185
0.681240
0.354841
2.140623
1.308292
1.729338
0.654613
1.613309
0.328278
1.306473
0.901431
1.349705
0.376955
1.049476
0.396614
1.017258
1.462735
1.310256
1.049912
1.925086
1.635895
0.741352
0.458151
1.557215
0.334410
1.873248
1.286464
0.257855
1.135022
1.977929
1.496860
1.268653
0.886864
1.168002
1.021951
0.809180
2.504277
0.728809
0.673457
1.893265
0.874536
1.553861
0.633555
1.505396
1.388529
1.054824
0.409560
1.629240
1.202849
1.781392
1.483631
1.174622
1.103237
1.323430
0.672778
1.787993
2.269637
0.802185
1.348898
0.900878
1.215624
0.889461
1.401442
1.024076
0.488654
1.222056
0.338908
1.068863
0.929610
1.033341
2.195852
0.403074
2.263041
0.797418
1.331353
2.059648
1.250681
1.405182
2.578168
0.575315
1.235488
0.786276
1.288748
2.106777
1.659922
0.969066
2.335211
1.947636
0.970416
1.239827
1.569171
0.414086
0.194588
1.216932
1.792707
0.913443
1.327802
1.193559
1.094161
1.079486
1.032452
0.485709
0.201886
1.012506
1.380404
1.834697
2.694014
1.570386
1.838263
1.164624
1.752757
1.151267
1.232285
0.377935
0.421092
1.193208
0.851824
1.461130
1.645841
0.984939
0.838805
1.905325
1.851277
1.601543
1.507944
1.182751
0.963744
1.130487
2.070392
1.690219
2.447794
0.933961
1.217455
1.093506
1.478513
1.215380
2.273354
1.342148
1.140826
1.598518
1.408071
1.088347
2.261731
1.874268
1.368910
1.190665
1.117625
1.745273
1.406295
0.934960
2.333974
0.587855
0.671893
1.781088
0.666426
1.159848
1.897000
1.641656
1.431221
2.899354
0.906458
1.321306
0.765967
1.346399
1.674541
1.730930
2.128803
1.556426
2.309577
1.328445
0.640842
0.809924
1.199213
1.473780
0.937833
0.713796
1.032112
0.673407
0.687850
0.620938
1.056798
0.467378
0.774013
1.381939
1.208231
0.943867
1.865067
0.909473
0.665716
1.195621
0.309406
1.645288
0.573084
0.997750
1.544736
1.903957
1.840116
1.964541
2.354587
1.431526
1.139215
1.223873
1.302626
1.033827
1.866282
1.701659
1.199574
1.468510
1.285809
1.089834
2.316107
1.588970
1.241832
1.057270
0.560915
2.578236
1.735579
0.825351
1.466260
2.026498
0.443286
1.389050
0.788868
0.631308
1.973069
0.169170
0.826866
2.390185
1.370458
0.500404
0.967374
0.757441
1.295935
1.002802
0.779976
0.914593
1.226664
1.088712
1.474353
1.734039
1.679361
0.728391
1.278365
0.907604
0.461650
0.482634
1.371146
1.048498
2.302592
2.070752
0.244601
1.646972
0.413966
0.964698
1.871458
0.906218
1.364430
1.727810
1.042575
1.313540
2.058828
1.353999
1.799751
1.888399
0.730989
0.959495
2.140110
1.125310
0.560009
1.018470
0.828816
0.315312
1.021220
1.376278
0.968852
0.609144
1.070599
0.588193
1.402009
1.668333
3.024365
0.991991
0.926220
1.289300
1.559845
1.685800
0.899717
1.268432
2.179748
0.731054
1.954736
2.095792
0.694846
0.517883
0.209345
1.023422
0.841950
1.049486
1.143985
1.157702
0.921838
0.935242
1.123058
0.787225
1.942011
0.490966
0.304857
0.483476
0.679352
1.370222
2.236835
0.908347
2.226283
0.717099
1.122669
1.835504
1.772195
2.013302
0.550920
1.261616
2.128574
1.216865
1.534653
0.220464
1.083774
1.164758
1.303428
0.580856
1.361425
1.450496
2.277114
1.064519
1.016772
1.074045
1.847041
1.508664
1.283345
1.437478
1.398958
1.681364
0.485962
1.423474
2.122523
2.313652
0.536700
1.392851
0.549741
0.360686
1.783511
0.486239
1.167289
1.068591
1.436140
1.226077
1.282330
1.607094
1.944338
1.403047
1.977228
0.702218
1.221245
1.083061
1.387940
0.956027
1.862289
0.867525
0.399748
1.585528
1.431715
0.625894
1.892852
1.156684
0.737511
0.966610
2.083974
1.539176
1.969585
1.883915
1.338257
1.108200
0.702969
1.711606
1.018607
1.836252
1.344294
1.305211
0.296497
0.506908
1.195466
1.494365
1.842752
0.477555
0.765055
0.734889
0.531140
1.405449
0.649932
1.085526
1.755002
1.680756
1.841495
0.920839
0.484617
1.033651
1.361620
0.811183
1.229062
0.909220
0.654258
1.285143
0.817449
1.376984
1.181409
1.620894
1.072638
0.952012
1.451657
0.627225
1.586537
0.434920
1.375161
1.088363
0.821116
2.390521
1.207137
1.524246
0.998377
1.288626
0.722140
1.055169
0.369876
1.386983
1.656808
2.251326
0.723590
0.652839
1.388146
1.720014
1.302350
0.805878
1.437188
2.184678
1.334951
0.920774
1.685698
1.079637
0.366631
1.476178
2.656156
0.215390
1.621539
1.320049
0.755791
0.953402
1.178632
0.754372
0.935260
0.392662
1.624362
0.395802
0.979115
2.526373
1.622956
1.290181
1.556460
1.138746
1.563629
1.395293
2.003121
1.472310
2.413036
1.672165
1.403500
2.076254
1.623738
1.262102
2.065319
1.216072
0.791770
1.500500
0.812549
1.172153
0.433163
0.393207
0.986429
1.740917
1.505359
1.493885
1.037490
1.761910
1.832584
1.660346
1.101120
1.446626
0.567728
1.018558
1.644002
0.586801
1.617706
1.474970
1.609731
1.927352
2.432121
2.412170
1.524808
1.810458
1.405825
1.420313
2.141770
0.922098
0.885403
1.181344
1.434120
0.988197
2.515310
0.619459
0.594249
1.550574
0.780102
2.011219
2.574131
0.873135
0.750050
1.137956
1.271775
0.956838
1.544334
2.220634
1.088829
0.572967
1.689255
1.216353
1.531943
1.942281
2.505369
1.272788
0.839103
1.797202
1.662777
1.576382
1.399763
0.516540
2.106978
0.787557
1.746662
1.192260
0.676316
0.866192
0.858008
1.595653
0.849960
2.072560
0.837172
2.312236
0.960195
0.694277
1.626253
0.676642
1.505547
1.673424
0.723895
2.003927
1.982476
1.754565
1.898064
0.671394
0.813770
0.554952
1.203319
1.532897
0.831465
0.854403
1.778528
0.652487
1.298458
0.690098
0.971885
1.185658
0.924959
1.028882
1.490390
0.980082
0.870092
1.690825
1.811095
0.438854
0.564116
0.608523
0.734567
1.270487
1.695086
2.020083
1.197415
1.664086
1.697145
1.812706
0.876636
0.659226
1.054039
0.328633
1.040895
1.035587
0.867231
0.991003
3.168697
1.484164
1.179087
1.182721
0.397436
1.162188
0.499135
2.300236
1.096150
1.065817
1.712017
1.643980
1.331946
1.067350
0.494856
0.944005
2.023512
1.702377
0.846039
2.784954
0.881376
2.222406
1.653449
1.406834
0.874440
0.289687
1.170097
0.986937
1.715618
1.369936
1.928810
1.150832
0.145530
1.453720
0.526654
0.444346
1.366846
1.567712
1.607264
1.184632
0.843091
1.954337
1.589358
1.556983
0.712277
1.383833
2.146992
2.516672
0.756217
1.031133
1.700666
2.894901
1.213784
1.772233
1.918930
0.921015
1.632873
1.047065
1.283031
1.185166
0.872942
0.708570
2.019083
0.842621
2.281968
0.757687
0.210438
0.925171
0.850910
1.074205
0.597683
0.833102
1.476316
2.405732
0.610490
1.199022
1.877090
1.599114
1.375342
2.484809
0.363712
0.575385
1.481659
2.172863
1.106904
0.695165
1.364600
0.679607
1.398508
0.628912
1.509849
1.269327
1.585502
0.748211
0.954408
1.623768
1.990735
1.499888
0.664472
0.924449
1.189775
1.299230
0.444201
0.836699
1.838793
0.598582
1.537647
1.194045
0.828582
2.550676
1.207044
1.080668
1.330760
0.498870
0.882760
1.285197
2.079763
0.655327
0.427001
2.114473
1.560074
0.644702
0.827102
1.237017
1.668991
1.852607
1.324433
1.806471
1.037212
0.620301
0.912408
0.782870
1.642546
1.722837
0.335784
1.706547
1.679612
0.900631
0.640580
0.659714
2.559026
0.916480
0.681605
0.938826
1.368032
0.625158
1.206726
0.846385
1.616142
1.503941
0.715792
0.770122
1.294582
1.438653
1.712102
0.332546
1.281708
1.413816
2.741246
0.605531
0.990502
1.565281
0.571845
0.384665
0.650858
0.963586
0.575691
1.040106
1.597961
0.627670
0.721434
1.068668
2.312644
1.554276
0.974323
1.910876
1.234787
1.115797
1.623454
1.915907
2.045058
1.051042
0.859501
0.929109
0.976646
1.234998
1.570041
0.307545
0.662553
1.265980
0.438070
1.540663
1.352222
0.410985
1.304977
1.342906
1.323806
1.471725
0.526415
1.656560
1.753078
1.786787
2.143451
1.172063
1.185958
1.917719
1.534979
0.608188
1.494726
0.655196
0.863851
0.737820
0.870811
0.614430
0.951120
1.644278
2.050979
0.687139
0.850076
0.561421
1.492805
0.815579
1.985467
0.725581
1.912268
1.562081
1.780781
1.243770
0.200523
1.233425
1.330782
1.729284
1.422433
0.703511
1.335636
1.437778
1.745839
1.732573
1.329655
0.821091
1.160538
0.975051
1.256259
0.445612
1.895088
0.498626
1.275048
0.943700
0.795591
3.345584
0.913076
1.160709
0.839276
1.660624
0.922336
1.291098
1.320735
0.752914
1.284449
1.911544
1.659786
1.105383
1.157277
0.729275
0.803874
2.025907
1.474116
0.909122
1.274044
1.246957
1.874228
0.318191
0.533972
0.648697
1.354670
0.766647
0.577234
0.895502
1.469955
0.954859
1.830999
0.802459
1.726665
0.566677
1.151192
0.742430
1.240697
0.644628
1.258284
1.049326
1.020541
1.387225
1.201325
1.277550
1.021378
1.461330
0.651137
1.146976
1.819157
0.563164
1.448377
0.734330
0.837593
1.769667
1.241755
1.141176
1.002048
0.931874
1.692605
0.732285
3.306105
1.149640
1.332852
1.196175
1.854501
1.722836
1.140210
1.386089
1.222538
0.617829
0.714767
0.467495
1.816790
1.399957
1.091812
2.082149
2.107822
1.491480
2.101160
1.762960
0.848303
0.607972
1.699934
0.460505
1.517516
0.350994
0.377633
1.211622
1.670626
0.958410
0.456934
2.169802
1.420956
0.958770
1.231160
0.654353
1.190147
1.337959
1.005750
1.676119
0.278226
1.261271
1.610092
2.029585
1.663146
0.741870
0.437037
2.108815
2.455096
1.768527
0.893370
0.481513
0.284059
0.733209
1.527610
0.707286
0.499257
0.473082
0.541943
1.396445
2.053506
1.025075
0.404993
1.838024
0.879069
1.488122
0.275001
1.812073
1.298972
2.375229
1.273063
1.225315
1.407144
1.557322
0.723112
0.848429
1.269441
1.596428
1.420060
1.420549
1.600905
1.777012
1.816188
1.282140
1.161363
1.170021
1.200225
0.489063
1.245112
1.522313
0.449535
2.176129
0.913908
0.877229
1.334194
1.333097
2.672275
1.574739
3.436123
2.430834
1.248774
0.907683
0.693052
0.931379
1.468130
1.388160
1.126762
0.627483
0.758318
0.738806
1.826691
1.436479
1.169455
1.826856
2.033570
1.583122
1.743505
1.891942
0.627490
0.871659
0.598776
0.510119
0.974595
1.046897
1.340261
1.557990
1.688724
1.318309
0.599275
0.893938
1.173545
1.377614
0.796726
0.481817
1.517067
0.945898
0.313356
1.346634
1.404664
1.243165
0.843997
1.747095
1.125706
1.358187
1.842528
1.763041
2.035487
0.360770
1.329342
1.089524
1.177554
1.539178
2.150533
0.589950
0.823635
1.293912
1.471631
0.656869
0.467797
0.793808
1.229371
0.984972
2.187079
1.424668
1.476040
0.795245
1.235003
0.467687
2.413390
1.369682
0.770595
2.728956
0.885461
0.847774
1.431128
1.882533
1.382603
2.487423
0.795632
1.697554
1.520295
1.722312
2.140939
1.254271
1.198892
1.030255
0.885818
0.612385
1.184587
2.331167
0.851599
2.279513
1.495589
0.949606
0.486082
1.718721
1.665410
0.885624
1.375251
1.224230
2.590846
0.532668
2.739696
1.154579
0.772212
1.229147
1.188224
0.884808
1.894377
2.315774
0.293187
1.986356
1.846623
1.580261
1.936819
2.123973
0.872769
0.579556
0.695605
1.069884
0.607320
3.349842
0.489931
2.442045
0.462236
1.224295
1.715739
1.492955
1.234205
0.482371
1.126297
2.350553
1.584107
0.454522
0.901927
1.550974
0.766642
1.740284
1.573750
1.911667
1.879055
1.407526
1.506120
2.040320
0.548032
0.922535
2.327701
0.788957
1.254961
2.973287
1.366892
0.625867
0.878592
1.124915
1.901843
0.876103
1.228991
0.689526
0.699422
1.474031
0.691902
0.784575
1.915007
0.971400
1.258661
2.003829
1.027561
0.965446
0.645741
0.859596
1.294225
0.945228
2.479150
1.622369
1.254382
1.110705
1.213181
0.905151
1.008505
2.717071
1.645301
0.215111
1.477382
1.578878
0.933421
1.226072
0.333374
1.141491
1.270210
0.660383
0.616896
1.049320
1.495469
2.115235
0.842132
0.805487
1.754804
1.548323
1.069349
0.794733
1.185834
1.194677
1.399888
1.329115
1.993597
1.017225
0.453086
1.503661
1.267577
1.470951
1.001238
0.882278
1.092847
1.413788
1.078380
1.383728
1.271739
1.330756
1.783659
1.567473
1.677364
2.343952
1.133481
1.375133
0.836655
0.702387
0.565295
1.430492
1.114974
0.875594
0.403792
0.901682
0.696893
2.033812
1.224043
1.406293
1.502295
0.395939
0.993108
2.531406
0.997632
1.612762
2.265475
1.381211
1.060074
0.986938
0.456864
1.063380
1.459515
0.837460
2.069679
0.769293
1.206247
2.178148
0.600485
1.351227
1.744393
0.534824
0.725987
1.736380
0.759078
0.675768
1.209770
0.489928
1.417559
0.845593
2.081996
1.881096
1.030527
0.716768
0.766650
1.137546
1.396904
1.573208
1.110940
1.214621
1.063015
2.737621
0.590283
1.081999
0.540928
1.387099
2.209169
2.406887
1.601342
1.433532
1.358116
0.698863
0.479976
2.096311
1.682287
0.715555
0.767489
1.761086
1.939875
1.937617
1.164186
1.164570
1.013361
1.624185
1.643501
1.207415
2.117194
0.982417
0.459349
0.310965
0.963646
0.657150
0.787360
2.698712
2.448297
0.992584
2.044230
1.599234
1.473669
0.625517
0.881390
0.525634
1.089062
1.388423
0.852130
0.488790
2.166301
0.855805
0.964574
2.021254
1.474844
1.793037
0.517320
1.344045
0.854886
1.976120
1.259218
1.902634
2.248060
1.910122
1.435661
1.653312
1.599579
1.561908
1.226198
2.291361
1.329374
1.642629
1.904802
1.074384
1.623097
0.472799
0.604758
0.917456
1.301351
0.794305
1.348770
0.844978
1.284614
0.959136
1.119434
0.972044
1.462310
1.150829
2.248265
1.581051
2.081492
1.605390
1.845101
1.018141
1.062530
1.839228
1.588692
0.889932
1.114249
0.707869
1.053279
0.877112
0.486126
1.283453
0.361778
1.079119
1.238757
1.651440
0.893226
0.569277
0.740321
0.374742
0.868043
0.752016
1.336853
0.796369
1.362264
0.565273
1.770712
1.119277
1.133005
0.603180
2.028972
1.443895
1.078835
1.934239
0.619348
1.515623
0.627250
2.870311
0.551975
1.647672
2.327352
0.988723
0.331399
1.639886
0.673544
1.330808
1.826630
0.965161
0.372945
0.575391
1.346395
1.386296
1.129943
1.414106
0.767982
2.001066
1.744165
1.551668
1.368218
1.567720
1.798022
1.255846
2.050193
1.609480
0.803635
1.489086
1.231497
1.340411
1.080351
1.566450
0.549041
1.439417
1.096955
2.250149
1.033971
1.675860
0.941395
1.214550
0.992257
1.622423
0.649480
2.330730
0.603793
1.619560
1.530570
1.304707
0.800690
0.363278
0.856571
1.734104
1.712505
1.947467
0.990639
0.678524
1.385009
2.723462
2.233164
0.764732
1.432068
1.826787
0.779796
1.329803
1.429219
1.315793
2.096481
1.005012
0.734478
2.134831
1.386135
0.580916
1.428521
1.049404
1.514334
1.514866
1.161592
1.806268
1.636916
1.800049
0.938232
0.463438
1.747175
1.018436
0.855839
1.206179
1.497782
1.853052
1.029916
1.188654
0.880163
0.892670
2.077105
1.792284
1.149247
1.417213
1.889346
1.399464
1.451000
1.442495
1.821722
0.503576
2.334214
1.195475
1.202310
1.713320
1.671806
0.263530
1.074600
1.526255
1.257931
1.587244
1.487750
1.801287
0.880123
1.135995
1.953123
0.358440
1.572986
1.818301
0.763424
1.173212
0.939021
2.115599
0.886502
2.134521
1.765816
0.935193
2.142431
3.209275
1.205203
1.623380
1.017273
1.473971
0.559634
1.100987
0.522340
1.027833
0.826048
1.176896
0.796571
1.116754
1.352012
2.075885
3.046998
1.514476
1.111624
0.675884
1.098047
1.562238
0.951798
1.077350
1.276765
1.854770
1.629462
1.350295
0.366890
0.736615
2.110535
2.205269
1.517311
1.057640
2.315062
0.725307
2.032197
1.435565
1.316793
0.784788
1.654015
1.281987
1.429017
1.211263
1.556039
1.994011
0.729099
1.298737
1.478391
1.689453
0.965573
1.816286
0.598198
1.003949
0.886193
1.025248
2.011383
2.284973
1.404444
0.993652
0.421066
1.530777
1.120520
0.682495
1.708826
1.031716
1.499436
0.388062
1.047738
0.641023
1.416287
0.885043
1.364179
1.631846
1.405350
0.825626
1.507189
1.705442
1.746682
1.797452
0.366912
0.812861
1.815946
1.655298
2.926712
1.196827
2.402841
1.163576
2.136794
1.071288
1.367097
0.222006
1.035208
1.358604
0.617383
0.755424
1.247281
0.577996
1.061954
0.978854
1.808624
0.585584
1.465274
1.219167
0.400908
2.068399
1.458900
1.179366
0.554966
2.102962
1.386352
1.046644
1.543720
0.222818
1.985697
0.737365
1.393886
0.848422
1.481375
0.642509
1.511083
1.130912
1.082543
1.025796
0.419752
1.048478
0.750765
0.840807
0.745962
1.930568
1.132087
0.580976
1.781207
0.890714
0.898257
1.826770
1.228419
1.403285
1.459059
1.343851
1.486995
0.775591
0.646735
0.572738
1.299321
1.480669
1.405081
1.472881
0.482504
1.471508
1.463473
1.150185
0.839847
1.492078
2.245103
0.547134
1.351762
1.765603
0.699703
1.393955
1.154771
0.682598
1.124786
0.805767
1.865119
0.391928
0.806801
1.051363
0.805606
0.914498
1.363670
2.181105
0.581744
0.566958
0.699428
1.013623
0.377575
2.183498
0.451176
1.423218
1.724932
1.910904
1.804403
1.942510
1.351874
1.058218
2.043177
2.356061
1.226148
0.932782
1.134294
1.116315
1.743369
0.549803
0.953266
1.144406
2.396131
1.215526
1.369477
0.917012
0.424283
0.670135
0.602867
0.696493
0.536272
2.094404
1.798329
1.606729
1.510767
1.630606
0.566527
1.096952
0.184987
1.360638
1.555021
1.816226
1.893558
0.908547
1.828244
1.697025
1.007264
1.426637
1.275830
0.572516
2.281163
0.868458
1.691378
0.953311
2.339698
0.581199
1.067895
0.621253
1.542636
0.995361
1.706927
1.908252
1.349673
0.693477
1.767953
0.840053
0.896473
1.518014
0.807481
0.992404
2.041023
1.166012
1.113761
1.150677
1.240137
0.955238
1.406062
0.859264
0.523677
1.634345
2.248226
1.080197
1.411051
1.076905
1.208653
1.570817
0.828403
0.735096
0.963690
1.738675
0.766825
1.052669
0.636972
1.750875
1.198167
1.430051
1.928452
0.924591
1.708253
0.451174
1.303455
1.255238
1.900245
1.038819
1.968499
0.646594
0.744516
1.369084
0.468858
2.387690
0.175031
0.863534
2.377306
1.599023
1.477159
1.308371
0.816621
1.372601
1.032132
0.444522
0.932937
1.116170
1.616151
0.641892
1.353861
2.483188
0.852390
0.921658
0.509227
0.718796
1.979134
1.232659
1.268884
0.283286
1.081423
2.009004
0.728993
0.963103
0.659163
1.181334
0.545039
1.069582
1.749288
1.174236
0.652245
1.380695
0.869873
1.567447
1.045393
0.848438
1.166527
1.211168
0.782906
0.836710
1.527979
1.867181
1.872172
2.499687
1.107270
1.331374
1.590170
0.928250
0.697908
0.618025
0.390412
1.374381
1.612352
1.513616
0.331277
0.636331
1.246840
0.595217
1.615259
1.447665
1.790585
1.238360
1.844619
2.193431
1.092405
0.968327
1.705019
1.728669
1.652320
1.095130
1.425156
0.622946
1.512369
1.442266
0.513769
0.501292
1.270045
0.654605
0.903308
1.606654
0.297703
1.570924
1.684562
1.781128
0.705116
2.456453
1.950371
1.816184
1.200372
0.696313
0.616735
1.243321
1.166532
1.330310
1.866031
1.374725
1.536300
1.196105
0.570878
1.146844
2.092809
0.965204
1.798704
0.727640
0.469034
0.748455
1.541147
0.958391
1.185776
1.406620
1.420112
1.089522
1.111246
1.218137
1.350408
1.396873
0.694930
1.052135
2.195892
1.770675
1.614098
1.582090
0.677039
2.336530
0.898215
1.195406
1.133123
0.824116
2.245957
1.971398
0.417809
1.826820
1.650062
1.382109
0.493320
1.439359
1.208414
0.593486
2.135749
1.347161
0.727829
2.311751
0.969773
1.684463
0.980412
1.748528
1.816392
2.224828
2.191120
0.390866
2.875649
1.285775
1.333343
1.623848
1.278434
2.286235
1.099037
1.236782
1.205885
0.369123
1.274211
1.325247
0.940165
1.126999
1.420604
0.712352
1.273286
1.133412
0.718430
0.810428
1.421419
0.800309
2.593250
1.410285
1.300441
1.275096
0.777236
0.903011
1.487442
0.758163
0.779091
0.908450
1.919364
0.512082
1.108340
1.363379
0.833711
2.563557
0.939950
1.677993
2.184009
1.161549
2.214972
1.595761
0.335836
0.914859
0.916877
1.051994
0.446273
0.868446
1.282086
0.746915
1.419644
1.117278
1.483612
0.982692
2.936155
0.646247
1.678836
1.554348
1.299452
2.205107
1.351957
0.821706
1.369774
1.313907
0.258193
1.873824
0.439039
1.674348
0.611344
0.324901
1.543844
0.846006
0.551215
1.113799
1.398322
1.863456
1.532275
1.556074
0.670850
0.826871
0.176400
2.100805
0.454710
0.524458
1.402864
0.901002
1.913667
1.040810
1.740080
1.962826
1.286792
0.335729
1.102096
2.494955
1.301612
0.674463
1.265449
2.112464
1.106500
0.835823
0.916407
1.080460
1.279406
0.488956
0.691983
0.961679
0.937626
1.860167
0.692031
1.725324
1.317711
1.846203
0.397205
0.850276
1.004572
1.788566
0.439925
1.057038
2.050753
1.491399
1.457676
1.537721
0.398738
0.784098
1.465052
1.316085
1.280474
1.143391
1.166934
2.176752
1.543388
1.496543
3.052940
1.625451
1.977605
1.586506
1.676093
1.874584
0.870837
2.055070
1.945198
1.554839
1.571215
1.382498
1.254419
2.315375
0.628649
0.878309
1.179887
1.286557
0.558725
1.049070
1.457163
1.377666
2.502458
2.243927
1.303913
1.026211
1.063788
1.045829
1.130073
0.620153
1.416679
0.427955
0.989980
1.559429
2.107822
1.010740
0.853900
1.507238
1.102412
0.604597
1.540442
1.437601
0.827286
0.740432
0.808837
1.335451
1.128856
1.598009
1.159301
2.460849
1.803210
0.759386
0.715288
0.788791
1.332992
1.132588
1.297086
1.774255
1.192802
1.366960
2.520449
2.233940
1.696666
1.333634
2.164449
1.623944
1.450218
0.812517
1.860300
0.536268
1.220501
1.268416
0.906018
1.546485
2.361941
1.172386
1.254604
0.676805
1.260284
0.531778
0.627044
1.552189
1.446811
0.845107
1.206886
0.618046
1.551772
2.916116
1.182144
1.676735
0.752855
1.255894
1.388370
0.746739
1.080826
1.124961
0.849607
1.083649
0.500476
0.260328
0.724037
0.236248
1.633105
1.439641
0.343844
0.902161
1.487698
1.561724
1.112374
1.413673
0.778645
1.473387
0.922488
0.969418
1.353961
1.537365
0.958326
0.423003
0.768357
1.052491
0.949430
0.616442
0.708536
1.588238
1.857779
1.097510
1.110350
0.861981
1.104225
1.037669
1.884088
1.440879
0.378345
0.693448
1.662441
1.558285
2.391159
0.686014
1.548863
1.274463
1.586193
1.114018
1.171191
1.169160
1.670498
1.450743
0.570971
1.198227
0.892927
0.677357
1.087872
1.793253
1.100879
1.120730
0.815063
1.560376
1.633011
0.463690
0.412357
1.071237
1.041151
0.375806
0.886675
1.343542
1.239941
1.128101
0.994075
1.002590
2.138847
1.034749
2.489546
0.696286
1.534025
0.395634
1.807225
0.913208
1.003222
0.799673
0.804010
1.433694
0.847315
1.493845
0.719025
2.151959
1.772735
1.422419
2.197205
2.869644
0.625889
1.733646
1.239275
0.602919
0.521189
1.927888
0.546956
1.172831
1.154933
0.469862
0.592933
1.140491
1.026970
0.595135
0.794772
0.268054
1.366984
1.230022
1.074420
1.661200
1.294515
1.167889
1.341152
2.137616
2.465652
0.549447
1.119063
1.307589
1.142017
1.305040
0.554532
1.305504
0.586958
1.036516
2.933212
1.451850
1.611384
0.814194
1.877360
0.692128
1.657379
1.275789
1.073873
1.168985
1.432616
0.814725
0.953996
1.210402
1.331422
1.094175
0.902436
1.321765
1.846339
1.523739
0.633086
0.876614
1.793240
0.986583
1.987914
0.813298
1.882039
1.339647
1.475630
0.685242
1.642833
0.938947
1.907674
1.868283
1.484142
0.964253
1.081434
2.432966
1.041854
0.590819
2.320288
1.811063
1.152732
0.965400
1.525860
1.487707
0.856009
1.722807
0.423445
0.567857
1.556285
1.556894
0.714049
1.983422
0.523804
1.239077
2.036210
2.225820
0.559359
1.370225
1.217197
1.630651
2.077222
1.545582
0.369861
0.709194
1.361550
0.947853
2.197545
0.112861
0.425914
1.940135
1.681250
1.427295
0.887833
1.592329
0.774950
0.793182
1.246812
1.402007
1.412552
0.605577
1.338593
0.949841
1.187353
1.991828
0.331756
1.405020
1.303859
0.992663
1.258982
0.653943
0.772979
1.896468
1.404501
1.840764
2.394604
1.266942
1.129841
1.202004
1.649244
0.796934
1.673800
1.438091
2.040006
0.727226
1.209587
2.118022
0.822854
0.754529
0.880344
0.795603
1.071346
1.314119
1.566480
0.537435
1.090434
1.089249
1.122391
1.068036
1.933585
2.390091
1.047719
1.430992
0.896327
1.432926
1.967847
1.303763
1.248355
0.892239
0.569893
1.493218
0.488884
0.942761
0.502232
0.939618
0.250912
1.513764
2.332908
1.124765
1.054528
0.799873
0.916152
1.608489
0.798077
1.117095
0.769665
1.481029
0.349075
1.523914
0.683078
1.217288
1.589010
1.386710
0.724282
1.702107
1.215322
2.076906
1.535073
0.738355
1.299098
0.526044
1.941769
1.208035
1.375263
0.827533
0.970940
0.877519
1.565312
1.324192
1.818502
2.071722
0.233552
0.917757
1.927001
1.050004
0.879199
1.049588
1.079403
1.126079
1.660542
0.357543
0.986362
1.537931
1.035635
0.940782
1.173218
1.027979
0.585589
1.208423
1.244292
1.573640
1.631767
1.235552
0.924574
0.406092
0.823210
0.931192
0.577756
1.421629
1.411028
1.646754
1.638945
1.883790
2.343473
0.763332
0.968411
0.643112
1.515254
1.060071
1.865120
1.159340
1.063781
0.978285
0.727623
0.741858
1.620426
0.486522
0.100980
0.562705
0.997303
1.173704
0.612025
0.889916
2.440167
0.385757
1.233996
0.732179
1.173327
2.032357
1.630517
1.179169
1.214553
2.483829
1.137344
0.819309
0.830871
0.801506
0.954473
0.859857
1.329942
0.413807
0.390844
0.616717
0.936040
1.730702
1.462613
0.786062
1.047829
0.481314
1.907874
1.235434
1.605347
0.581429
1.567319
2.004838
1.497911
1.376972
2.048243
1.853020
1.554825
1.425629
1.474600
2.944395
1.595610
1.470824
1.641058
1.570492
0.547912
1.436658
1.162400
1.166405
0.757258
0.613487
1.325119
0.513564
2.037178
0.990503
1.023381
0.427354
1.218419
1.470600
0.893261
1.025675
0.922627
1.602858
0.390110
1.333838
1.628829
0.824800
1.544541
0.675912
1.925426
1.058795
1.612500
1.286159
0.764617
0.916359
1.621071
1.032802
0.925550
1.160895
1.874613
1.860680
0.663723
1.992598
0.554366
1.103136
0.780815
0.595954
0.675674
2.004729
1.707222
0.727518
1.018090
0.540730
1.076593
1.473496
1.485340
1.127198
1.768357
0.683082
0.775377
0.603530
1.635306
2.039397
1.285802
1.361593
1.335384
1.265815
1.368145
1.133745
0.768011
0.554056
0.932004
1.156802
0.534078
1.499796
1.470608
1.110911
0.501369
1.873190
1.505167
0.338968
0.878255
1.183543
0.843989
0.874818
1.766354
1.625358
0.903963
0.673359
0.806691
2.309115
2.108206
1.817073
1.143523
1.427515
1.452258
1.559278
1.454756
1.841382
0.469490
1.357918
1.686995
0.522310
0.840894
1.104668
0.896518
1.017091
1.741670
1.382837
0.947585
0.976029
0.791030
1.398139
0.985422
1.636058
1.863739
2.764912
1.694681
0.481335
2.148946
2.371390
3.071218
1.522738
0.626767
1.650530
0.199821
1.379056
1.670337
1.008338
0.598136
0.696288
1.436118
1.031643
1.169468
0.898027
1.653884
0.960668
1.246105
0.190035
1.271845
1.500003
1.687343
1.356435
1.590047
0.717806
1.387829
0.944857
0.478970
0.618604
2.222192
1.313431
0.937851
1.082605
1.061839
1.128138
1.762199
1.667973
1.423521
1.488821
1.138106
0.804625
2.151525
1.602337
2.472293
0.963591
0.612163
1.239452
0.341561
1.218532
1.051629
0.920880
1.118603
1.435579
0.423787
1.716935
0.195118
0.662701
1.014978
1.745751
0.998795
2.072445
0.921057
1.813035
1.366294
1.755422
1.476268
0.237678
1.144214
1.277669
1.985436
0.907712
0.441353
1.313909
1.269336
1.141563
1.259427
1.241656
0.266448
1.182600
1.172129
1.080140
1.821812
0.626216
2.699117
1.210836
2.077296
1.353481
2.372861
1.760038
0.719094
0.875362
1.694145
2.048839
0.873126
1.178748
1.336808
1.605791
1.316898
2.125686
1.567312
2.564971
1.169560
1.261114
0.845150
1.159079
1.946684
0.993647
1.739097
0.698966
1.382522
2.193535
1.131800
1.103360
0.772099
0.917186
0.383093
1.443892
1.529654
1.254494
0.892464
0.682015
1.573738
0.661815
1.445998
1.408423
0.852235
2.408876
1.407996
1.635832
0.502004
2.571791
1.055021
0.851028
1.433953
1.655147
1.010715
1.063798
0.775562
0.870155
1.418968
0.731269
1.617201
1.082970
1.126289
1.397774
1.421582
0.675566
1.704732
0.629963
1.902991
0.804237
1.498244
0.663423
1.182715
0.220903
1.724815
1.539847
1.042986
1.339822
0.517321
0.949263
0.973637
0.784037
1.429587
0.380102
2.339749
0.165494
0.627483
1.433703
0.633624
1.303437
1.717138
1.574873
0.349857
1.702921
0.391423
1.708521
0.793093
2.113174
1.538168
1.050334
1.133812
1.465511
1.627478
1.578814
1.514961
1.176844
0.954901
1.319424
1.643827
1.991797
1.187636
0.738964
1.048509
1.565046
1.009472
1.633986
1.916734
0.642269
1.130408
0.637315
1.783409
1.314663
1.938024
0.949226
0.656080
1.650146
1.345394
0.888170
1.572478
2.617258
0.964297
1.328224
1.357182
0.663061
1.144674
1.536080
0.931933
0.268112
2.030771
0.899131
1.479947
2.353135
0.453800
1.851914
1.907667
0.719348
1.118305
1.501563
0.984135
1.670094
1.484640
1.085502
0.964310
2.261807
0.910564
1.093990
1.537732
1.021585
1.674083
0.951101
0.551427
2.707392
1.270180
1.855027
1.287372
0.473618
1.965547
0.451774
0.856202
1.761534
0.974588
1.079575
1.253731
1.577416
1.082984
1.125640
1.464184
1.532474
2.678891
1.354330
1.609164
2.283824
1.022721
1.829082
1.137425
0.792411
1.143871
1.900797
1.400949
1.272007
0.643633
0.584543
0.831609
0.883811
1.232193
1.085177
1.319000
2.114144
1.309278
0.781796
1.241671
1.303099
1.230649
1.532230
2.118251
1.354995
1.804717
1.749103
1.427095
0.322003
2.212537
1.739443
1.562362
1.535684
0.964065
1.720579
1.481243
1.104125
0.534061
1.101590
1.314418
1.021456
1.682042
1.267001
1.142995
2.225940
1.073987
0.969424
0.669008
1.580398
2.274993
0.216141
1.084172
0.886904
1.337472
1.188088
1.389032
1.169361
0.827287
0.971768
1.316156
0.891799
2.160643
2.469768
1.942623
1.758820
1.204661
1.047090
1.264192
1.661290
0.554899
1.213282
2.089687
1.276422
1.253930
1.036900
1.281311
0.606691
1.191532
0.320453
1.262480
0.240585
1.681027
1.386793
1.063308
0.965797
0.560928
0.984093
1.857147
0.929024
2.879947
0.487595
1.806403
1.657443
0.399292
1.447044
2.404494
2.267500
1.073178
1.047773
1.322938
1.446761
1.086933
1.878606
1.261633
0.959869
1.656818
1.555762
0.750915
0.873388
1.722267
0.870896
0.314249
0.804342
1.716182
1.807557
0.951281
1.257186
0.700203
0.983560
1.601538
1.476938
0.642125
1.127949
0.922097
2.347835
0.792437
0.829111
1.633941
1.681540
0.672513
1.179576
2.086970
1.335982
1.172362
0.233894
2.392530
0.356245
1.272779
0.823482
1.603787
0.763640
1.093002
2.728982
1.711457
2.445502
1.955881
0.423832
1.426862
1.182143
0.771918
1.537050
1.510655
1.549964
1.362243
0.828505
2.389097
0.395966
1.055216
1.380023
1.192194
1.798131
2.177627
1.530464
2.014436
0.840275
1.941167
0.661562
0.792610
1.086356
1.161849
1.329232
0.938093
1.551089
1.364866
2.522390
0.832264
0.493796
1.512174
1.980742
0.644617
1.172667
1.985882
0.644670
0.982389
2.178472
1.146560
2.529587
0.367144
1.412830
1.112439
0.874464
1.568438
1.157781
0.823263
1.453040
1.191470
0.978459
2.072711
1.975393
1.365435
0.750438
0.698170
1.330057
0.877625
1.060433
2.031056
1.159336
1.556437
1.923102
0.252830
1.452842
1.572667
1.401450
2.312412
2.359992
0.582854
1.220150
1.182909
2.283116
1.872953
0.995334
0.923085
2.094701
1.810786
1.300095
1.247108
1.155947
0.620126
0.675285
1.602558
1.696650
1.271340
1.894181
2.259180
0.664068
1.283215
1.253596
1.787294
1.519020
0.497821
1.109992
2.096660
0.980310
2.118350
1.438789
1.522478
2.143462
1.690017
0.984255
0.275507
1.412519
1.595026
0.816252
1.915979
0.928128
2.410436
1.568692
1.113568
1.513852
0.575752
1.465883
1.094370
1.472733
0.974454
1.852570
1.485609
1.778521
1.056295
1.310172
0.525268
0.635946
1.543661
0.891753
1.982758
1.425296
1.738765
0.904753
1.326102
1.820241
1.743613
1.823869
1.878986
0.772279
0.969080
0.538817
0.310897
1.465487
0.660761
0.663976
1.830620
1.519292
2.440137
1.141225
1.865269
1.159182
1.101291
1.761133
0.905512
1.492449
1.473954
1.316565
1.195569
0.592051
1.071771
1.640622
1.541041
0.998676
2.048019
1.705414
0.897786
2.930032
0.798334
0.745545
1.072402
1.286836
1.812694
1.744068
1.107431
0.943043
1.483619
0.961225
1.518024
1.562043
1.279195
1.552418
0.748467
1.290177
1.160088
1.709236
0.937386
0.856501
1.124725
1.716109
1.339563
1.879194
1.275738
1.495538
1.538234
2.066388
1.984548
1.618586
0.952351
0.535694
1.311653
1.924191
1.486651
2.041163
1.001898
1.355228
1.021251
1.301128
1.421330
0.733580
2.339855
2.198790
1.209452
1.341706
0.862137
1.803185
1.679718
1.869447
1.214543
0.558487
0.630494
1.012934
1.935323
1.318293
1.395265
1.261181
1.712234
1.243154
0.860378
0.506920
1.669920
1.439164
0.944092
0.634343
2.179731
1.201882
1.468653
1.155992
0.855755
0.848809
0.968345
0.977209
1.321885
1.468686
2.278650
1.702733
0.976588
0.406897
0.703635
1.123348
1.297675
1.259202
1.105562
1.997003
1.752235
1.321378
1.087564
1.153544
1.559883
2.425784
2.021508
1.110124
1.083000
1.065647
1.045606
0.670946
0.631677
2.154707
1.125661
1.165789
2.000537
0.964295
1.230612
1.776044
1.897760
1.675356
0.475550
1.193001
1.783421
1.154499
0.833383
0.698770
0.808053
0.814248
1.882413
1.273322
2.311123
0.858053
0.788649
2.027021
0.541191
0.741026
1.354143
0.705936
0.886854
0.643243
1.174122
0.873419
1.077902
1.922200
1.878712
0.153290
1.628326
1.112589
1.634337
0.752973
0.324530
0.450910
1.605863
0.868635
0.386186
1.518342
1.163255
1.272077
1.362054
1.094438
1.899511
1.460327
1.904397
0.464561
1.674090
0.521221
0.883561
1.621357
1.573105
1.095258
1.335661
1.644273
2.452306
2.081046
1.700224
1.153723
1.314308
1.633602
0.990994
0.766089
1.053357
1.182505
1.093971
2.063047
1.618505
1.972910
1.172987
0.961275
1.276777
1.874744
1.403424
2.380541
1.741500
0.914664
0.912322
0.640465
1.849838
1.663072
2.027452
0.979547
0.889750
1.634028
0.188562
0.991398
1.521313
1.179884
1.261025
1.438095
0.866511
1.500003
0.281267
1.233635
0.464649
1.996531
1.104819
1.698874
2.631931
0.757076
1.629968
1.962497
0.983303
1.384551
1.728055
2.367977
1.038422
2.300379
0.497555
1.864372
0.236653
1.544401
1.394668
0.556456
1.601461
1.890180
1.047806
1.060290
1.748037
1.462434
1.312864
0.588118
0.988579
0.949810
1.172120
0.846587
1.179687
1.515850
0.997546
2.023565
1.280174
0.414382
1.734833
1.237806
1.476914
1.258592
1.126994
1.489842
1.879064
1.521315
1.742605
1.068492
0.882499
1.767241
1.451569
0.807050
0.305447
0.929401
1.102432
1.134359
1.334923
0.503525
0.862253
1.913310
1.614092
1.441277
1.627217
2.484464
0.207556
1.711256
0.976138
0.468110
1.114103
1.473267
0.555580
1.844071
0.947809
1.042096
1.075426
1.492490
0.869931
1.670221
0.797200
0.653334
1.849819
2.100102
1.866437
1.537182
1.080501
1.375220
0.599572
1.847130
1.910035
1.093072
1.303214
0.267293
0.811398
2.504688
1.235134
1.185050
0.597867
1.404436
1.464378
1.891203
1.190911
1.909627
1.276748
0.297762
0.748475
0.978485
1.950233
1.336252
1.118309
1.349969
1.521406
1.015964
1.176194
1.078850
0.982560
1.281276
2.225287
0.645291
1.126629
1.024041
2.243382
0.562923
1.763298
0.975189
1.098421
1.731016
1.456117
1.761954
2.344480
1.628292
1.764560
0.585595
1.027383
0.790028
2.930767
0.632040
1.633066
1.108842
1.598169
1.171747
1.664018
2.735107
1.041009
1.025489
1.712418
0.907638
0.800462
2.075702
1.379857
1.893343
2.164360
2.109345
2.557676
0.982880
1.262189
0.870068
1.358513
1.348204
1.608581
1.856292
0.748602
1.838258
1.088737
1.647458
1.198887
1.369659
0.920337
0.183133
0.436127
0.775869
1.004836
0.416563
0.950953
1.510865
0.651944
1.522642
1.757287
1.353942
0.636383
1.442985
1.667193
1.005593
1.264847
1.190372
1.044016
0.455564
0.137864
0.889831
0.743604
1.079402
1.099385
1.592938
1.176013
0.984782
2.124379
2.814454
0.643457
0.702942
0.455281
0.854484
1.209371
1.120961
1.242838
1.498626
0.682881
0.420083
1.538052
1.739055
0.590613
0.889902
2.161159
1.441838
1.668207
1.514725
1.343097
1.363926
1.216239
0.359480
1.050030
1.327734
1.563326
1.593825
0.546174
0.717252
0.538286
1.856127
1.051395
1.970241
1.160889
0.269542
1.318383
0.925804
0.829735
1.754943
0.747131
1.028750
1.500703
1.725866
0.403733
1.293266
0.933341
2.095219
1.639487
1.592522
2.008584
0.910627
0.165498
2.213950
3.088899
0.685258
0.346451
1.080640
1.194032
0.646604
1.997101
0.683505
1.625424
1.764409
2.025357
1.014844
0.876975
1.573025
0.774396
1.256058
0.384438
0.855736
0.858574
1.436805
0.667526
0.777365
1.885958
1.499021
2.259022
0.829967
1.381063
1.157045
1.619614
0.220401
1.070359
1.488958
1.880204
0.671837
1.601535
0.827128
0.624313
1.859252
1.213825
1.587526
1.807070
1.617444
1.561119
2.256147
1.245171
1.015259
0.776899
1.046774
1.417529
1.888701
1.816906
1.080904
0.209138
1.300092
1.315411
0.486316
1.930730
1.727667
1.191994
0.481522
1.091825
0.262977
1.272090
1.962943
1.857754
1.845117
0.304005
1.826305
1.533200
1.412293
0.446513
0.702548
0.212749
1.538726
1.963422
0.697801
1.538715
1.727301
1.309750
1.679801
0.567641
0.980694
0.968573
2.265569
0.316093
1.484903
1.489446
0.553378
1.387915
1.600151
1.342086
0.304272
0.647027
1.029572
0.666483
0.865366
0.413472
1.663580
0.733757
0.876050
0.961209
1.038555
2.810353
1.361609
1.062479
2.212293
1.765850
1.200226
0.546288
1.343043
