0.814276
0.663358
1.832964
0.499929
0.924103
1.416259
0.914874
1.901104
2.087225
1.450764
1.804725
0.972274
0.828246
1.905908
1.289009
0.947871
1.376231
0.464296
1.028305
1.245499
0.982933
2.271345
1.182298
2.808918
1.636668
1.795652
1.190606
1.369512
1.848470
0.885553
1.469718
1.289310
2.234063
0.421415
1.149062
0.807607
1.161791
1.435652
0.709631
1.159175
1.761832
1.659442
0.529578
1.115008
1.886576
1.508837
1.167724
1.230453
1.992962
1.288474
1.220699
0.778531
0.745840
2.806878
1.499488
2.176940
1.148772
1.331520
1.464585
1.538702
1.446274
2.178548
1.602665
1.875924
1.817394
1.704650
1.358463
1.856298
0.957592
2.534338
1.685167
1.378584
1.493538
1.339934
2.823890
1.036818
1.450984
1.340987
2.361719
1.388514
0.561376
1.859755
0.427979
1.565525
1.799817
1.191700
1.437871
1.117025
0.569260
1.797523
0.532459
0.528459
0.763582
1.413007
1.796251
0.225696
2.274401
0.612281
0.897997
1.441735
1.301131
0.926398
1.082787
0.839056
1.744858
0.916288
0.700874
1.206512
1.646483
0.997386
1.047228
1.958793
1.040497
1.078218
1.936168
2.113474
0.465339
0.557463
1.715859
1.359759
1.684261
0.887631
1.883955
0.654745
2.234699
0.674621
1.029616
1.351873
0.539608
1.228133
1.639874
1.360096
1.208510
2.054154
1.098216
1.044929
0.971519
2.531323
1.211288
1.091613
1.996012
1.088508
1.146855
1.199638
1.902895
2.333768
2.213566
1.519766
0.276917
1.786699
2.002713
2.255007
1.869226
0.498747
1.051978
2.619515
1.890089
1.293163
1.179499
1.229728
1.427022
0.167721
2.143472
1.151891
0.997212
0.414036
1.174388
2.305624
1.214296
1.475146
2.348417
2.878151
0.828055
0.742072
1.191577
1.306154
1.431098
1.505827
2.607084
1.843589
1.240373
0.767367
1.174357
0.703166
2.735295
2.822813
0.798738
0.923637
2.661260
1.577374
1.536315
0.839844
0.475824
1.346299
0.403756
1.899330
1.058823
2.399941
0.886291
1.590530
0.433501
1.677706
0.364955
0.792965
1.374871
0.695306
1.693932
2.573066
0.801871
0.889836
0.394035
0.874559
1.184412
1.595561
1.734230
1.602869
1.335874
2.367997
0.914963
0.706281
1.753183
0.662734
1.542172
1.629615
0.785595
1.160702
1.424840
0.118085
1.520368
2.375061
0.678937
0.927085
1.009291
0.690614
0.823239
1.865800
1.715704
0.862958
0.514766
1.758806
2.163025
0.725377
1.103476
1.126470
2.545952
1.051578
1.130819
1.287305
2.050807
1.420418
2.225587
1.459509
1.438542
0.820884
1.649490
1.968894
0.648048
1.263222
1.218112
3.087489
2.023946
1.540239
1.867582
1.281425
1.470334
1.328547
1.058556
0.878288
1.387239
1.167459
1.370232
0.755422
0.970900
1.034346
2.395363
0.399544
2.241662
2.358369
0.510565
1.173239
1.101410
2.269886
0.860934
0.454331
0.514339
0.637661
1.910236
0.768685
0.912926
1.179777
0.072913
2.552533
0.762079
1.163492
2.175536
1.165150
0.879726
1.282306
1.474885
2.284991
1.770791
0.501158
0.117300
0.732343
0.738911
1.173153
1.599786
0.620797
1.767344
1.066639
0.845900
1.270983
1.424172
1.002971
1.013125
1.205833
1.833641
1.045657
1.009996
0.681615
1.260770
0.888107
1.436600
0.180163
1.849051
2.321653
0.891952
0.379633
1.391106
1.688873
2.119297
1.067351
0.742745
0.935405
2.698986
0.755714
2.086028
1.760842
0.945062
1.054914
0.761727
0.802624
1.358530
1.502447
0.711123
0.684844
1.678521
0.838166
1.184299
0.457959
0.603480
2.065953
2.109913
1.326867
1.384508
1.377788
2.082270
1.629879
1.762395
1.540944
1.738464
0.801392
1.399684
1.247335
1.034901
1.226562
0.179565
1.441744
1.242040
1.419814
1.480077
1.843019
1.208128
1.648536
1.097056
1.362816
0.737872
0.756845
0.870003
1.422950
1.271725
1.485060
1.288907
1.797562
0.901209
0.813321
1.009837
1.286140
1.431590
1.421644
1.931483
0.948461
0.812904
1.052984
0.352309
1.440188
0.747757
0.694151
1.636339
2.216612
0.986623
1.330642
1.040402
2.060019
1.954970
1.000717
1.471276
0.883924
1.778002
0.758052
0.381322
1.158986
1.087565
0.668921
0.847647
1.944053
1.131807
1.930639
0.342512
1.807573
2.057959
1.794917
0.805296
1.399425
1.287133
1.518973
1.599685
1.168030
1.134298
2.202264
1.366115
2.015544
1.030859
2.141884
0.998959
1.871036
1.619193
1.894104
1.740508
1.719050
1.713212
0.430877
1.284097
2.275959
1.567671
0.584856
0.993682
3.261844
2.408543
1.746862
1.039334
1.867499
1.658518
1.430936
1.745239
0.249021
0.692836
1.038609
1.620170
0.551349
1.194364
1.059255
1.094046
1.347112
1.218025
1.112950
0.622281
1.350353
0.652807
1.154186
0.731686
2.827457
1.866164
0.850022
0.678840
1.982319
1.160163
1.698078
1.058878
2.335782
1.477768
1.538425
1.679689
1.877066
1.844223
2.479292
0.616566
1.033375
1.365723
0.693878
1.699387
2.027175
1.517882
0.631639
1.582924
1.102850
2.052789
1.939783
1.132721
1.010665
1.272036
1.130273
2.283861
0.957235
0.985988
1.004392
1.120893
1.438898
1.182811
1.552087
2.110102
1.468589
1.613229
0.936826
0.561376
0.812224
0.586974
1.066885
1.420851
0.908373
1.314582
0.753435
1.411383
2.246611
0.664986
1.097799
1.542644
1.054506
2.258774
1.122323
1.168535
1.385059
0.659874
0.728611
0.782217
2.417654
0.831726
0.796231
2.014788
1.413674
0.972033
0.777938
1.639526
2.853772
1.895004
1.721014
2.288344
1.629993
1.418957
0.963274
2.234796
1.116518
1.722982
1.165905
1.178564
0.982316
2.120622
1.801669
3.012862
0.997194
1.367091
2.520125
0.727857
1.659482
1.286262
1.090120
0.923658
1.812965
1.138042
1.091884
1.494069
1.635913
2.762095
0.974301
1.876067
1.517079
1.755199
1.141391
2.229116
1.578931
2.222954
1.425107
0.656503
1.744729
0.855035
1.844422
1.271154
0.571500
1.675142
1.395015
1.505970
0.652695
1.313976
2.026839
1.557690
0.816381
1.428281
0.614152
0.750050
0.589256
0.999629
1.226507
1.377606
0.696890
1.011985
0.312023
0.906205
1.371857
1.698355
1.525321
0.553686
0.978657
1.444030
2.121846
2.162798
0.556740
1.492897
0.907879
1.435133
1.047350
0.278531
0.894225
1.017025
2.573247
1.329921
0.607228
1.419450
1.280145
1.099021
1.237062
2.515463
2.363833
0.962015
1.832250
0.697100
1.874813
1.792146
0.424743
1.876816
1.891649
1.530177
1.081470
1.863929
1.225262
0.797400
1.454871
0.717908
1.000522
2.653248
1.787340
0.114212
1.574919
0.700109
0.593209
1.026898
0.552083
1.042181
1.744173
0.375400
1.004523
1.922161
0.744900
0.973697
1.811605
0.961849
1.631653
1.685284
1.379054
1.161837
1.460156
0.737158
1.327149
1.284161
1.261653
0.957600
0.602849
2.022080
1.698086
1.160574
2.614241
1.029333
0.809032
0.980142
0.828607
1.409990
1.337500
1.304433
0.682938
1.231316
1.663922
1.953773
1.475066
0.769833
1.406763
1.373772
1.437497
0.876927
0.886963
1.749322
1.324793
1.210046
1.344382
1.489414
1.808137
0.921099
0.898101
0.983295
1.018345
1.006829
1.776197
0.881888
2.334215
1.063311
2.197736
1.482101
1.074662
1.855014
1.266458
1.005388
1.767171
0.378206
1.433161
1.725816
0.678442
1.706224
1.189385
1.192440
1.707495
1.660711
1.411748
2.033749
0.890115
2.140401
0.912361
1.671134
1.789442
1.736920
1.246442
1.261065
0.679173
1.841042
1.256761
1.561426
0.970073
1.102962
1.557085
0.966939
0.799370
0.287055
0.595892
1.035794
1.047738
1.388583
1.080118
1.087013
1.067290
0.446893
1.423132
0.641364
0.592757
1.833300
1.183474
1.660978
1.217131
2.443008
1.009862
1.762665
1.228656
0.671765
1.868863
0.542224
1.650091
0.727785
1.648216
1.362942
1.089164
0.366327
1.389331
1.640941
1.425439
1.581947
1.187835
0.768321
2.460167
1.713758
0.772693
1.957182
1.986600
3.283274
0.795250
2.468452
0.841080
0.600208
2.738444
1.094013
1.496193
1.479452
0.791455
2.532635
1.673394
2.417186
0.613737
0.424266
0.835256
1.287679
0.454898
1.538839
1.103947
1.877907
1.349150
1.446428
1.957119
1.416858
2.460338
1.152939
0.535516
0.679292
0.841647
1.804801
1.836425
1.638294
1.006636
1.955531
2.107189
1.356260
1.135936
1.322617
1.794020
0.894924
1.607846
1.306463
1.803068
1.029871
0.959575
0.652066
2.457027
1.034539
1.529224
0.765855
1.406245
0.733474
1.698377
1.669313
1.489129
1.667884
1.275982
1.283214
1.380893
2.171480
0.217689
1.195119
1.659888
1.035975
0.594536
2.543223
0.364710
2.324730
0.574418
1.343247
1.636406
0.504255
1.301783
1.416874
1.539539
1.955280
1.105381
0.554604
0.590628
0.812319
1.286304
0.952411
1.433086
1.823723
0.731061
1.935518
1.596741
1.195846
0.351068
0.747389
1.466523
0.803332
2.559364
2.959608
0.337028
1.406037
2.284402
0.750229
1.771593
0.907992
0.635438
0.985276
1.045590
1.112976
1.499481
1.665035
2.228240
0.597275
1.830404
0.917329
2.471601
1.293136
1.307888
1.670292
2.320882
0.614172
0.868472
1.835846
2.160892
1.163264
0.966266
0.895954
1.012997
1.622363
1.351760
0.770245
0.943936
0.808045
2.448889
1.276171
0.744178
1.428654
0.839812
1.008816
1.056068
1.419023
1.028931
2.391078
1.725058
2.079997
0.264309
2.102486
0.632128
2.034338
0.794329
1.526615
1.738086
1.115090
0.748969
1.735343
0.822303
1.895570
2.289737
1.622862
1.627778
1.210013
1.073025
1.803697
0.805125
0.303250
2.406855
1.203189
1.327176
1.485623
0.107877
2.000378
1.962970
0.524977
1.038039
1.252428
0.955874
0.508990
0.964555
2.177499
1.217339
1.812395
0.975395
1.780751
0.793581
2.049410
2.365240
0.957688
2.229710
2.265771
1.154679
2.542117
1.330644
2.607183
2.373934
1.064539
2.112524
0.930583
0.783847
1.799370
1.002304
1.154233
2.460479
1.549859
1.923276
0.757229
1.493969
1.107633
0.657898
0.751704
1.809472
0.862163
1.605461
1.325649
1.694533
0.245667
1.144334
2.177181
0.801500
2.398098
1.235619
2.299511
1.878017
2.351078
0.727783
1.547985
0.953617
0.432524
1.256871
0.532005
1.620448
1.902033
1.582983
0.666526
0.675152
1.708462
1.351518
1.870254
0.855873
2.237789
0.914267
1.391586
1.303502
1.492388
1.244609
0.620412
1.248708
0.847858
1.087478
0.304304
0.998066
1.904571
1.326291
0.115975
2.343675
1.263413
1.267039
0.785478
1.983902
0.940526
0.937418
1.054522
1.165666
1.150519
1.230940
1.716242
1.123566
2.612529
1.936694
1.480670
1.300633
0.466746
0.669804
1.743961
2.068616
0.515887
1.426359
0.895582
1.445219
1.755040
2.611529
1.136288
1.798583
1.369849
1.078914
1.269304
1.438898
0.653861
1.095533
0.810033
1.471873
0.743234
1.025262
1.283453
1.245322
2.213210
1.743143
1.895402
0.389984
1.667827
1.324914
1.784853
1.982198
0.505943
0.418140
2.121410
1.893122
2.478476
0.388491
1.717669
1.059151
0.690614
0.693732
1.958849
1.093435
0.889310
0.985922
1.581168
1.417930
2.166227
1.318762
1.277180
1.031460
1.004937
0.875773
1.241432
1.643677
1.494300
0.944707
1.209858
1.222383
0.984972
1.625374
1.391880
0.598863
0.998835
1.364266
1.800104
0.842206
2.262822
0.842381
0.906926
1.040185
1.150727
1.632423
2.012694
1.218475
1.310250
1.923088
1.634933
1.001298
1.681842
0.478071
1.874901
1.441549
0.978258
1.790804
0.935224
1.353612
1.951601
2.092622
0.189392
1.026960
0.617459
1.363911
2.117390
1.551771
1.330512
1.235977
0.500804
1.062602
1.175335
0.889188
1.081197
0.930339
3.224438
0.560940
0.867640
1.306388
0.487532
0.512250
0.639293
0.979813
1.145175
0.363767
1.253100
0.849377
0.789534
1.126597
0.703484
1.489046
1.779294
1.114634
0.856928
0.730406
1.236817
0.512533
0.768083
2.551141
0.327618
1.456731
1.750807
0.697041
1.396065
1.681899
0.878949
1.016484
1.283454
0.691235
0.669777
2.572279
1.446121
1.472677
1.242181
1.702064
0.504952
0.918027
2.003029
1.563704
1.302230
1.354035
1.862068
1.964328
0.744517
1.337671
2.449885
1.049697
0.557820
2.053293
0.426055
1.033666
1.246137
2.164295
0.498722
1.820109
0.289091
2.020504
0.709458
1.251691
1.735783
1.296148
1.572271
1.161290
1.326955
1.082262
1.269034
1.802697
1.278305
1.069046
1.001331
2.006676
1.357388
0.854383
1.566101
0.504972
1.879396
2.135231
2.070768
2.573765
2.073806
1.120168
1.680890
2.254900
1.642044
1.288152
1.427081
0.282735
1.416692
0.935863
1.065665
0.991586
1.151730
0.557029
0.474914
1.483874
1.346926
1.644767
1.091310
1.880803
1.944977
0.942301
1.601515
1.582870
1.344542
1.145345
1.373486
1.928407
1.289958
2.728881
0.688112
2.032767
1.028263
1.313689
0.775511
2.121998
1.543255
0.999050
0.946749
0.903570
1.269846
1.950274
0.715734
0.521796
1.191729
1.361035
2.037786
0.882913
1.222760
1.697007
1.633110
1.965824
1.006870
1.671969
1.354867
1.302300
1.930607
1.726949
1.431275
0.895498
2.088817
0.896899
1.701449
2.328252
0.921717
1.033957
1.244082
1.875392
1.861285
1.237881
0.711489
2.498534
1.623457
1.886371
0.997245
1.071426
1.316371
1.379617
2.628972
1.270728
0.553183
2.537935
0.950687
1.696573
1.415266
0.923794
0.709090
0.640991
1.319073
0.856162
0.901849
1.355193
1.934077
1.397480
2.579284
1.989665
1.583849
1.616898
1.559061
1.654851
2.168324
1.034771
1.209423
1.378952
1.102411
1.021738
0.601484
1.646009
1.349668
0.783156
1.555607
2.179349
1.529953
0.843479
1.290550
1.866103
0.999514
1.498363
1.327439
1.924682
1.977862
1.902791
1.049999
0.905992
1.198517
0.910157
1.844760
0.909740
0.760463
0.940576
0.971676
0.722329
0.591428
1.825893
1.566686
2.903161
1.012734
0.392953
0.556622
1.439639
1.145983
1.915792
0.906527
1.471719
1.010435
1.483975
1.646878
1.394547
2.480047
2.192488
0.379072
1.254746
2.381440
2.385934
1.169011
1.452714
0.936292
0.818449
0.607892
1.190761
1.611107
1.256439
2.371209
1.552660
0.828435
1.372838
1.430802
1.306276
1.254017
1.319659
1.910918
1.976946
0.992941
1.157851
0.842741
0.675634
1.520614
1.150349
2.019848
1.413242
2.272072
1.820217
1.098319
1.154955
1.866352
1.130115
2.426098
1.819471
1.598582
1.956931
0.710721
1.298137
1.302800
2.113780
0.920559
0.913206
1.879404
2.125932
2.023388
1.193407
1.467495
0.841693
0.735010
2.633495
0.781350
3.351085
1.319456
1.217941
1.070133
1.526949
1.257377
1.286890
1.707980
0.890504
1.977950
1.597332
1.068623
1.188806
2.007383
1.480886
1.282664
0.455337
1.234917
0.228481
2.345398
2.180552
1.927944
0.693100
1.189435
2.687723
1.349618
0.551560
0.731806
1.350202
0.632306
0.427469
1.535585
1.298523
1.067751
0.622960
0.734241
1.973878
1.201039
1.761220
1.167800
2.424137
0.899443
0.834440
1.503914
1.471126
0.623645
2.311594
1.217517
0.621472
1.396066
0.488801
1.811038
0.563612
1.384235
2.235014
1.704861
1.378420
1.286651
1.476284
1.825350
1.052405
0.678268
2.539594
1.745117
0.818654
1.271624
1.671279
1.865028
1.156246
1.027700
0.665078
1.718906
1.088819
1.093634
0.764411
0.951545
0.916007
2.819387
2.015898
2.630547
0.361667
2.000897
1.001157
1.193608
0.407626
1.079997
1.126015
2.454877
1.592776
0.924433
1.073868
1.030675
1.159619
0.231523
1.593242
1.979263
1.346477
0.347305
1.742223
1.071298
1.330044
1.197339
1.144656
0.623884
1.678857
1.333531
1.825970
2.374251
1.034522
0.597169
0.264041
0.948584
1.169294
2.174254
0.682489
1.110933
1.074879
0.889327
0.568744
0.565261
0.652424
1.357570
1.267417
1.009619
2.233579
0.934607
1.204203
1.466825
1.321496
0.420966
1.246476
1.399312
1.827232
0.720701
1.222195
0.551930
2.010381
1.318605
1.552221
1.900837
0.614881
1.455567
1.837492
0.448281
1.033211
1.528872
1.791813
1.522276
0.247128
0.554156
2.339416
0.200663
2.838547
0.793388
1.805047
0.771228
2.140912
2.500453
0.796046
0.726486
0.550111
1.781008
0.267603
0.636207
0.886580
0.787888
0.699791
1.365582
1.497700
2.274591
1.095753
1.356722
0.730807
0.883276
0.938425
0.968340
1.389017
2.041444
1.664068
0.970564
2.422207
1.046503
0.515485
0.816487
2.820979
1.154445
0.949735
0.922358
1.091460
1.531856
1.391912
0.533161
0.772932
1.117492
1.218963
1.221782
1.991204
0.569289
1.395337
1.893859
2.010302
1.106507
0.613701
2.311512
1.694543
1.886937
0.917880
1.601089
1.191505
1.460621
1.289020
0.669923
0.678091
1.692442
1.542803
1.398133
2.010954
0.569292
2.305197
1.614728
2.168371
0.627144
2.099179
0.744282
2.029320
1.075589
0.780621
0.224608
1.500110
0.794296
2.253946
0.430293
2.445988
1.476314
1.865947
1.120202
0.437654
1.378469
2.780306
1.843001
1.095677
1.490632
1.172743
1.899483
0.531654
2.845426
1.618471
1.248836
2.718608
2.189183
1.387691
1.818484
1.317131
1.610095
1.493398
1.410201
0.958456
1.466660
1.410262
1.368671
0.347324
0.827085
2.433028
0.946387
1.675910
1.304761
0.270161
1.257992
1.544946
0.853399
1.165646
1.339691
2.303961
1.826775
0.873654
0.888966
1.178181
1.418230
0.891798
1.762897
2.131529
1.625334
2.187190
0.689349
1.576853
0.557865
2.046804
0.735373
0.844470
0.906393
1.272344
1.904697
1.827107
0.762241
1.708202
1.144038
1.433054
0.904815
2.493338
1.855569
1.817302
1.671435
0.588895
0.716078
0.669139
1.450720
3.080012
1.379633
0.939629
1.465453
0.961961
1.154299
2.514933
1.762467
1.799889
1.320019
1.485955
2.774684
1.535730
1.611748
1.730450
1.043989
1.614422
0.712265
1.355091
1.141085
1.230178
0.893102
1.126632
1.158990
1.380823
0.871141
1.028473
1.446273
1.375409
2.377747
1.806153
0.659041
1.580617
1.559635
1.849127
1.321782
1.945197
1.378899
1.507820
1.190088
1.443024
0.632058
0.869194
2.051768
1.759122
1.043191
1.764953
0.529754
1.412813
1.286319
1.020572
1.941998
2.694527
1.773409
1.974152
1.618954
0.900506
0.856591
1.327012
1.673029
1.280390
1.263275
1.559519
1.104603
1.580460
1.350778
0.711148
1.561754
1.773317
0.898237
1.840686
0.875031
1.183361
1.953748
1.386966
1.619652
1.709624
1.625470
1.934475
0.866642
2.133234
1.491399
1.439043
1.093294
1.197166
1.956691
0.853699
1.221258
1.776864
0.887817
0.857614
1.439845
0.493390
0.540404
0.966630
1.922358
1.581527
1.346173
0.466139
1.609004
1.171729
1.010028
2.208633
1.724709
1.126892
1.073443
0.996130
0.956293
0.765989
0.323653
0.610935
0.690979
0.999242
1.482143
0.465386
2.265813
2.019383
1.414890
1.528859
1.737179
0.821840
2.261995
2.146903
2.664918
1.104837
1.071584
1.035047
1.963230
1.350562
0.553508
0.575516
0.354306
1.122170
0.924848
0.711962
1.171853
2.599252
1.619326
0.266495
1.196994
0.198519
3.315098
0.587016
1.828883
0.524193
2.347958
1.251779
0.934185
1.310234
1.065881
1.331945
1.527068
1.545742
1.251161
1.990793
1.681961
1.236250
2.593503
0.685065
1.045842
1.661751
0.676917
0.991364
0.949080
1.261802
2.500309
1.248746
0.984297
1.326861
1.428822
0.664011
1.590625
1.289661
0.911653
1.198443
1.121365
2.561146
0.633134
1.500703
0.696610
2.115782
0.920221
1.225406
1.291381
1.119349
1.012445
0.911342
0.935331
0.795667
1.298162
0.451752
1.323532
0.625240
1.892260
0.969167
0.967008
1.302619
1.285633
0.663119
1.086286
1.185103
1.154113
1.345417
1.596170
1.110910
0.816393
0.613768
1.488149
0.614182
1.276711
0.710533
1.841912
1.340083
1.735910
0.777489
1.426794
1.374664
1.071604
1.903717
1.276850
0.972824
0.435910
1.653408
0.542107
0.528113
1.491086
1.930987
1.669449
1.601187
1.823670
1.281318
1.467865
1.814234
1.815617
1.087956
1.013592
1.355693
1.287965
2.880736
0.551647
0.480715
0.512218
1.886007
1.370426
0.759095
1.599908
0.704893
2.028795
1.633305
1.941472
0.666559
1.678456
0.933149
0.967611
1.444160
0.968117
0.676858
1.410811
1.018623
1.986549
1.868115
2.509268
0.840107
2.758037
0.565498
1.251091
0.704031
2.585129
1.219676
0.999835
1.189438
1.005489
1.366616
0.975076
0.991490
1.576018
0.731952
1.192359
0.705774
2.025976
1.569058
1.377715
1.704729
1.171834
1.711159
2.365190
0.801191
1.468372
0.519930
1.595128
1.324417
1.163047
1.816203
1.478092
0.586519
1.468779
1.436779
1.843390
1.193456
1.047027
1.229472
1.250217
0.664300
0.753587
1.045053
0.821425
1.137207
0.960092
0.569891
2.117940
1.168655
1.359044
1.328284
1.298381
0.875443
1.918604
1.156750
1.171562
1.415008
1.406915
1.644501
1.229197
2.062882
1.557878
1.507171
1.412357
1.079806
1.328331
1.047334
1.070905
1.390338
1.229326
1.565309
1.107845
1.346972
0.906518
0.315515
1.011486
1.239072
0.644564
0.510340
0.849251
2.366278
1.494368
1.104133
2.182240
1.581873
2.008656
1.401341
2.391313
0.399236
1.417552
0.645945
0.694099
2.548081
2.003546
1.136521
1.934449
2.223257
1.937767
1.065766
1.667149
0.603831
1.356772
2.759008
1.999548
0.595364
1.126873
1.176504
2.211770
1.047025
1.693751
1.444262
0.965003
1.463647
1.057854
0.399700
1.772854
2.118147
1.970331
0.348799
1.670525
1.422124
0.693473
1.614098
1.018620
1.275626
2.117102
0.894254
1.320238
1.089534
1.732860
1.299446
1.395282
1.737354
0.794498
1.202071
1.506742
0.982273
1.479980
1.208119
1.643757
1.277458
1.954534
0.950270
2.228264
1.168368
0.661130
0.421995
1.575167
1.733722
1.728634
0.977795
1.759029
1.472112
1.557249
0.473726
1.462257
1.701755
1.320532
0.717015
0.792573
0.955167
0.664349
1.206266
0.556979
1.421334
1.369359
1.968107
1.366381
0.909506
2.131860
1.017033
2.098286
1.891150
1.042602
1.117365
2.161982
2.067545
1.367348
1.473412
1.428110
1.932754
1.115212
0.652497
1.389550
1.296126
1.065515
0.361747
1.634286
0.769558
1.530105
1.233105
1.239752
1.008266
2.276218
2.078680
1.493234
1.208508
1.261333
2.142736
0.790957
1.137307
1.687171
0.891663
0.934635
1.308323
2.094328
1.700449
1.008570
1.005702
2.770069
1.151207
1.427915
2.350803
1.031298
1.684350
1.279972
1.090381
1.336741
3.213754
0.545269
0.986021
0.473750
2.079235
1.527509
2.036873
1.451628
0.920808
1.091591
0.907399
1.638914
0.745709
1.417682
2.139900
1.488122
1.077323
1.294459
1.125068
1.273892
0.628330
1.105870
1.158648
0.857659
1.730097
0.195570
1.774089
1.554540
1.015392
0.841496
1.065525
0.822697
1.604126
1.254341
1.526871
1.298468
1.101669
1.131957
1.906599
1.791014
1.188021
1.856642
2.091162
2.643840
0.605443
1.805804
1.898499
1.209102
1.035075
2.211578
1.763849
0.730904
0.299443
0.988640
0.733761
1.420001
0.786333
0.906507
1.683671
0.839211
0.826422
1.129085
1.677572
1.114091
1.489462
0.886343
0.731483
0.777636
0.925244
2.059368
1.050953
1.619922
1.056063
0.824800
1.055591
1.092696
1.381488
1.972189
0.822561
2.180677
0.724315
2.614631
1.746061
1.001889
1.362681
0.704504
1.222650
1.777016
2.192820
1.290590
1.230671
1.233331
1.500297
1.714756
1.227764
1.542085
1.670290
1.403445
1.863521
2.983321
1.196972
1.111441
1.519833
1.617860
1.511422
0.362276
1.965964
2.229280
2.006751
1.781703
1.679216
1.350849
0.653192
0.794168
1.784599
0.416499
0.366532
1.374747
1.923922
0.942291
0.922958
0.640824
1.484882
1.215442
0.997202
2.071121
0.543563
1.081477
1.573082
1.835916
1.624411
1.885478
1.763931
1.004799
3.181591
2.109111
1.311409
1.737657
1.111918
1.582140
2.185487
2.088934
0.137441
1.429127
1.178862
0.265949
1.737190
1.466121
1.343877
0.578824
0.627855
1.688756
0.759709
1.505876
1.110207
1.331760
1.776444
1.780175
2.538365
2.198305
1.158347
1.762759
0.416634
0.454602
1.065435
1.272358
0.858628
1.982279
0.620420
1.295864
1.285251
1.446868
1.516634
1.182817
2.696696
1.587304
1.587318
1.166080
1.574574
0.692683
0.866229
1.616800
1.579597
1.257347
1.443925
0.829097
1.651661
1.385322
2.535068
1.059325
0.918535
2.046429
1.494879
1.093699
1.903716
1.415867
1.023329
0.532310
0.872391
1.213092
1.088559
3.682923
2.144315
2.009888
2.036457
1.289748
0.551935
1.031963
0.578339
0.992722
0.638655
1.417507
1.325248
1.614729
2.455054
1.209612
0.880749
1.462323
1.618300
3.631036
1.391462
0.796082
0.837518
2.278387
0.863012
1.010375
0.813638
1.566946
1.687754
1.438799
1.742645
1.327621
1.110697
2.113492
1.622236
1.769941
2.003105
1.392740
2.066095
1.985383
0.629478
1.153107
2.212470
2.174380
2.657453
0.550047
1.613493
1.382867
0.725142
1.034831
0.635146
1.119966
1.982973
1.889172
2.680784
1.402232
1.727368
1.352680
1.985109
0.880318
1.216834
2.174206
1.141838
0.566569
1.316483
2.753352
0.783342
1.036661
1.062768
0.926649
1.150259
1.007461
0.957445
0.952843
1.163191
0.831927
0.505259
0.618043
1.880897
0.913034
1.791096
2.225871
0.772545
0.715117
2.137724
1.603130
1.907179
1.986810
1.497402
0.945853
1.474100
0.408711
1.104841
0.835595
1.063854
1.443249
1.683265
0.385089
1.708501
0.839533
2.771686
1.706806
1.921529
0.505618
1.353601
1.394505
0.435824
1.858278
1.796672
0.951220
1.875938
1.305188
1.509337
1.393811
1.031022
1.325235
1.045068
1.037009
1.520160
1.655402
0.935618
1.245901
1.231850
1.206155
1.658880
0.168871
1.009120
0.630151
1.433570
2.122180
1.456830
1.317355
1.535143
1.561417
0.799523
1.409143
2.047746
0.710015
0.797204
1.338058
1.057251
2.658281
1.240356
0.895390
1.346384
1.318129
1.892023
1.916818
1.247392
1.513177
2.317268
1.681196
1.091492
1.733190
1.119749
1.890919
0.658162
0.731133
1.208768
0.756803
1.246711
1.353388
1.382904
1.128418
1.728559
0.371958
0.460541
1.867307
0.532410
0.909665
2.421862
1.652348
1.253115
1.807618
2.204512
0.501078
0.739081
1.856081
1.140469
2.424049
1.882038
0.909544
1.014535
1.801932
1.782844
0.653540
1.852023
1.714697
1.384935
0.927600
0.347645
0.818512
0.806639
0.732587
0.464954
1.298456
1.289608
2.001571
1.378968
0.719895
1.201024
1.050698
0.368506
2.020779
0.211883
1.469672
1.295068
1.141174
1.060639
1.599378
0.812024
1.248680
0.776751
2.154972
2.497893
0.406486
0.511594
1.025673
1.680460
1.038286
1.697297
2.142266
0.919262
0.989083
1.792551
0.369132
1.772553
1.497744
1.529226
0.970257
3.066780
1.572980
1.261355
1.591356
1.241435
1.659787
1.726128
1.534236
1.985685
0.520348
0.556189
1.685417
1.420150
1.077787
1.433947
1.838390
0.709511
0.069102
0.858980
1.711111
0.853987
2.153061
1.357833
0.640028
1.727903
1.075382
0.679545
0.751459
1.278402
1.546038
1.037767
1.111647
2.546079
0.550970
1.937852
1.617018
1.874100
0.532594
0.798772
1.158727
0.616746
0.615317
0.836265
1.212938
0.653943
1.010271
0.675812
1.224005
0.569369
0.391366
0.857818
1.026880
0.734487
0.950232
1.489548
1.559459
1.055546
0.949150
0.682966
0.709217
0.726275
0.442166
0.550784
1.908636
2.709107
1.093241
0.670171
0.525750
1.163703
1.955579
1.692587
0.872862
1.149227
1.591910
0.628401
1.767021
2.656261
1.218829
0.742568
0.314259
1.215774
1.775457
0.588855
1.094017
0.841515
1.714849
1.231565
0.657975
1.245955
1.442575
1.145741
0.846275
1.659065
1.399752
1.788648
0.925590
1.754106
1.377550
2.606762
0.781527
1.380007
0.631136
1.374106
1.434561
1.086689
1.120935
0.982450
2.756398
1.178378
1.487392
0.845389
0.722751
1.314265
2.333424
1.258039
1.476591
0.660466
0.949944
1.481329
0.901719
1.899689
1.372539
0.980991
1.501406
1.192786
2.032295
1.568205
0.861569
1.024123
0.585260
1.664585
1.194166
2.201457
2.214073
0.539750
2.572224
1.145221
0.576590
1.276681
1.692918
1.703907
0.713669
0.911417
1.644021
1.629338
1.058759
0.898826
0.584036
1.228395
1.526639
1.143229
1.982668
1.330939
1.933747
1.094732
1.392502
1.544912
1.655118
0.938318
0.302985
0.411039
0.730718
1.584429
2.696396
2.182848
1.449004
1.131883
0.979531
0.638981
2.155925
0.873754
1.697624
0.372834
2.537235
0.971097
1.474415
1.305321
1.877377
2.423435
1.594901
1.835237
1.068630
1.258122
1.522179
1.052277
2.541184
0.742659
0.927908
1.574065
0.593094
1.782812
0.820888
1.259762
1.694474
0.914564
1.839844
1.500835
1.206425
1.676011
0.900353
1.826657
0.875032
2.094120
0.377930
1.362253
2.067558
1.808415
0.660596
1.043298
1.665438
1.111833
2.632747
1.688018
1.374316
2.037406
1.835530
1.775772
1.754218
1.752402
1.140031
1.007238
0.792085
1.308449
1.702454
2.123848
0.962640
0.659664
0.538316
1.383787
1.268664
1.462683
1.672442
2.376836
1.032618
1.500855
0.930960
1.842031
2.235459
1.684990
0.923752
1.704600
1.392740
0.528017
0.984682
1.554768
1.353905
0.858527
1.359054
0.356050
0.920237
1.686493
1.754808
1.981021
1.889231
0.668745
1.140295
1.056076
1.185073
1.232611
1.021170
1.291568
0.712456
1.012469
0.780278
0.965746
3.143406
1.282890
1.448073
1.814567
1.494563
0.338630
1.810200
0.905255
2.047884
1.161046
2.203933
1.858436
1.281526
1.328216
0.466117
2.138937
1.179457
1.431482
2.444681
0.935050
1.560515
1.087504
0.798757
1.020219
1.298689
1.279475
1.606733
2.070283
1.252861
1.312004
1.589941
2.067414
2.890898
0.609729
1.103700
1.885815
0.960686
1.588852
2.412801
1.034692
0.820876
0.953129
2.881439
0.765951
0.372529
1.426997
1.105360
0.553219
0.889536
1.326888
1.496842
1.130725
1.153213
1.452145
1.821301
2.238908
0.537664
0.943313
0.655322
1.612672
1.009962
1.185174
1.123577
1.381059
1.194529
1.463980
1.054678
1.515577
1.189332
2.341768
2.006988
1.071266
1.219332
1.402650
0.636155
1.147065
0.734886
0.747031
1.121891
1.540539
1.839906
1.342928
0.727943
1.242488
0.840115
1.918122
1.547485
1.257025
1.980262
1.036301
1.749989
2.035914
1.062665
2.132860
1.257886
1.250197
1.534235
0.390401
0.963565
0.473465
1.468747
0.697028
1.145444
1.421716
2.437343
1.553768
1.095682
1.877271
1.802775
0.698999
0.606533
1.796759
1.631791
1.218666
0.761028
0.390665
1.256546
1.555695
0.976256
0.904246
0.896842
0.791224
1.002614
1.288376
0.294715
1.902333
2.771808
1.253500
1.342199
1.990950
0.894748
0.792743
1.604024
1.037641
1.033895
1.788938
1.362346
1.173088
1.111085
1.188670
0.531411
1.639072
0.276556
1.887378
1.123028
1.611728
1.592023
1.496732
1.059974
2.268680
1.254094
2.282872
1.415447
0.758466
1.859018
1.829309
2.011529
1.810141
1.070058
0.857587
0.640545
2.358264
0.750603
0.436498
0.816090
0.937916
1.560591
0.360067
0.817102
1.763480
1.350194
0.581210
1.976899
1.037631
0.567057
2.185455
1.731984
0.942437
0.843911
1.900800
0.997300
1.776035
1.388195
1.013810
1.114676
1.406695
2.307676
1.331716
1.669110
1.117119
1.989473
1.232042
0.734043
1.530864
1.309707
0.461183
0.825754
1.182901
1.827543
0.414219
1.482742
1.670094
1.145581
1.534111
0.610745
0.993481
1.707023
1.200844
0.958150
2.302990
1.649543
1.698502
1.083300
0.853034
0.668329
2.267869
1.853599
0.950393
0.980409
1.685319
1.710885
1.133758
1.093422
1.497825
1.569361
0.920292
0.751118
1.271624
2.719500
1.646867
1.625371
2.121932
2.375433
1.719786
0.947953
1.106830
1.695619
1.970985
1.176420
0.900678
0.701807
0.704395
1.313919
1.418099
1.423858
1.116267
1.165585
0.849314
0.822200
1.580459
1.744186
1.388125
1.359366
0.906695
1.418787
0.738772
0.943752
1.418812
1.304626
1.879187
1.342435
1.915145
1.405732
1.406658
0.796155
1.212825
1.121446
1.511529
1.421319
1.936558
1.079072
1.327391
2.431509
1.182311
1.018943
2.285324
1.627402
1.884788
1.073106
1.894774
2.246534
1.176184
1.151085
1.942203
1.179860
0.858138
0.605694
1.402982
1.748927
2.006293
2.929433
1.281429
1.782467
0.727067
1.480012
1.001595
0.949082
0.683977
1.477088
0.791073
0.943371
1.623056
0.601196
1.077867
1.694616
0.792643
1.732427
1.010864
1.079127
1.433841
1.825821
1.453586
0.675028
2.394220
1.482720
1.755696
1.208015
1.536849
0.823462
1.045974
2.268356
1.289189
0.431958
1.205628
2.264337
1.933792
1.305623
1.055998
0.658027
0.842007
2.481922
1.688557
1.100544
1.054175
1.907889
1.513421
1.293329
0.877285
1.070948
1.635646
1.063494
1.120253
1.742581
1.184108
2.190074
1.392150
1.078727
0.814015
0.436632
2.001463
0.668271
0.921638
1.277958
1.267333
0.860123
0.506372
0.878631
0.882145
1.706371
1.027400
2.128978
1.539671
1.216868
1.065458
1.625207
1.295823
0.384657
1.766753
1.294121
1.382171
1.772071
0.621295
0.859480
2.359336
2.192864
0.596487
1.445990
1.255320
0.648550
2.160780
2.494878
2.382040
1.088150
0.829454
0.938539
1.972306
1.110334
0.653887
0.823465
2.147716
1.641557
1.765635
1.568219
1.132858
1.967026
0.597031
2.531727
1.974328
1.849853
1.501904
1.442051
0.891181
0.475295
1.349006
1.666949
0.758460
0.661789
0.601672
1.867904
0.419960
1.104388
0.948402
1.410596
1.098662
2.193234
1.617535
2.193995
0.492730
0.983115
0.874152
1.386045
1.524590
1.381822
2.213355
3.631643
1.412799
1.748484
1.576868
0.924306
1.379036
1.303636
1.341331
2.244738
1.511567
1.977088
1.243585
2.108761
0.846241
0.828739
1.365847
2.532080
0.536429
1.154678
1.516141
1.520986
0.608683
1.460139
1.560346
1.384499
0.290982
0.918536
1.730190
0.858564
1.299963
1.014947
1.748128
0.784621
1.112297
1.736596
2.198151
1.097752
2.050977
0.733367
1.590534
1.477176
2.272593
1.573717
0.984616
2.079324
0.502477
1.121067
2.283982
0.957621
0.596592
1.327243
1.567369
1.421728
0.374174
1.485300
1.191114
0.615192
1.798676
0.863984
1.620997
2.719670
1.433732
0.820024
1.826759
0.792794
0.404355
0.382245
0.933474
1.916096
1.547809
0.490109
0.397610
1.416700
1.771620
1.390736
1.457681
1.206162
0.929326
1.226244
0.921866
1.548143
2.125988
0.873277
0.563506
1.721842
1.588742
0.695115
1.726979
1.989129
1.404143
1.132336
2.081627
0.519519
2.157692
1.212253
1.884330
0.918311
1.999023
2.524542
1.893826
1.290612
0.702841
1.591193
1.040490
0.973974
0.615271
0.538554
2.132264
2.264187
0.780565
0.412761
0.452283
1.874042
2.464273
1.432462
1.875757
1.670766
1.025750
0.806365
1.287954
0.623747
1.597627
0.742284
1.029626
1.008271
1.627076
1.685408
0.759558
1.487515
1.109981
1.350114
1.612769
0.932327
1.270673
1.329654
0.470455
1.109200
1.931756
1.729925
0.938617
0.466732
1.221338
1.648412
1.980696
0.557473
1.008155
0.752319
0.651491
1.110479
0.745379
1.519557
0.206254
1.618291
0.840863
1.504058
1.055605
0.982645
1.734788
1.233200
1.246134
2.813662
1.828652
0.452964
1.637681
0.592169
1.220008
1.227165
1.150304
1.791836
1.401673
0.981273
0.573198
1.204145
0.940806
1.079528
1.038559
1.546245
0.742979
0.495054
1.140234
1.228300
1.430740
1.391887
0.637275
1.293884
1.494221
0.787267
1.671125
1.397327
1.148717
1.482318
1.550251
1.780285
1.057713
0.970615
2.003399
1.621533
0.947221
3.204993
1.001306
2.061905
1.765652
1.817972
1.803379
2.042318
0.587305
2.152856
1.033988
1.040771
1.391369
0.434104
1.552796
2.759123
0.792233
1.327655
0.677302
0.540966
0.789357
1.494872
1.505297
1.623938
1.613348
1.576279
1.857634
0.380453
1.452892
1.388777
1.590436
1.419408
1.511034
0.378604
1.475682
1.797291
1.210009
2.528230
1.249384
1.745054
0.934484
1.026066
0.696422
1.146570
1.374944
1.041668
1.075258
1.166047
1.120835
0.313388
1.116639
1.938828
1.566213
1.097771
0.639892
1.188998
2.207857
1.816894
1.695196
0.396627
2.492491
1.075187
1.672326
1.924749
0.880404
0.491101
1.677271
1.873472
1.333338
0.481385
1.035482
0.916756
0.849829
1.016192
1.955511
1.436077
1.225802
0.739131
0.854158
1.258266
1.581267
1.396156
2.006476
1.253236
0.727647
1.543379
1.234580
0.873648
1.655273
1.613528
1.205438
2.054354
0.597909
1.011503
1.955507
1.506940
2.288637
0.915540
1.810224
1.409699
0.686856
0.578410
0.920974
1.583523
2.369184
2.107317
1.703793
2.119058
1.786185
0.377861
0.918974
1.654520
1.295659
0.706715
0.887672
0.734623
1.413090
1.524344
1.716443
1.194512
0.894663
0.846778
1.214807
0.478864
1.856832
1.384375
2.095164
0.964104
1.588443
2.330836
0.399204
0.908721
0.717137
1.117464
0.378379
1.460784
1.600213
0.991662
0.874763
0.973801
1.479648
1.469704
1.657109
1.775746
0.599304
2.326180
1.251339
0.560964
1.170785
1.778221
0.945835
1.099863
2.646304
1.001827
0.759366
1.290606
2.369936
0.986800
1.686435
1.142843
0.534690
1.291190
0.716518
1.500675
0.854732
1.384678
0.688520
0.533435
1.105835
1.257319
1.699187
0.862222
1.020098
1.601646
1.670202
0.933371
0.784599
0.993615
0.505387
0.650744
2.037118
2.146905
1.152060
2.639069
1.394319
1.195292
1.274520
1.424457
1.794181
1.939944
0.734112
1.848265
0.817610
0.867413
1.021994
1.834607
1.741227
0.596076
1.945572
1.693591
1.762779
2.202675
2.361245
0.967409
1.268594
1.220113
0.553016
1.451932
1.653355
1.880586
1.754158
1.421474
0.816838
1.820204
1.901022
0.672755
1.580970
1.527002
0.870204
1.177803
0.586557
1.429212
1.733700
1.090165
1.175096
1.614150
1.550391
1.387373
2.270000
0.890959
1.922264
0.748787
1.058721
0.834270
0.923782
1.366401
1.171595
3.719963
1.351061
0.373400
1.531575
1.753926
0.706903
2.129113
1.331811
0.945645
1.152101
1.408257
1.863176
1.280816
1.395886
2.089090
2.131352
1.602450
1.409527
0.610147
0.957870
1.583075
2.110619
1.932101
1.269270
1.566038
1.030001
1.436858
2.321679
1.167964
2.338268
2.202264
1.524628
0.638193
2.029281
1.108911
1.073866
1.123041
1.797862
0.962572
2.087203
1.406591
2.110875
1.767605
1.071080
1.092327
1.101903
0.899145
1.194207
0.995783
1.077245
1.064273
1.416448
1.557425
1.121158
2.022068
2.321407
2.044699
0.566373
0.942569
1.825501
1.324048
1.054855
1.699399
1.483054
1.726414
1.796215
0.479237
0.739082
0.789413
0.636806
2.035904
0.476808
1.229560
0.588867
1.434856
2.639388
1.191075
0.650311
0.608929
2.536166
1.140013
1.532746
0.229492
1.367508
1.943097
0.655410
0.455213
1.489661
1.019845
1.762901
0.559303
1.298385
1.579103
0.776778
1.590983
1.173615
2.087541
2.334588
1.843253
2.111077
1.868580
0.697059
1.579870
0.743572
2.137580
2.221198
2.615353
1.100056
1.867314
1.787994
1.016944
2.749405
1.823626
1.322884
1.232225
1.784943
1.732429
1.544720
0.913483
1.111141
0.549513
0.969062
2.800115
1.224293
1.414783
1.519301
0.572124
1.766521
1.577974
2.549244
1.781769
0.971125
0.405695
1.969765
2.325133
1.768210
1.345704
1.276051
0.528909
1.160944
1.582435
1.410247
1.736035
0.962806
2.432712
1.379934
1.214519
0.507154
0.749189
1.944735
1.482957
0.962911
1.809999
1.105556
0.681259
1.265084
1.082201
1.486047
0.701240
2.323836
0.645894
0.919755
1.762416
0.691927
1.392214
1.033306
2.377588
1.628520
1.753499
3.005672
1.571522
2.338971
0.425934
0.643306
1.216068
1.371479
2.497758
0.684217
1.634632
1.385917
1.089275
0.844314
1.586101
2.135271
1.581346
0.774762
1.180956
1.033367
1.439524
1.551575
1.780504
1.232860
1.222540
2.174029
1.657268
0.836654
2.223131
1.281550
1.481931
0.400697
1.423279
0.840876
1.368417
0.775130
1.907037
0.456043
1.449645
1.059291
1.276636
1.741884
1.298505
0.729156
0.907249
0.851949
1.101484
1.409763
2.187204
0.657655
0.832112
1.672260
0.607618
2.903019
0.646192
1.377225
0.925080
1.625998
1.205572
1.742031
2.248823
2.109409
0.352871
0.930707
1.891264
1.870490
0.771754
2.198372
2.076072
0.885747
0.795630
0.748966
1.860010
0.824751
1.775660
0.526808
1.109571
1.271058
0.738729
0.652516
1.395545
2.657359
1.598634
0.765002
1.464299
1.447106
2.308401
1.728665
1.106458
2.995623
1.076424
1.427223
0.453101
1.690677
1.617869
1.059402
1.636306
1.210831
0.836917
1.873510
1.187065
1.197967
0.663494
1.648614
2.434441
0.662363
1.500960
1.606732
0.900122
2.792664
2.094734
1.086328
1.725445
0.505741
1.906322
1.113182
0.931622
1.149494
1.343489
1.039291
1.155688
2.562295
1.515721
2.038155
1.174146
1.093769
0.693048
2.955961
1.549412
1.756888
1.144654
0.622304
1.251120
0.992808
1.183496
0.683864
2.212634
1.362456
1.381998
1.522959
1.535761
1.593450
1.437855
1.599887
0.539099
1.381433
1.013530
1.688254
2.002611
0.812005
0.639186
1.468053
0.686393
0.756517
1.824458
1.348972
1.966617
1.032099
1.286256
0.951607
1.229833
1.130972
1.196804
1.251253
1.648979
1.653802
1.218776
1.651559
1.563227
1.938072
0.499224
1.367158
1.347875
1.910319
1.538080
1.528296
1.482668
1.231630
0.720713
1.036478
2.001253
1.256148
1.592042
0.500191
1.971677
0.892417
1.785081
2.027986
0.605050
0.869227
1.709599
1.032700
2.566386
1.040923
1.269048
0.720717
2.002708
2.043797
1.322312
0.463021
0.889578
2.230611
1.105590
1.909806
2.159394
0.378957
1.101942
1.441548
2.254032
1.617562
2.690945
1.422325
1.920897
1.999079
0.869059
3.407827
3.773372
0.852056
2.155721
1.997190
0.995019
0.395825
1.058962
0.781344
1.124642
0.847143
1.266357
0.757885
1.320887
0.670032
0.467108
1.577236
1.991821
0.874303
0.747960
1.762182
0.890989
1.771960
1.655376
1.565420
1.935045
0.749686
2.205924
1.928918
2.060269
1.493431
0.759089
2.882175
1.174342
0.903537
0.332812
1.749312
2.614252
1.949715
1.990201
2.020750
0.898112
1.580689
1.846531
0.477593
2.378012
2.123274
0.774424
1.861097
0.956870
1.207225
0.895212
1.510300
0.816107
1.521622
0.307195
1.373747
1.133187
0.877023
1.727513
0.910401
0.977123
1.146268
1.036698
0.970737
1.403818
0.780780
1.947449
2.120256
1.939141
0.856991
0.640790
1.723378
0.847868
1.250698
0.897469
1.599840
0.586606
2.008942
1.877921
3.822079
2.453298
1.624213
1.051127
1.344868
1.148659
0.983307
0.783634
0.974430
1.406743
1.954867
1.016283
1.065763
1.402400
2.102698
1.856621
1.664081
1.194183
2.220513
1.070219
1.051767
1.232920
0.744380
0.352458
1.073418
0.993555
1.618968
2.098187
0.702922
0.858002
1.408253
1.459516
0.752209
2.389676
1.598171
1.318358
1.297930
0.889838
1.473111
1.263422
0.279603
1.300118
1.876393
1.310953
0.750756
1.038963
0.640863
1.418759
1.113974
1.430934
0.661680
1.139751
0.536306
0.831330
0.233762
0.301660
1.238212
1.148350
1.527793
2.019791
2.056509
1.373049
1.379743
1.454336
2.560308
0.498578
0.662933
0.656793
1.144896
0.885256
1.528038
1.723167
0.938071
1.105588
0.400931
1.931076
0.920349
0.940959
1.196165
1.653208
0.644716
2.837882
1.645720
0.775505
1.586610
0.878787
1.987087
1.256304
1.259421
2.085306
2.439533
0.701976
1.668441
1.075949
1.392205
0.381821
0.380830
1.455894
1.346202
0.488521
0.267525
0.771433
0.501977
2.444769
0.765417
1.973858
1.774689
1.168799
0.586395
1.419915
2.283864
0.614158
1.518737
0.261889
0.439160
0.912896
1.841270
0.506514
0.882946
2.412351
1.964270
1.778320
1.163006
1.855816
1.172733
1.008968
0.945618
0.481936
1.330218
2.774032
0.526597
0.494346
1.480240
1.897707
1.780721
1.393867
1.576974
1.211490
1.767626
1.732439
0.644728
1.738611
1.791009
0.783547
1.212262
0.597196
0.936024
1.049603
1.653381
0.455715
1.729312
1.024458
2.416867
1.208304
1.001526
0.960476
1.039529
0.973285
1.847671
1.066727
1.054061
1.841161
0.949950
0.795838
1.561686
1.022423
1.434015
1.240009
1.900452
0.627753
1.484630
1.084982
0.620451
1.229171
1.448263
1.597811
1.910397
0.894159
1.858848
0.928529
1.203502
1.931920
1.139661
0.842154
0.865993
0.559078
1.065078
1.286249
2.138033
1.323606
2.214808
0.575057
1.500415
1.025498
1.133297
1.142000
1.447077
1.781962
0.265489
1.397215
1.151349
1.916228
0.909821
1.379430
0.916873
1.253209
1.700471
0.676794
1.371205
1.858781
1.354872
2.398819
0.694050
1.146173
2.000439
1.647874
0.897391
1.143111
2.582629
0.793716
0.713153
0.956278
3.264991
0.713618
0.960295
1.205702
1.038924
1.276692
1.566311
1.156159
1.563692
0.879565
1.893522
0.995207
0.920282
1.159497
1.528605
1.075225
0.837290
0.738910
1.925901
1.649926
1.514768
0.847656
0.696929
2.258016
2.004375
1.927213
2.197859
0.946142
1.595799
0.939034
1.531484
1.475826
2.690097
0.734706
1.311592
1.104581
1.338241
1.575601
0.287594
1.697261
1.787364
2.337620
1.104936
1.530231
1.647043
0.787400
1.787624
1.109591
1.021966
0.887816
1.040963
0.834760
0.991163
0.913973
1.445545
1.022747
0.516001
1.240393
0.810627
1.089240
0.480761
0.749233
0.645290
1.692080
2.314111
1.584203
2.233983
1.258913
1.749603
1.095401
2.790320
1.076726
1.354327
1.721605
0.883538
1.934974
1.955219
2.252632
1.308060
1.391032
2.479743
1.688918
0.937441
1.535972
1.709375
0.589011
0.753793
0.555525
1.695093
1.307421
1.434491
0.644571
1.233717
1.161220
2.879125
1.171826
1.952199
1.046008
1.183782
1.583371
2.026761
1.431399
1.223707
0.719787
1.058246
1.514726
1.017821
1.238144
0.346875
2.158842
0.583196
0.991674
1.019533
0.499994
0.279123
1.058797
1.641222
0.854643
1.422924
0.526518
2.191345
1.370800
0.474023
1.377632
1.479650
1.417910
0.639876
0.569795
1.789299
1.125722
1.529504
0.928244
0.969255
1.610473
1.378611
1.341550
2.507058
1.735265
1.853204
0.498892
1.810517
2.125312
0.693183
1.210570
0.951808
2.693645
1.460766
0.550805
1.697151
1.261494
0.992417
2.612120
1.312917
1.850013
1.783155
2.401555
2.707482
2.596590
1.397837
1.412082
1.656130
1.413562
0.969743
2.023083
1.229914
2.404669
0.778954
0.902811
1.747782
2.194112
0.639621
0.935479
2.044072
1.869747
1.405561
2.214459
1.795805
1.459104
0.683665
1.970233
1.126947
1.311792
1.445571
0.780532
1.646375
2.097805
2.061701
2.234030
1.065887
0.910960
0.854239
0.649587
3.297382
1.889734
1.117049
2.040906
2.579301
1.027847
0.307315
0.431752
0.983815
0.551963
0.965416
1.334120
1.918822
1.506385
0.577433
1.999317
0.591939
0.513626
0.783993
1.208611
0.446046
0.402213
1.823374
0.860047
1.170630
0.793828
1.141204
0.725519
3.000954
0.772379
1.312637
0.390514
0.636496
1.102698
2.474209
1.732538
1.771881
1.399087
0.986636
1.137514
1.458307
2.380224
1.479406
2.298151
1.961260
0.288812
0.166030
0.994593
1.017741
1.219910
2.019371
1.672204
1.445156
1.154477
1.192155
0.514612
1.280398
2.949154
1.505963
1.959564
1.013366
2.144520
1.539151
0.480712
0.705311
2.062605
1.421015
1.484202
1.072510
2.311539
1.827856
0.918863
1.766423
0.811718
1.516252
1.013118
0.411286
1.503851
1.674610
2.127046
1.805217
1.124542
0.218469
0.747505
0.650651
0.867779
1.687180
1.006691
1.703805
1.095383
1.648529
0.642526
1.694663
1.578322
1.198860
1.358545
0.992435
1.085071
1.901628
0.853246
2.522975
0.846811
0.913681
0.669133
0.661663
0.942610
1.650684
1.100511
1.269010
1.225033
0.978835
1.586655
0.878247
2.121741
0.737114
1.169464
1.363045
1.005417
0.872288
0.574701
1.961465
1.669170
0.722369
1.208372
1.848753
0.719175
1.680819
1.082773
1.443340
0.390138
1.553598
1.155790
0.445779
1.512965
0.748801
1.676786
0.825404
1.688945
1.207997
0.698681
0.866913
2.919732
1.349087
1.253379
1.820522
1.142120
1.267386
0.429646
0.713501
0.589540
1.001394
2.405360
0.617444
1.515552
1.069051
1.600697
0.922307
2.267034
1.180565
1.405618
1.997876
1.308713
1.173823
2.209828
1.447645
0.696062
1.380684
0.739692
2.071758
1.153390
0.807119
0.889254
1.085186
0.466775
1.744992
2.132222
2.133321
1.114104
1.462698
1.027892
1.668353
1.367056
0.840315
0.603056
0.577640
1.607199
1.151529
2.302728
1.890825
2.035083
2.009864
0.543253
0.552291
0.973489
1.792082
1.044517
1.269912
0.457475
2.017260
0.717949
1.382556
1.316255
1.948724
1.275913
0.626757
1.367548
1.278247
0.495158
0.753569
0.710172
1.111915
0.691741
1.116616
0.514811
0.942066
0.383135
1.395578
2.313567
1.722011
2.708701
0.850885
0.962897
0.565979
1.357422
0.907002
1.883206
0.700986
1.034349
0.755702
0.428092
0.726083
1.136376
1.190887
2.170394
0.718961
2.949851
0.926898
2.084676
1.196806
0.866146
0.894445
0.720951
1.090394
1.633776
2.215841
1.356785
1.629975
1.037046
0.849231
0.636361
1.982102
1.764600
1.682488
1.127614
2.607060
1.294192
1.106036
0.739577
0.460398
1.601773
2.210330
2.141438
1.365423
1.887493
1.393775
0.861263
1.085503
1.500498
1.027446
0.959000
0.995774
2.373666
1.609456
1.028410
1.161655
1.580700
1.634467
1.974425
0.664871
1.941486
1.863998
1.877770
0.928445
1.089986
1.752937
0.615618
1.403558
1.116872
1.087061
2.178591
1.010645
0.672155
1.093928
0.997685
2.332834
1.943452
0.695825
1.242791
1.372393
1.539244
0.891784
1.737549
2.160763
0.603578
1.045009
2.606258
1.439552
0.772669
2.271254
1.541892
1.782172
0.650047
0.668667
0.297426
1.001449
1.858183
1.745166
2.598246
1.005783
1.002698
1.201586
1.184569
1.343237
0.899506
1.307358
2.005018
0.479839
0.773630
1.661515
1.982121
0.888009
1.560408
1.433788
1.336315
0.891897
1.997906
1.592476
1.699695
0.612479
1.329045
1.117334
0.968613
2.181695
1.417586
1.846209
1.385349
1.621616
0.574588
0.977721
2.124301
0.484313
1.703120
1.595210
1.790042
0.770700
0.986834
0.334033
1.108926
1.419170
1.537372
1.081125
0.840901
2.048052
2.747364
1.214106
1.047655
2.195741
2.011746
0.661777
1.361729
1.871336
1.122543
2.109493
1.509684
1.168658
1.479141
1.420997
1.122101
1.346748
0.885715
0.752808
1.957248
0.749406
0.838891
1.570398
0.811577
0.907982
0.875522
0.083148
1.505012
0.772686
1.639485
1.289589
1.941458
1.822417
1.296842
0.271651
0.524295
0.711042
0.600845
1.766038
1.380058
0.995509
2.421962
1.477969
1.831172
1.675711
2.045360
0.945638
1.392674
1.511799
1.925636
1.917212
2.136329
1.383964
0.927428
1.732438
1.223737
1.921740
0.865256
0.675062
1.360304
1.646598
1.890464
0.898782
0.723557
2.035016
1.077834
0.487934
2.085178
1.661817
1.347633
1.555257
0.945501
2.299859
0.451591
1.406575
0.923958
1.280451
0.420223
1.204324
2.040257
0.802488
1.924993
1.801477
1.488835
0.689207
0.602346
2.146194
1.524312
0.661007
1.223712
1.212687
1.365222
2.031023
2.059150
0.772671
1.648329
1.622495
1.914108
1.416484
1.111542
0.989924
0.631620
0.472845
0.962860
2.021623
0.806753
1.514561
1.002589
1.374590
1.267625
0.313758
0.919015
0.979166
1.912676
0.916147
0.948967
0.920636
2.261836
2.827111
1.841278
0.811829
1.385953
0.616066
1.617544
1.148308
1.583062
0.988472
0.744689
0.625280
1.234560
1.934084
1.485772
0.545117
2.081452
0.433952
1.112999
1.462461
1.423704
1.086603
0.436656
0.303584
1.531204
1.362703
0.772100
2.197304
0.827658
1.372376
1.600183
1.220149
0.835749
1.879224
0.786611
1.315809
1.212036
0.561009
0.886005
0.998637
1.436141
1.308003
2.218342
1.889834
1.054234
1.184223
2.301080
1.965749
2.461721
1.326964
1.550960
1.231072
0.383736
1.978229
0.663554
1.970749
1.193066
2.228596
0.616323
1.386366
2.139900
1.237924
0.817639
2.251972
1.701894
1.391665
1.267290
1.046982
1.364069
0.548676
1.067992
1.860357
1.145342
0.900294
3.248084
0.652375
1.290531
1.002280
1.305838
0.581802
1.855529
1.150464
2.614625
1.287751
0.917819
2.054428
0.903563
0.871835
1.207302
1.341732
0.904568
0.720343
1.309414
0.978383
1.385202
1.179930
1.366798
2.268887
1.344704
1.549026
1.325168
2.483231
1.044759
1.645914
0.794445
1.684940
1.640982
0.683689
2.907696
1.293041
1.680852
0.851381
0.504708
2.110898
0.632828
3.078099
1.871809
0.568893
2.301101
1.947660
0.629765
1.039189
1.191290
0.352608
0.836499
1.304638
1.496720
2.104379
0.816312
2.423883
1.081409
1.754694
0.699592
0.588620
1.619803
1.922790
1.613911
1.007904
0.629355
1.583374
1.016613
2.487957
1.011233
1.349218
1.832855
1.123546
0.627914
0.445958
1.531116
1.708690
1.077207
0.908251
1.314151
1.636386
1.011522
0.780912
0.755127
0.911307
1.129521
0.402759
1.440130
2.205170
1.516424
1.365270
1.075618
1.951260
1.130455
0.388858
0.859572
1.222182
1.889066
1.638869
1.182319
2.210053
1.724691
0.854626
1.804957
1.345846
2.255654
0.476280
2.032058
1.479949
0.703728
1.533672
1.709963
1.399573
2.168873
0.839477
1.002865
0.909726
0.930038
1.130325
0.634062
0.596132
2.408713
1.606313
0.622270
1.346870
1.830702
0.747855
2.054674
1.377637
2.035591
1.155579
0.905839
1.153867
1.291136
1.481004
1.244478
0.878675
0.429896
1.687499
1.108674
0.580951
1.428693
1.095849
1.831046
0.574952
0.893835
2.108253
1.619618
1.774323
1.590616
1.338077
1.953347
1.983522
1.616744
2.182889
1.367317
0.847186
2.569376
1.523276
0.857040
0.748091
1.198825
1.271510
0.898991
2.461652
0.900344
1.875830
1.220585
0.783861
0.857749
0.960472
1.128255
0.732185
0.619638
0.889098
0.747443
0.893132
2.140559
1.438945
1.882753
1.007713
0.778579
1.053504
1.082132
1.217340
0.894505
1.402459
1.514814
1.909756
1.848820
0.954118
2.074268
2.173416
0.917287
1.639557
0.769027
0.875749
1.167601
0.664584
1.411632
0.596462
1.650847
1.186550
1.211622
1.498322
1.612581
0.853555
0.873742
0.286952
1.276750
1.936408
1.956395
1.353987
2.951037
0.853894
1.094498
1.608896
1.232154
0.898426
2.351224
0.934729
1.181723
0.759285
0.934434
0.947083
0.619061
1.678863
2.030858
1.581294
2.328964
2.170615
1.179541
1.069361
2.267026
0.794897
1.413564
0.738541
1.038151
0.882319
1.383693
0.821626
1.225425
1.571488
1.684761
0.434839
1.409705
0.519702
1.734512
1.126937
0.656380
1.037855
1.008337
1.319314
1.627677
1.905818
1.301584
1.257897
1.082217
0.995453
1.431597
0.918305
1.321344
1.113277
1.438903
2.129878
1.207181
1.954609
1.854916
1.617681
0.896758
1.102729
0.976488
0.860905
0.429394
3.287575
1.013333
2.127438
1.065713
1.820832
1.677563
0.902566
1.748045
1.561821
0.133960
0.350073
1.823920
1.562650
1.252633
1.828533
1.955218
1.821880
1.575836
1.130475
0.459285
0.947218
0.469126
1.456012
1.555838
0.730702
1.292857
2.479506
0.908478
1.301732
1.359769
0.790503
1.256092
1.607165
1.428104
0.863560
0.893844
1.984204
1.456867
0.884689
0.568652
2.376348
0.970457
1.397092
1.116739
2.349209
2.105502
0.486031
2.298290
1.541070
2.143202
2.111825
0.907831
1.813754
0.679349
1.432721
0.965165
1.519217
1.459442
0.729753
1.704861
1.373872
0.711375
1.724691
0.734985
0.392400
1.081198
1.120222
1.455589
0.787262
1.271556
0.702838
1.300932
0.470560
1.579303
1.479240
1.476550
1.330460
1.788467
1.625639
1.384844
0.516904
0.862110
1.214774
0.893325
1.125003
1.877210
2.287705
1.456557
0.922104
1.785180
1.076214
1.728718
1.566398
1.237215
1.910355
2.422808
1.053812
0.885232
2.272419
0.152317
0.803066
1.030611
1.447989
1.306198
1.553205
2.009591
1.940964
1.186087
0.620642
1.152476
1.966306
0.608673
1.916357
0.736824
2.685850
1.296054
1.828293
1.809487
1.278378
1.109780
1.299845
1.038736
2.048016
0.660498
2.356936
2.182372
0.414457
0.411884
0.452319
2.794011
1.455735
1.014047
1.216800
1.264662
0.725871
1.951821
2.207040
1.641950
1.766258
1.483087
0.520300
1.396396
0.961323
0.632210
1.504449
1.576001
0.289304
1.160848
1.034148
1.656823
1.330081
1.504281
1.977771
2.212468
2.231040
1.444078
1.045319
0.443864
0.741081
0.622272
0.826359
0.976891
1.207489
1.184966
0.749550
0.989035
0.583514
2.444959
1.547144
0.859765
1.813540
0.560768
1.689287
0.842801
0.663689
1.179321
1.261605
2.531626
0.889609
1.762784
1.075121
1.283886
2.010325
1.473644
1.830290
1.588768
1.209186
0.975840
0.692815
2.036403
2.822574
1.175454
1.813354
1.561166
2.373600
0.950677
0.933927
1.163031
1.660196
0.984191
0.541841
0.682413
2.343468
1.518958
2.216860
0.991594
2.103095
1.363967
1.024905
1.822073
0.739322
1.226061
0.650351
1.264433
1.855026
1.209042
0.435067
0.978798
1.952983
0.138469
2.130117
1.218358
1.500618
0.749633
1.114556
1.727924
2.019670
1.113304
1.481156
0.625172
0.384867
2.521179
1.836925
1.211788
1.255655
0.612795
1.189969
1.117496
0.946828
1.764179
0.859759
1.234420
0.280015
1.176984
1.686836
1.277478
1.650806
1.561648
1.350121
1.467103
1.950721
0.845227
0.140048
1.473486
2.445286
0.318629
1.156128
2.698859
1.852110
2.405753
2.013549
1.936544
2.546936
1.385822
1.616734
2.173570
1.053404
1.245096
1.357964
0.939960
0.802515
0.525276
1.897438
1.573667
1.458958
1.645026
1.914877
1.378667
1.058701
0.882777
0.806234
1.285294
0.854057
1.139032
1.227362
1.637056
2.135664
1.536488
1.813194
0.887676
0.974601
0.531252
1.253271
2.561426
0.307754
1.951871
1.032712
1.825118
1.426841
1.264851
1.172291
0.875938
0.920854
1.309384
2.837398
0.849612
1.759255
0.255975
0.755615
0.431578
0.740536
0.534198
1.568698
1.290596
1.719585
0.804413
0.960142
1.372158
2.419307
1.763426
0.565119
0.343629
0.636367
0.670227
1.909223
1.404533
0.866320
2.083218
0.953143
0.822487
2.704477
0.538929
0.970596
0.892893
1.308039
1.567531
0.886166
1.376849
0.461025
1.539287
1.116972
1.742885
1.758935
1.487250
0.888811
0.879574
0.919609
1.268543
2.632661
1.158190
0.912184
1.306094
1.150741
1.943780
0.498630
1.296903
0.653068
0.817100
0.546031
1.287146
2.979636
0.299126
0.674059
1.792856
2.391797
0.981219
0.840185
1.164288
1.405851
0.111570
1.381743
1.090043
1.261410
1.450909
2.056544
0.921760
1.515297
1.153981
1.775532
1.870559
1.575462
0.901463
0.477858
0.909621
1.280283
0.830598
0.846128
0.614122
1.243252
2.315183
0.839539
1.834350
1.225693
1.295684
2.194967
0.551677
0.981657
0.906525
0.656554
1.591181
1.178501
1.996421
1.052255
1.585910
1.317190
1.511969
1.123053
1.497114
1.617321
0.739694
1.334609
1.376476
0.930715
1.273951
0.699546
1.859334
2.396888
1.355544
0.763050
1.182852
0.671426
1.814475
0.887262
1.308420
0.793583
1.987250
1.127710
1.566394
1.406686
1.859748
1.584617
0.722439
1.615484
2.543555
1.051367
1.831640
1.435556
1.498571
1.011894
2.934687
1.620444
0.385478
0.881076
1.290169
2.183554
1.675959
2.033091
2.975318
1.987718
1.480104
2.868941
0.865754
0.435486
0.841047
2.140130
0.436409
1.667219
2.075257
0.648515
1.228400
1.480534
0.411294
0.845266
1.273274
0.666725
1.730703
0.982957
1.255042
1.623971
1.162756
2.056582
2.252066
1.360441
2.689376
0.964333
1.307069
0.705066
1.138459
0.827066
1.827466
1.188435
1.156848
0.457338
1.992704
1.281115
1.408133
0.277616
1.492413
0.875117
2.082480
1.418370
2.223632
0.956818
1.060399
1.323374
1.546284
1.688424
2.231895
1.314391
2.049648
1.215601
2.047165
1.154359
1.014208
0.876985
1.955867
1.699811
2.079732
0.126060
1.039411
0.657268
0.786009
1.384370
1.115710
1.225690
1.309271
1.599999
2.035092
1.704159
1.739347
1.084361
0.683365
1.743907
0.704217
0.630306
2.212514
0.870380
1.716475
1.230404
0.855493
1.101046
0.895250
1.575791
0.643999
1.414264
1.250881
1.291728
1.603721
2.284676
2.076135
2.000912
1.824604
1.260046
1.587185
0.791308
2.899565
1.623890
2.150400
2.089750
1.738092
1.101090
1.880510
0.419491
1.092976
1.980484
1.170484
0.338603
0.976027
1.428227
2.008865
1.408460
1.917109
0.752434
2.316206
1.163704
0.832655
1.397633
1.598412
1.365062
2.021551
0.768637
0.802512
1.101518
1.543538
0.946307
1.613232
1.071006
1.421524
1.050281
1.342530
1.809827
1.198047
0.855246
1.072261
0.855969
1.969313
0.929987
0.967164
1.780127
1.505515
2.091730
0.822638
1.158401
1.368785
0.844958
2.010294
1.406395
2.111121
1.431147
2.615737
1.175481
1.580684
0.920303
0.939325
0.867032
1.986796
1.215873
1.181384
0.508291
1.741986
0.634146
1.580485
1.202258
1.324179
1.375011
0.829516
1.233018
1.748732
0.814376
1.544195
1.307042
1.743322
1.346433
1.401706
1.098003
2.304812
2.283208
1.243047
1.484426
1.205776
1.747643
1.466546
1.522657
0.844686
0.840471
0.577722
0.729185
1.068386
0.861540
0.916592
1.270678
0.383552
0.738799
1.187018
1.199212
1.892687
1.347397
1.075506
1.491797
0.990434
1.465649
1.852013
0.922180
0.742946
1.888010
1.442476
1.104950
1.060184
0.386720
1.132989
0.734799
1.390847
1.651120
2.090848
0.383539
1.034754
0.697353
1.532394
2.074043
1.189672
1.835485
0.653019
0.743179
1.592129
1.643159
0.972730
1.079924
0.754780
1.529315
1.240483
0.922720
1.354282
2.009299
0.819517
1.908790
0.869667
1.205907
0.509208
0.860666
1.188097
1.189333
1.311843
1.292540
1.598400
1.080433
1.475741
2.002072
1.640979
0.768211
0.809905
1.837599
1.823165
2.147059
2.005762
0.975767
1.624327
1.118657
2.051917
2.053896
1.545942
0.996686
1.452873
2.729451
1.209151
1.460798
0.679618
1.026411
1.678888
1.354579
1.090463
0.764194
0.729436
2.337596
1.465504
1.127119
1.707172
1.049086
1.995064
1.768382
1.314559
1.436344
1.078920
0.945050
2.710179
1.023978
1.160712
1.246624
1.193038
1.768239
2.164582
1.137355
1.250017
0.559354
1.393058
1.575709
1.065520
1.472706
0.991195
0.605980
2.318153
1.641266
2.207931
0.851219
1.657718
0.669997
0.851400
0.764079
1.284853
1.541480
0.657678
1.267153
1.437247
0.179002
1.814867
0.360564
2.071345
0.756432
0.632362
1.501545
1.230490
1.290823
1.524604
0.573786
0.917886
1.481702
1.073468
0.570078
1.980256
1.574355
1.006561
0.684256
1.662720
1.394335
1.978553
1.151038
0.882072
1.981562
1.720875
1.558667
1.300366
0.485582
1.183786
1.031692
0.722000
0.929244
1.609185
2.003231
1.313538
0.624419
0.761180
1.231614
1.301014
2.101504
1.990594
1.454238
1.281817
1.994501
0.780337
1.100013
0.347994
2.193756
1.042869
1.140216
1.386965
2.496634
0.463253
1.495898
0.849036
0.972598
0.935050
1.595005
1.306569
2.582553
0.757443
1.015670
1.455285
1.136469
1.523132
1.407393
0.994037
1.030096
0.759616
2.375992
2.930580
1.005555
1.652245
0.154955
1.533841
1.968352
1.499450
1.667690
0.586197
2.131024
1.438127
2.144871
1.952570
1.673895
0.522514
0.942104
0.623951
1.450138
1.811853
1.077289
2.566303
1.897039
1.209623
2.059697
0.577378
1.282043
1.067421
1.020510
0.297270
0.505600
0.310334
0.430844
1.773154
0.709310
1.118959
1.839202
1.871325
0.878547
1.203699
1.663250
0.294370
1.376178
1.197571
1.594698
1.081559
0.382450
2.312461
2.176718
0.499660
1.212616
0.743208
1.640281
0.872593
1.522766
1.653788
0.530489
0.872086
1.786336
1.678649
0.599492
1.401854
0.849468
0.774753
1.388195
1.277493
1.725281
1.879951
0.857418
1.587300
0.699261
0.572749
1.308645
1.181435
0.626608
1.696445
1.507232
0.718151
0.935556
0.417308
2.514205
0.734436
1.171522
1.903349
0.994926
1.572574
1.741096
1.166892
2.039570
0.790111
2.063023
2.995709
0.531143
2.122556
1.667271
0.568193
1.890944
0.774550
1.393538
0.369158
2.877445
0.506773
1.912774
0.543480
1.481694
0.846651
2.142559
2.314298
0.988894
1.652672
1.635841
1.637456
0.242537
1.902863
1.884260
1.801456
1.664514
0.793063
0.930374
2.654724
1.045047
1.933235
1.184090
1.248776
1.716479
1.403038
1.395109
1.005582
1.852122
2.237978
0.823313
0.825695
1.404762
2.005138
1.479774
0.704089
0.479379
0.775092
1.283773
1.937208
0.673514
2.017036
0.947375
1.480503
1.573147
1.305819
1.870723
1.103423
0.797085
1.521412
1.041194
1.090791
0.949405
1.388609
1.757446
1.755548
1.272032
0.942359
1.307470
0.780603
1.927669
2.638329
1.745622
1.731117
1.235907
1.344046
0.889479
1.410313
1.422974
0.136166
1.168254
0.878460
0.940472
0.634415
1.293027
1.041285
1.216927
1.119532
0.884016
1.639354
0.482044
1.022166
0.970264
0.548313
2.068834
1.333634
1.365093
1.651027
1.140195
1.030433
1.007340
1.249456
0.108950
2.846438
1.341006
1.237766
2.583258
2.442737
1.357307
0.935545
1.955366
0.865761
0.701675
2.259156
1.975812
1.773172
3.021422
1.357468
2.604863
1.067573
1.232898
0.946198
1.231550
2.485419
1.805728
1.041681
2.365786
0.906820
1.117985
1.005759
1.220097
1.689140
0.467876
1.578830
0.499199
2.036210
1.466149
1.108898
1.274461
0.367327
0.661324
1.975064
1.200183
1.164495
0.972788
1.372627
0.911817
1.057830
1.233887
0.565504
1.489327
2.585350
0.638740
1.409758
1.036318
1.969685
0.604221
1.748336
1.075302
1.146965
1.801430
1.005689
1.492303
0.935577
1.753691
1.162751
1.180335
1.719190
0.863670
1.143567
0.441225
0.960298
1.679293
0.959794
1.968540
1.289908
0.818674
2.313335
1.636192
0.690402
0.568796
1.077344
2.188065
1.167338
1.012815
1.643014
1.770071
1.995759
1.023275
1.477441
2.331092
1.516244
1.404999
1.906071
0.966798
1.377343
2.457990
1.997850
1.467198
0.677149
1.934996
1.559484
1.840298
1.523977
0.130820
0.932189
1.982820
1.233150
1.615040
1.051121
1.048154
1.467661
1.413184
1.541036
1.266672
1.320622
0.654474
2.106234
0.882934
0.597424
0.398104
1.370349
2.008344
1.346813
1.703370
1.200209
2.514411
2.235289
0.813719
0.545994
1.120509
0.914805
1.913035
0.552604
0.299236
1.632897
0.782414
1.117584
1.175795
2.864544
0.500051
1.900544
2.203486
1.121991
1.121619
1.085330
1.716131
0.844346
1.411154
1.178927
1.110065
0.819921
0.791787
1.411555
1.235771
0.650394
1.700967
1.625641
0.934255
1.091498
1.823177
2.434868
0.845303
1.526792
1.866349
1.268880
0.808234
0.934566
1.383596
2.348964
2.276565
0.696151
0.769291
1.783448
0.522502
0.658806
1.820752
1.779443
1.673822
1.312721
1.178115
0.850879
0.949951
0.851694
2.129863
0.962918
0.802759
0.525623
0.677221
0.645408
0.431735
1.772521
1.377423
1.756179
1.548505
0.939548
1.881317
1.133287
1.070362
0.990979
1.407070
1.453491
0.485296
2.281929
0.873340
1.356896
1.206511
1.555857
0.542614
0.638360
0.927171
1.487184
2.320574
1.057145
0.936789
1.588800
1.695687
4.207144
1.133467
0.619134
1.322434
1.055442
0.841788
1.952612
1.865602
1.196514
1.133717
1.230468
1.895487
0.729318
1.838099
2.157372
1.756486
0.512693
1.381948
0.374783
1.957634
0.618870
1.123962
1.511513
0.944923
1.585837
1.408396
1.737607
2.329330
0.928367
1.607086
1.502852
1.051906
1.710215
1.852045
1.287024
0.789479
0.955847
2.294115
1.036764
0.419142
2.396058
0.560997
0.772395
2.120383
0.913321
0.786802
1.678454
1.732935
0.593393
1.559999
2.011349
0.925975
2.689582
1.948187
0.499202
1.600629
0.733623
2.331287
0.997784
1.752559
1.266584
0.877191
0.995909
0.487785
0.779635
0.492422
1.766795
1.440622
0.951939
0.803984
0.923536
0.754877
1.293346
1.238064
1.143441
0.349220
2.138398
0.894345
1.481069
1.230416
1.243406
2.781152
1.431335
1.591143
1.313586
1.129289
0.898564
1.650745
1.661507
0.395234
0.878277
1.079175
1.002527
1.775917
1.228400
2.204085
1.708098
0.340070
1.346628
1.293508
1.777106
0.701175
2.088581
1.275239
0.047280
1.687019
1.300661
0.804460
2.274255
1.695923
2.716986
1.131982
1.956888
0.984118
1.925621
1.801538
1.454234
1.297400
1.148915
0.795744
1.274310
1.752681
0.427832
1.498219
1.385926
0.741163
0.894671
2.290185
1.061631
2.046949
1.874154
0.664508
1.044019
2.231137
1.441350
1.213853
1.376582
1.220047
1.817100
1.719447
0.667956
0.516268
1.213333
1.549253
1.217780
0.298512
1.234352
2.071804
1.739549
1.002887
1.088022
1.996839
1.312444
1.182117
1.602555
1.425799
2.932473
2.340142
1.808854
0.382306
0.799086
1.080226
0.303000
1.577602
2.056394
1.491520
1.483814
0.364614
1.895232
1.189460
0.896002
0.856866
1.982109
1.787233
0.981062
1.388338
1.853291
0.769804
2.434565
1.555654
0.882562
1.432190
1.790110
1.642377
0.525489
1.754768
1.148239
2.182857
1.521076
2.036757
0.769063
2.881566
1.027582
0.855353
1.050481
1.953459
1.583493
1.322590
0.630527
0.227806
1.832225
1.461357
0.274147
1.864463
1.413114
1.574533
1.508150
0.172082
0.839729
1.027255
0.594565
0.845321
0.705600
0.599728
1.075774
0.947634
2.573674
0.620595
1.201553
2.350563
1.750970
1.629230
0.937998
0.752510
1.311977
0.976653
0.671576
0.625248
1.979406
1.053521
2.365815
1.363142
0.346407
1.689948
1.103473
1.273419
1.134165
1.918880
1.038314
1.064560
0.608944
1.475004
0.825364
1.060734
1.530407
1.124221
0.621127
1.324201
1.034486
0.926845
1.389914
1.908618
0.832373
1.535755
1.708638
1.675374
1.916694
1.167538
1.143283
1.551445
1.583576
2.108709
1.516773
3.015116
1.577501
1.512757
1.390402
1.266267
1.326183
1.177309
0.547420
0.812367
1.767633
1.289160
1.466396
1.695249
1.321312
0.631112
0.680874
0.755168
1.778482
2.127498
2.095440
1.625145
1.486224
1.327700
1.291231
2.321987
0.398982
1.847313
0.748466
1.569665
0.421626
1.023548
0.462401
1.569411
0.872984
1.068525
0.501314
1.217623
1.688534
1.959137
1.429038
1.911244
1.092372
1.686413
1.884869
1.735655
1.158239
1.178254
2.047760
0.628670
2.319117
1.708864
1.253395
0.992472
1.063232
0.526579
2.520537
0.963743
1.340336
1.265436
0.434505
0.877613
1.581638
1.447726
1.124149
2.425259
1.465983
1.406052
1.635427
0.462474
1.095376
0.813352
3.094252
1.644405
1.309239
1.171958
1.270500
1.114431
1.006649
0.644142
2.857918
0.932116
2.257431
1.253428
0.933234
1.453260
1.787018
1.510760
0.993922
1.328325
1.222965
1.617493
1.076003
1.478005
1.645158
2.061405
1.545634
0.757142
0.207179
1.602496
2.390923
1.048808
1.685942
1.360776
2.193436
0.396296
1.102199
1.347818
1.044974
1.290468
1.310301
1.229175
1.230046
1.872993
1.059386
1.286546
1.307991
0.616126
0.583063
1.389107
1.039651
0.977492
1.668940
1.381768
0.738317
1.141872
0.268488
0.195567
0.824618
1.144454
1.481869
1.076584
1.676230
0.551113
0.637303
1.430814
0.516550
1.646060
1.201864
2.134871
0.442236
1.348654
1.440754
1.397511
1.636771
1.832800
1.575265
0.763377
0.369127
1.328145
0.713446
1.441126
0.940022
0.657161
1.355519
1.121678
1.921813
1.797733
1.480846
2.274512
1.423135
1.083469
1.729603
1.144060
1.076471
1.842816
0.839655
1.580307
0.756486
1.151617
1.719876
0.914145
0.786509
1.035439
1.919713
1.162318
1.016004
2.313249
1.384826
1.754549
1.325658
0.746568
0.720711
1.244003
2.283295
2.088197
2.100620
0.880099
2.504427
1.867426
1.182477
1.575590
1.464432
2.115594
1.548965
0.712171
1.025050
2.402787
1.717196
1.873230
0.880770
1.187350
0.894854
2.332372
1.073600
1.208490
1.655919
2.425317
0.613735
1.363024
1.230344
1.659418
1.539262
0.673143
0.959914
0.882017
0.584296
1.497566
1.704496
0.845207
1.231834
0.639817
2.248116
1.501895
1.656626
0.691328
1.376323
1.435293
2.001773
1.598549
0.615485
1.565857
1.106951
0.354202
1.593962
0.660184
1.891262
0.692295
1.749194
1.156252
0.904105
1.572938
1.201102
1.204512
1.242125
1.873903
0.739746
0.993221
1.795238
1.048086
1.386658
0.690766
1.368599
1.220453
0.967951
0.858722
0.814708
1.584599
1.696695
1.278618
1.000497
1.126601
1.617695
2.802383
1.095002
1.976398
1.649909
1.576817
0.808234
1.972765
0.857480
1.413096
1.214853
1.001466
1.591029
2.213609
1.915168
1.530288
0.610829
0.911114
1.076522
1.089755
1.412646
2.038592
1.428239
1.325312
2.608510
1.867132
1.292585
0.584354
1.981310
1.258091
0.585088
2.495570
0.735126
0.775277
0.799044
2.870616
2.304512
0.736783
1.578127
1.888884
1.522090
0.976737
1.451890
1.945162
1.519754
1.500721
0.387865
1.358090
2.202226
1.586181
0.511694
1.301136
1.333549
1.377650
0.854417
1.255886
0.537877
0.788481
1.644993
1.637266
1.624831
1.230600
0.863743
1.437876
1.351355
1.585796
1.619390
1.210526
1.463314
1.833191
0.734703
1.754912
0.604087
0.270377
1.376706
1.124524
0.694296
1.646018
2.186632
1.631906
0.529100
0.944782
1.577726
1.408202
1.131641
1.546105
1.887436
2.831652
0.295907
1.049458
1.140993
2.076711
3.391162
1.366534
1.570703
1.943026
2.205775
1.073857
2.882212
2.032110
1.132809
0.452268
0.943878
1.134915
0.790807
0.520181
1.893753
1.032972
0.621532
1.059232
0.734069
1.322677
0.917469
0.932653
1.191833
1.043635
1.088571
1.944069
1.521719
0.637533
1.352162
2.158945
1.105192
1.334196
0.751029
0.859089
0.825229
1.230299
1.193630
1.072142
1.993126
1.857838
1.300386
1.376309
1.657157
0.930982
0.630426
1.849457
1.864805
1.470638
1.266376
0.907445
1.145796
1.925672
1.307893
0.847607
1.703682
1.262135
0.528287
1.402550
0.886416
1.043752
1.440385
0.828115
0.730412
0.835794
1.481926
1.651079
1.540227
1.387206
2.671315
0.893574
1.044322
0.709339
2.178594
1.213875
1.378161
1.077575
0.940040
0.930836
0.680926
1.106111
1.366507
2.231975
0.836136
0.804339
0.849597
2.089182
2.381822
1.473063
1.308154
0.932070
1.589440
1.126097
1.886021
0.706647
1.631239
1.338877
1.814945
0.783867
1.738136
0.844355
0.641584
2.547673
1.305721
0.884357
1.270100
0.563239
0.836282
1.748136
0.601578
1.227298
0.808174
1.505228
1.003159
0.829382
1.688700
0.751940
1.432768
0.581027
0.895450
0.527717
1.448007
1.068750
1.358207
0.532239
2.280204
0.474370
0.545886
2.410604
1.888630
1.633990
0.555786
2.503918
2.013385
1.024283
2.115294
0.823498
0.968356
2.349669
1.618428
1.697249
1.550822
0.176963
0.844339
0.773347
1.319144
1.480380
0.858723
1.001585
2.494231
2.010369
0.973089
1.046955
1.523578
1.154107
1.138091
0.481068
2.052260
1.636296
0.855393
2.250028
1.422995
0.768748
2.157664
0.981308
1.083561
1.277175
1.675825
0.862194
1.519417
2.091039
2.732732
0.636084
1.208012
1.557277
1.492883
1.579733
1.592180
0.779746
1.294515
1.302742
1.235410
1.856948
1.334524
1.427022
1.828527
0.840596
1.605373
1.156048
1.854024
1.239434
2.728460
1.626863
1.433233
1.569738
0.367866
2.147989
1.541991
0.815259
1.084766
0.757442
0.527157
1.876014
2.369899
2.824281
1.167322
1.519416
1.132437
0.813618
2.812431
2.361594
1.275674
2.411251
1.398648
1.125807
0.171414
1.661952
1.710727
0.579617
1.785085
2.096209
0.935107
0.880399
0.961137
1.859967
0.512357
1.043869
1.699939
1.040197
1.859452
1.444058
1.369741
1.995930
1.599129
1.409104
0.889098
1.187375
1.566382
1.855404
1.098665
1.032129
1.926254
0.659833
1.015893
1.124818
1.616466
1.180135
1.215297
2.415204
1.216644
1.880326
0.882952
0.875638
1.303805
0.915246
1.507920
1.004228
0.801530
1.299977
1.171791
2.185101
1.331008
1.431696
1.384217
2.290141
0.281511
1.101153
2.373675
1.908378
0.833168
0.250435
1.148301
1.166056
0.740725
1.627376
1.128444
1.019445
1.423890
0.982879
0.329042
1.260263
1.250936
1.391331
1.109545
0.997210
1.517676
1.568219
1.820010
1.396211
1.346626
1.953880
0.703871
1.566469
1.698753
0.539947
2.296077
1.725383
0.976201
3.130712
1.117318
0.799955
2.080885
0.114830
0.882986
0.937310
1.739518
1.595839
1.382249
1.439438
2.052953
1.340035
1.259234
1.258571
0.339936
1.621785
1.064965
1.466470
1.538059
1.334200
2.045115
1.206766
0.869281
2.123515
1.195044
0.874223
1.862997
1.367590
1.416050
0.784828
1.094373
0.958568
0.894348
0.378154
0.720355
1.747371
2.160565
1.979766
2.029838
1.288987
1.696733
1.370797
1.579915
1.311641
1.596405
1.025989
2.701050
1.295183
1.542544
1.494694
2.232158
0.699668
0.686890
1.986186
1.381594
1.733693
0.856338
1.991058
1.496802
0.753033
1.399956
1.543660
2.055486
0.913868
1.346717
1.689962
1.357449
1.935244
1.001240
0.853742
1.276374
1.149322
1.402720
0.688915
1.395033
0.869095
0.784222
2.695388
0.568177
1.916290
0.885791
0.428344
0.934204
0.930559
1.024796
1.442995
0.712952
3.064107
1.257765
1.544594
3.777562
1.421409
1.206850
1.106022
1.160777
1.222189
2.420214
0.560757
1.093950
1.309281
0.867625
0.159945
0.892207
1.220198
1.195871
1.447788
0.853784
1.075580
1.590277
1.671328
1.200665
1.344196
2.061701
1.248050
0.710662
1.517454
1.119893
0.954280
1.289019
1.472343
1.810112
1.587618
2.744907
0.760096
1.084600
2.869135
2.217921
0.906604
1.620685
0.736733
1.831464
1.297997
1.097555
2.533410
1.477742
1.063705
1.062886
1.118287
0.708236
1.172240
2.303239
2.063473
1.439943
0.988605
1.111012
0.469546
0.627954
1.838774
0.511838
1.276862
1.374263
1.263688
0.804110
1.766167
1.265465
0.651434
1.371944
0.820020
0.614155
1.142825
1.736408
1.048462
1.153096
0.862528
0.578575
0.791919
0.657435
0.685487
2.128724
1.373806
1.145882
2.328174
0.644492
1.193240
1.356003
1.578176
1.492046
0.823444
1.354046
0.770470
1.479541
1.658683
3.310737
1.029580
1.313425
1.300892
0.785949
1.909584
1.813181
0.809464
0.632034
1.074210
1.901252
2.735608
0.654656
0.570016
1.003183
1.611990
1.837048
0.555419
1.145365
2.164334
1.776726
0.924196
1.140333
0.427378
0.812409
1.191646
1.365686
2.053418
0.977297
2.476858
1.507034
1.765818
1.204853
1.224154
1.616951
1.200966
1.370509
0.784077
3.056921
1.782383
1.680345
1.398862
0.985145
1.828551
0.850005
0.963626
1.840692
2.268212
1.324018
1.323741
1.181211
1.495404
1.334373
1.620907
1.538138
1.199430
1.143839
1.309720
3.174936
1.507209
1.449390
0.607023
1.434522
1.495072
1.061362
1.718421
2.338794
1.543139
1.501351
0.641545
1.381100
1.384526
1.019091
1.493162
1.006350
0.578080
0.385053
2.495307
0.549858
1.111164
0.577990
1.576451
1.472572
1.017376
1.058133
2.287605
1.710550
1.442478
1.773312
1.537659
1.014643
0.739207
1.729377
1.173825
1.216718
0.600352
1.491474
2.124031
0.945618
0.462999
0.311940
0.906194
0.983430
0.935504
1.134009
1.095415
1.193361
1.835985
1.618104
1.347636
1.771418
0.319839
1.554986
0.923554
1.507290
0.778497
1.793815
1.429607
0.698435
0.621065
1.352626
1.162718
0.401917
1.604624
1.473166
1.055348
1.142989
0.946895
0.992201
1.236520
1.040286
1.638648
1.576169
0.914497
0.126099
0.671691
1.528843
2.118152
0.749263
1.579277
1.360596
1.866834
1.542438
1.248812
0.740732
2.072459
1.464793
1.867196
2.216718
1.106585
1.449733
1.713770
0.667500
1.724639
1.461793
0.541611
1.010753
1.100598
1.645155
0.518953
0.481091
1.912481
3.267817
0.593034
1.651039
1.353123
0.377872
0.589561
0.644814
0.769159
1.257432
1.908771
1.700268
0.905723
1.152836
0.975822
2.954978
1.178037
1.942576
1.869980
1.896407
1.300974
1.246906
1.326608
1.311180
1.926012
0.868773
0.526181
1.302176
0.437843
2.077101
1.494665
1.278155
1.603006
1.215120
2.601582
1.089779
1.439289
1.827288
1.275280
2.080630
1.304701
0.891845
2.482728
0.681161
1.528973
1.185455
0.615535
0.965636
1.261720
1.544345
0.485574
1.610691
0.946062
1.145202
1.469285
1.840666
0.494950
0.455666
1.976944
0.787884
0.569692
0.611096
1.459156
0.455197
0.910352
1.490659
2.062275
1.600583
1.558977
1.217846
1.122038
0.698832
0.599692
1.048325
2.175590
0.976738
1.714176
2.128234
1.780972
1.348433
1.136865
1.338427
1.164462
1.928132
0.794615
0.926703
0.731455
0.837667
0.526171
1.306961
1.219049
2.415316
0.733904
0.773742
1.954570
1.784045
2.098934
1.358881
1.458418
1.585315
0.995090
0.506317
2.394513
0.701080
1.232897
1.231756
2.412762
1.179020
2.252844
1.711202
1.280927
0.677026
0.410027
1.477586
1.632564
1.213498
0.971628
1.572246
1.592462
1.389065
2.201790
2.437767
1.393897
2.626376
1.236532
1.961928
1.633809
2.006371
0.643247
1.363086
0.976441
1.234406
1.378091
1.529176
0.266884
2.013158
1.739610
0.330470
1.034378
1.740629
1.885963
0.725177
1.325455
0.887214
0.937588
0.955752
0.749185
1.834198
1.148569
0.899539
1.410548
1.511578
0.698950
0.982783
1.019594
1.289361
0.834501
2.542310
1.300859
1.821307
1.387963
1.830356
1.010461
0.671183
1.987604
1.355832
1.298404
1.045831
0.846187
0.891813
1.843526
0.650845
1.225243
0.552326
0.371628
1.951557
0.661146
2.036699
1.373486
1.169940
0.854509
1.844954
1.084160
1.786305
0.917786
1.456627
0.586089
1.066232
2.926924
0.668483
0.763066
2.454928
0.976254
1.639556
1.315182
0.794016
1.392548
2.050980
1.026916
1.026323
0.568579
1.100162
0.634715
0.578970
1.117577
1.028101
1.048963
2.514298
1.750620
1.000413
1.458960
1.410883
1.459012
0.759506
1.340663
0.475206
2.102131
1.313011
1.096541
1.107538
0.782029
1.783023
1.131164
0.987964
0.557268
1.131288
1.292218
1.386168
0.675253
0.996357
1.183515
1.781909
0.905865
1.456140
1.693756
0.426351
1.610639
0.908160
1.594079
2.153525
1.674490
1.457409
2.600378
1.401029
0.778115
1.231645
1.813730
1.378384
1.168542
0.769781
2.036232
1.062376
1.329042
1.125629
0.915191
0.797809
2.007042
1.052954
1.227478
0.672919
1.154348
1.032517
0.971204
1.468821
0.391646
1.186236
1.879790
2.523048
1.640647
0.902705
1.473846
1.338632
1.011382
1.003092
0.625114
2.598520
1.455220
1.370548
1.362526
1.221237
0.932107
2.553341
0.367671
1.416724
0.518228
1.765563
1.400507
0.580153
1.622839
2.034601
1.652715
0.996645
1.152545
0.738361
0.922217
0.517650
1.355671
1.156144
1.877733
1.383232
2.001836
1.167809
1.313219
1.126720
1.632404
0.866515
1.371585
1.185928
1.204372
0.845268
0.614313
0.909074
1.213362
2.030679
3.340276
1.883225
1.295151
1.707942
0.941503
1.003370
1.304989
2.752393
1.368480
1.348334
1.267656
1.644704
2.114219
1.515869
1.153803
0.489877
0.817103
1.699736
0.326400
1.216937
0.633705
2.041426
1.071014
2.248014
1.335531
0.804743
1.005821
1.670991
0.653747
1.482013
0.929369
1.771105
2.009700
1.508017
1.191266
1.640803
1.210922
1.433000
0.524724
1.705645
1.734364
1.350972
0.548667
1.382677
1.101909
1.387790
0.594389
2.035287
1.116245
1.210692
1.981458
1.651088
1.489021
1.557457
0.869931
2.225136
0.976718
0.951512
1.125934
0.984088
1.489065
0.672474
1.151487
2.445720
0.766835
0.943752
0.706002
1.785140
1.564207
1.871626
0.716191
0.882563
1.361130
2.431380
1.282430
0.623747
1.719215
1.666897
1.135741
1.607564
1.248337
1.997574
1.580839
0.564038
1.565903
2.374819
1.591349
0.610807
1.533850
0.780938
0.716641
1.367751
2.325557
1.592495
1.353565
1.665858
0.903696
2.114371
1.211122
1.501991
0.257641
0.890854
2.018194
1.921145
1.386658
1.786787
1.428534
0.778062
0.979297
1.785750
2.650901
1.207240
0.627401
1.175357
0.686444
1.388692
1.217004
0.980555
0.754120
0.965028
1.722203
1.327285
2.060238
1.610072
1.018908
2.065302
2.337336
0.874666
1.231673
0.881942
1.528052
1.539739
1.308734
1.363739
1.184417
1.441495
2.296254
0.392114
1.202941
1.351357
1.610587
1.785001
0.995268
0.509889
0.808390
1.192472
1.092203
1.738480
1.204385
1.073463
0.935902
0.965676
0.914176
1.340978
1.135359
1.120216
2.087442
2.241799
2.093702
1.940749
3.018861
0.685833
1.574430
1.419517
1.128715
1.365315
1.156383
1.722086
1.658456
1.509076
2.104656
2.073624
0.705714
0.978364
1.209983
1.500559
0.959073
1.473754
1.118713
1.393120
1.547671
1.476165
0.846379
1.446075
0.381327
0.901717
1.044102
2.036570
2.040361
0.961481
1.983175
1.066691
1.895175
1.921645
1.187559
1.035329
0.777826
1.397556
0.880419
1.229309
0.679776
0.830275
1.781611
1.181306
1.050325
0.926560
2.038813
0.775560
0.948611
1.029897
2.112439
1.722434
1.876463
0.745788
1.586439
1.691144
2.121928
0.944839
0.707580
0.741615
1.664976
1.091140
1.403976
1.270875
1.024357
2.667079
1.049087
0.852573
0.819430
2.052623
2.076764
1.355860
2.775828
2.618092
1.885326
1.225025
1.280066
2.271466
1.645908
1.868468
1.357203
1.391943
1.039375
1.531334
0.944551
1.156794
1.643162
1.523834
0.683267
1.148174
1.358539
0.962995
1.097660
0.309756
1.115682
1.471445
1.329468
1.127861
0.704884
1.982297
0.861153
0.387434
0.436517
1.403250
0.548817
1.552838
0.818904
2.134340
1.635363
2.498749
1.158164
1.785215
2.504433
2.319622
0.497410
1.597118
0.631139
0.688138
1.381989
1.960031
1.505645
1.569861
2.397664
0.814087
0.683208
1.176322
0.721570
2.178763
0.437128
0.646984
0.848715
1.123331
1.562658
1.048400
1.010254
1.259513
1.136373
1.712292
2.613273
1.963931
1.779307
2.305907
0.757645
2.192349
2.031369
1.542518
2.465586
1.291404
1.252254
1.860812
1.221157
0.921246
0.521314
1.243499
0.618367
1.261639
0.672605
0.889637
1.181347
1.389644
0.389952
1.387675
2.004490
0.846357
0.903810
1.029011
2.085088
1.080179
1.753169
2.119409
1.592172
1.083935
0.906472
0.962941
0.795610
0.559607
1.858149
1.211498
0.928506
0.855235
1.857772
1.362463
1.107902
1.079861
2.330587
1.715944
2.359824
1.413114
2.048806
0.932143
1.829261
1.728222
1.311883
1.048342
1.644440
0.839790
1.314136
1.912987
0.845622
0.567996
1.243692
1.290887
1.861878
0.711181
1.389222
1.370077
1.244624
0.983991
0.818087
1.195304
2.044216
1.411464
0.323526
0.859079
2.860957
1.693822
1.785815
0.803804
1.186585
1.460389
0.876429
1.111182
2.185293
2.192286
0.653128
1.192899
1.572839
0.910166
1.382855
0.974189
1.480702
0.994449
0.756793
1.233788
1.818033
1.513101
2.115309
1.453402
1.787633
1.348661
1.182970
1.114813
0.388622
1.215646
0.599872
0.849573
0.856524
1.148189
1.794615
0.806510
0.842471
0.416191
1.065112
1.231829
1.637903
1.291521
1.542005
0.715775
1.708026
1.722953
1.158930
0.879906
1.300304
1.812316
1.210259
0.870420
2.547033
1.913525
1.748909
0.305016
0.841500
0.664960
0.815340
1.058535
0.780552
0.584409
1.431966
1.378030
1.226230
1.417831
1.024860
2.795194
1.861923
0.541902
1.266464
1.355523
2.756500
1.752835
0.840620
0.271152
2.050932
1.586991
0.977382
2.282046
0.913890
0.974880
1.286831
2.456313
1.523367
1.353309
2.134546
2.589763
0.654913
1.423011
0.751472
0.257781
0.547467
1.981651
0.778088
1.697646
1.472775
0.628076
1.328489
1.201509
1.250867
2.090185
0.341801
0.713882
0.632701
0.870424
2.673448
1.658694
1.066930
1.667387
1.566100
1.928824
1.744990
1.423142
0.988481
1.121471
0.980795
1.575598
0.948109
1.337971
1.397259
1.399538
0.136039
0.896545
1.971263
0.966624
1.194869
1.201729
2.193372
1.507914
2.561524
1.278622
1.187850
2.769914
1.164274
0.775426
1.092998
0.914094
0.944226
0.791762
2.317633
2.361229
1.348460
0.583957
1.538354
1.241496
1.525694
0.805673
1.281607
1.327868
0.773540
1.911851
1.104595
2.184884
0.916038
1.040548
1.764565
0.715232
1.609432
0.450964
0.486439
2.302524
1.538812
0.433074
1.399908
1.293501
1.166126
0.781602
1.973937
1.904472
1.962158
1.266287
2.016340
1.586352
1.728203
1.170398
0.343093
0.786883
1.103039
0.779556
0.460564
0.788869
1.220293
1.576592
0.803553
1.927162
1.193343
1.188843
0.694133
0.843175
1.180499
1.624384
1.570538
0.847647
2.938136
0.694981
1.036651
0.870490
1.161946
1.840009
1.711424
0.630908
1.074337
1.293816
1.187759
1.126447
0.764640
1.450385
1.437516
0.952449
1.061149
1.849429
1.537483
1.143526
1.438533
1.305958
2.001512
0.507270
1.245486
0.531533
1.496696
0.535964
0.961094
0.938262
1.497633
1.313524
1.520022
1.597350
1.483412
1.550427
0.183630
0.674768
0.495443
2.627501
1.299818
1.745110
0.927306
1.583265
1.120359
0.540619
0.818736
1.247682
2.092067
1.188633
1.538916
2.042699
1.700052
1.190639
0.955500
2.336610
1.097863
1.353888
1.100776
1.407444
1.091951
1.379369
1.884344
1.148280
1.801371
1.746814
1.635018
2.192263
1.455478
0.626153
1.239082
1.662342
2.261797
0.790948
1.643648
2.187172
1.122852
1.746082
1.462546
2.217875
0.516294
0.606279
1.081746
1.298196
1.203734
0.487540
1.364709
1.251498
0.938360
1.117057
1.262101
1.204626
0.663168
0.983943
0.940980
1.336908
1.078763
1.775020
0.930134
1.388517
1.977143
1.749595
1.884534
2.845365
1.308795
1.503630
1.006165
1.661537
2.805873
0.477852
1.514886
1.588848
1.649255
0.567158
1.080639
0.947157
1.655188
0.810522
1.035704
2.695954
0.722664
1.705679
1.742054
1.370916
1.378082
1.417222
1.917913
0.712179
2.122179
1.608482
1.279020
2.192727
1.318211
1.858899
0.984222
1.585360
1.265026
1.030263
2.284610
0.654255
1.962857
1.234977
1.109432
0.892173
1.063109
2.401020
2.372704
2.345648
0.857545
0.720363
2.175810
1.130929
1.353313
1.281568
1.709340
1.822309
1.883220
1.416266
0.911343
1.401171
1.074272
0.826770
1.936100
1.501813
2.053462
2.286183
1.916019
0.483608
1.099215
1.579727
1.124933
1.213841
0.521005
0.636674
0.892061
0.352427
3.002763
1.018298
1.906972
0.681708
1.475556
1.387245
2.043677
2.115649
0.897105
1.591157
0.420686
1.008912
1.398611
1.377389
0.564370
0.553484
1.619260
0.893376
1.698049
1.075877
0.403854
0.369315
1.812402
1.125809
1.400101
1.070363
2.239936
1.406652
0.735718
0.934144
1.600427
0.509731
1.375727
0.850268
0.780887
1.283305
0.933751
0.359668
0.932549
2.169767
1.324489
1.276148
1.452161
1.480966
1.762609
1.549760
0.481493
0.617583
1.502017
1.867195
0.437500
1.061612
2.089114
2.134161
1.274412
1.942134
1.346688
1.150479
0.847601
1.592550
0.934981
1.090591
1.241571
2.357344
1.635481
1.501508
0.858736
2.763793
0.837424
1.078315
0.508093
2.074275
1.356940
1.975579
1.476340
1.422854
1.319097
0.568319
1.190145
0.530366
1.323738
1.160923
1.308212
1.034319
1.530536
1.386506
2.444726
1.944321
1.126394
1.107231
1.469149
1.074824
2.348533
1.591231
0.815777
0.526911
0.580994
2.056072
1.283313
0.925906
0.487737
1.867835
0.676063
1.867255
2.212663
0.941599
1.403658
2.073369
1.110723
1.788578
1.260253
0.886875
1.790772
1.069452
1.167696
1.800952
0.522781
1.552167
0.733658
1.059761
1.144893
0.922796
1.088407
1.115496
1.401525
1.388660
1.671545
1.661433
1.477246
1.612284
1.362061
1.407995
1.422576
1.250629
0.411533
1.272596
0.480153
0.756042
1.021512
1.274289
0.541618
2.263738
0.279453
1.693435
1.438849
0.893343
2.228571
1.522671
2.065641
0.846761
2.094208
1.723945
1.134536
1.657016
1.412488
1.520781
1.359626
0.981444
1.922920
1.833638
1.207640
0.904519
1.112320
0.822559
1.913253
1.620528
1.727329
1.717758
1.531854
0.869138
2.514939
1.893216
0.567077
1.845755
0.969072
1.736777
1.882901
1.402890
1.032687
1.452953
1.017932
1.350040
1.482656
1.118555
0.884268
1.341600
1.546710
1.977279
2.444401
2.112686
1.236309
0.963726
1.369855
0.476350
0.588336
1.787337
1.296180
1.661604
3.057081
2.206357
2.050020
1.406756
2.333602
1.428839
1.194320
0.754024
1.513532
1.191741
1.556983
1.454744
2.181898
0.761700
1.233930
0.411793
1.185831
1.122572
1.125756
0.566542
0.359138
0.483164
0.378600
1.911443
1.028170
0.629102
0.995628
2.031542
1.322333
1.669568
1.969918
2.195756
0.843190
1.216657
1.783956
1.900130
0.647236
2.514219
0.808530
1.628273
1.283017
2.835165
1.730147
1.150601
1.704501
1.157769
1.794274
0.694799
1.131142
1.480970
0.952975
1.399472
1.501484
1.379794
1.053999
3.941063
1.192328
1.939469
0.758278
1.692365
1.838271
1.336816
0.877612
1.662931
1.036815
1.836834
1.578601
0.735559
2.175541
1.654314
1.111561
0.405383
1.663350
1.378157
1.713716
0.583312
0.598269
1.073026
0.264327
2.068017
1.457838
2.141196
1.884503
1.779549
1.266098
1.458176
1.432628
2.246080
1.301088
1.276830
2.159349
2.323244
0.352699
1.471316
2.746087
0.442927
0.555306
1.603556
0.892490
1.432106
0.844072
0.447516
1.021102
1.157815
0.598087
0.957975
0.765116
2.063684
2.587796
1.063752
3.477873
1.392292
1.251042
1.103570
2.268911
1.306234
1.804797
0.549735
1.678567
1.644094
1.228166
1.321989
0.861633
0.715712
0.890772
1.618489
1.602978
1.712370
0.554786
0.886874
1.461721
0.608341
1.555255
1.973109
1.518055
1.462288
1.083387
1.746395
0.961705
0.622414
2.269193
1.556942
1.332440
1.392237
1.442270
1.286676
1.621126
1.011604
0.539365
1.158675
0.431370
1.308496
0.701580
1.333187
1.544365
1.316096
0.845437
0.868484
0.320372
1.356276
1.132847
0.958923
0.617464
2.432876
1.627851
1.052537
1.633677
0.811517
1.691512
1.174289
1.501099
1.621143
0.942197
0.467594
1.488952
0.765071
1.122365
0.703541
1.973043
1.135603
0.870237
0.514364
1.342122
2.301300
0.959113
1.909555
0.669559
2.001979
2.180165
0.937065
0.499168
3.069725
2.306280
0.497189
3.229465
1.656540
0.649620
1.382213
0.643458
1.631057
1.729405
0.905733
2.295156
1.352672
1.442462
1.128185
0.482784
1.592613
1.554123
2.053096
0.115376
1.484052
1.471872
1.618766
1.058731
0.583018
2.386500
2.296867
0.995258
1.891621
1.473391
1.281741
1.037600
0.438505
1.009206
0.886323
0.364493
1.238449
0.846171
1.073870
2.032485
1.057557
2.416101
2.234298
1.861232
1.250594
0.747998
1.867598
1.692380
2.121440
1.770904
0.965999
2.454210
1.111153
1.224002
1.496048
1.061806
1.519022
0.484930
0.689170
0.757707
1.771853
2.248805
1.421839
2.414144
1.132416
1.121404
1.469442
1.437370
0.654021
1.580105
1.943521
0.781295
1.071664
0.803763
0.908670
1.235639
0.610080
1.954629
1.613683
2.198204
1.772939
0.846715
1.299311
1.247170
0.823820
1.130345
0.653574
1.458001
1.978091
1.335347
1.035876
2.162449
2.203588
1.477403
1.219142
1.545057
1.521655
1.009997
0.492422
1.773739
1.126082
0.925650
1.477720
1.485174
0.489978
0.963221
1.704951
0.931853
0.976756
0.977612
1.867974
1.342940
2.282612
1.648575
0.862222
1.175538
1.090976
2.244380
0.416815
1.602769
1.850229
2.028955
2.770086
0.400767
1.991347
1.495363
2.409407
1.557731
0.857538
1.630085
0.958559
1.988084
1.492410
0.973941
1.375583
1.258391
1.383708
1.272837
0.754458
1.803030
1.633860
1.677613
0.994688
0.969381
0.785746
2.510537
0.476903
1.954463
1.112533
1.428189
1.316337
1.001059
2.049759
1.133231
2.153378
1.352929
1.083983
0.764122
0.415403
1.648978
0.764636
1.602362
1.802304
1.470755
2.244414
1.953074
1.199393
1.047976
1.330702
0.557643
2.167162
2.071198
0.849804
1.805356
1.355928
1.162222
1.348974
1.827679
1.351701
0.793909
1.197887
1.167745
1.394343
2.038955
1.206418
1.144670
1.496810
0.856489
0.571978
0.996600
1.204069
1.048637
1.694376
0.798185
0.960725
1.163873
1.976699
1.357404
1.233976
0.426413
1.807785
1.700978
1.431462
2.123005
1.630362
2.783465
1.670661
1.624791
2.323495
1.842531
1.294858
2.230297
1.745794
0.876432
1.659740
1.715881
0.462711
1.527155
0.996238
2.147010
1.261146
0.728967
1.141295
1.482398
2.567009
1.360663
0.735865
1.235996
1.560599
1.619040
1.467799
1.094751
0.625932
1.916337
2.503607
0.512634
2.081207
0.516582
1.581902
1.526089
1.007288
2.519997
0.533512
1.652662
1.080705
1.242172
1.140354
1.589875
1.175948
2.418044
1.876310
2.075835
1.550973
0.556958
1.712696
2.201851
1.301292
1.020569
2.129062
1.627789
0.993036
1.595253
0.906491
1.160536
1.631768
1.495675
1.690104
0.781713
2.555731
0.290575
0.710036
0.497204
2.009193
1.477041
0.954542
0.329209
0.829623
1.752602
0.919794
1.744769
1.244820
2.120605
0.629647
0.911219
2.137298
1.497634
0.889532
0.824789
0.917033
1.653440
1.497574
0.887880
1.448620
2.405284
2.081751
1.597425
1.254762
1.430315
2.250104
1.236836
2.060197
1.669482
0.784428
0.179348
0.890209
0.441476
1.601138
1.041305
1.676765
1.464097
1.828542
1.721082
0.421123
2.056442
0.644287
1.485584
0.740373
1.597308
0.680590
1.672729
1.574699
1.668033
1.319076
1.595815
0.963224
0.767655
1.587350
0.724769
1.935303
1.182156
1.312427
0.762554
1.142852
1.335371
0.417096
1.246577
1.325487
1.469295
1.780942
0.507591
1.093387
1.500785
2.665202
1.500080
1.459425
1.786048
0.820130
1.548319
1.973833
0.624663
1.298150
1.750223
1.261803
1.960311
1.006097
1.058430
2.103365
2.044897
1.420129
1.325479
1.523834
1.986712
1.974660
0.494458
0.619815
2.603599
0.861786
1.843046
0.903350
1.812598
1.755247
1.078407
2.360897
1.463508
1.788285
0.737940
1.819582
0.572728
0.681018
2.219686
2.764703
0.922603
0.809008
1.436464
1.384003
1.378823
2.414405
1.152353
0.966764
0.484058
1.596565
1.417709
1.618011
0.721665
0.991647
1.525208
1.613824
1.122917
0.619414
1.290981
1.418390
0.393256
0.427179
0.365848
1.230697
1.871162
0.835637
1.372741
2.181176
0.628412
1.243056
1.057270
1.166954
1.424235
1.518757
1.895070
1.305777
0.609924
0.803221
0.825802
1.058497
1.476119
1.935435
1.236062
1.461526
1.150962
1.930103
0.916792
0.934029
2.661190
0.732546
1.203513
0.998839
0.973557
1.157846
1.323497
0.687765
0.870970
1.862907
1.437795
1.560328
1.509804
1.736160
0.861769
1.686996
2.383100
1.244224
0.541717
1.158970
1.555892
0.625198
1.555567
1.299186
1.206172
1.108028
1.800035
1.132365
1.038442
1.260236
1.093196
1.537536
0.396090
0.994077
1.940599
0.690751
0.973866
1.130294
1.208951
1.513044
1.479772
1.156260
2.004909
1.408938
2.272123
0.631238
1.293097
1.034188
1.802534
1.723188
0.516845
1.379130
2.559888
0.373024
0.736712
1.254987
1.206768
0.760648
0.890624
0.729749
2.268432
1.341091
0.360774
1.354234
1.208294
1.622357
1.902187
0.797368
1.566082
1.219048
1.958976
1.604707
0.910086
1.192858
0.637778
1.284863
1.223917
1.842537
0.715570
0.961430
0.966340
1.117886
1.508446
1.265744
1.332256
1.788092
1.535639
0.221537
1.092663
0.831089
1.495208
1.540687
1.159869
1.194662
1.224642
1.040282
2.645779
0.426551
1.201885
1.271731
0.936582
0.941304
1.394764
2.032806
1.721943
1.495241
0.747339
0.783253
2.154638
0.228738
2.993172
1.545899
2.368354
1.507877
0.507333
1.318608
1.009510
2.336694
1.631193
0.661496
1.225095
0.319603
1.522208
1.678450
1.668501
1.103500
0.780280
0.911767
1.929662
0.682571
0.977522
1.150250
2.030045
1.390623
1.206105
2.311889
0.306967
3.064100
1.669766
0.944022
1.312589
1.303355
0.917513
1.208129
0.437504
1.265141
1.230826
0.815728
1.458027
1.411035
0.526568
1.076301
1.295705
0.642584
1.882988
1.644587
1.383019
0.636427
1.833349
0.975635
0.690485
0.802131
1.847813
1.269830
0.447224
0.692381
0.204786
0.784950
2.481586
0.661124
0.977640
1.583011
0.885506
0.608426
1.447458
1.697475
1.938584
1.331359
1.457152
0.544594
2.068128
1.459041
1.081196
0.874976
1.275113
0.902453
1.958298
1.128698
0.606889
0.753672
0.648296
2.144516
0.568397
2.168475
1.469478
0.555282
1.083947
0.530433
0.839825
1.959647
0.662386
0.570325
0.916366
0.493920
0.733888
1.125110
1.165245
0.540589
2.118098
1.043223
1.328342
1.707529
1.147519
1.899098
0.975068
1.419382
0.290434
1.922958
0.870120
1.221266
0.414160
1.658691
1.785859
1.476155
2.386071
1.125298
0.954726
1.557340
2.124138
1.304654
2.157920
1.836651
1.170163
1.124929
2.375943
1.798286
1.258063
1.118540
0.682089
1.740343
2.160827
1.819732
0.791346
1.458167
1.562280
1.596477
0.612027
1.629844
2.314618
1.878919
2.035172
0.764489
0.957344
1.512984
2.186806
0.689821
1.104451
1.572036
0.324359
1.148170
1.113316
1.687963
0.432468
0.503420
1.011268
0.818995
1.832294
0.515978
1.161721
1.482632
2.214871
0.765936
0.684196
1.190079
1.035948
1.563505
1.337953
1.336714
0.874918
0.789649
1.301895
1.810566
2.180914
0.909231
0.808497
1.725700
1.811085
1.107718
1.924224
0.719475
3.237188
1.790886
1.241646
1.258406
2.294611
0.950379
1.942518
1.188384
1.141850
1.053643
1.903432
1.368502
1.216868
1.483465
0.954994
0.742535
1.313418
0.779331
1.316911
0.838278
0.930551
0.691259
0.792243
0.746916
1.370807
1.486783
2.535906
0.541180
1.298624
1.575482
2.267796
1.606198
1.013116
0.958566
0.553016
1.438136
1.449129
1.163824
1.136786
2.079808
0.401157
1.778286
0.941949
0.974224
0.874236
0.674896
1.659035
0.499704
0.565962
0.556256
1.851981
1.635903
1.300483
1.421912
1.340233
1.901879
1.178952
1.667302
0.915631
0.883132
1.156362
0.398539
1.052931
2.473776
1.852007
1.937771
1.966177
1.542461
2.706289
1.035421
1.798470
1.464247
1.949509
1.023049
2.147265
0.773167
0.885137
1.381725
1.580710
0.933566
2.121502
0.213355
0.587727
1.440963
1.430377
0.898924
1.174405
1.957250
1.240014
2.231000
1.664211
1.489075
0.341876
0.509544
1.236137
1.947497
0.864555
0.823531
1.389537
1.410212
1.212761
1.695207
1.811127
1.319208
1.057399
2.113670
1.976719
0.615936
1.671879
0.919132
1.221728
0.945466
1.080527
0.339763
0.463718
0.838466
2.238927
0.610435
0.923337
0.800939
0.799061
1.369692
1.783701
1.155349
1.986177
1.667527
0.620746
1.866341
1.982272
1.355227
1.576907
1.683366
2.296513
1.115162
1.365338
1.156398
1.489663
0.899443
0.673460
0.887533
2.014288
0.940655
2.007859
0.656318
1.471789
1.891954
1.079030
1.094581
0.899476
2.067186
0.364533
2.093788
1.222927
1.320646
1.878627
1.162339
0.781667
0.361223
1.232793
1.816700
1.435133
1.278751
0.719387
1.207481
0.569165
1.721985
2.142527
0.783622
1.624570
1.137037
1.390570
1.609569
1.872990
1.166679
0.623784
1.334104
1.055728
1.417233
0.845336
1.937264
1.013259
1.209327
3.055187
0.526327
1.038642
1.813879
0.994579
1.072140
0.226714
2.357727
0.526424
1.568345
0.936931
0.998940
1.061149
2.208776
1.348249
2.159440
1.482708
2.142318
1.806106
0.863360
1.923560
1.665431
1.193160
1.095162
1.870125
1.621501
0.391808
0.458669
1.560615
1.568699
1.001243
2.106740
0.759165
0.915986
0.419116
2.000936
0.979555
1.353955
1.370631
1.458877
0.696667
1.251201
0.854722
2.123431
1.078503
1.741891
1.641304
0.780339
2.315898
0.807513
1.393844
0.705108
2.285248
1.167813
1.194264
0.391841
0.614307
0.702944
2.093694
1.484022
1.504021
1.602753
1.100050
0.903526
1.810087
1.182603
1.412862
1.488293
1.762391
1.612239
1.227499
1.766356
1.707558
2.309047
1.342465
2.325765
1.310490
1.453809
1.052865
0.927487
1.462992
0.699907
1.375883
1.070866
0.779965
2.081185
1.439580
0.530705
1.134898
2.152621
1.080356
1.600489
0.850906
1.169225
1.141863
1.185664
2.480703
1.089236
0.854806
1.352220
1.036018
1.854204
2.688382
2.735793
0.673766
0.774301
2.675368
1.211755
0.415651
0.659406
1.613033
1.014244
0.993352
1.938191
0.932333
0.927719
1.037529
0.179257
0.997502
1.168530
1.089294
1.666083
1.354033
0.911149
1.353340
1.351280
1.653547
0.845562
0.759536
0.506840
1.261978
0.851652
2.792566
1.657591
0.770671
1.116531
2.160922
0.509644
0.964136
1.855306
1.134726
1.322628
1.227730
0.345398
2.495075
2.021234
0.323056
1.335427
1.093080
1.873449
2.237712
1.233512
2.371109
1.525166
0.817825
0.438928
1.419877
2.425353
0.687348
1.109757
0.869856
0.910274
1.147800
0.816671
1.784566
0.748922
0.957968
1.276101
1.057973
1.448805
1.166705
1.574943
1.809004
1.082687
1.306079
0.808218
1.411812
2.003277
0.692011
1.658701
1.903019
0.977448
0.938160
2.166338
0.866110
0.953905
1.866905
1.311157
1.529922
2.084271
1.663747
0.863463
1.305103
0.908492
1.145383
1.297773
1.827816
1.349636
0.773114
1.918656
0.752817
1.779040
2.049487
1.355919
1.387049
0.599874
1.301595
0.836582
0.955612
0.747700
1.641673
1.464225
0.924166
0.734605
1.716218
0.754781
2.367664
1.654719
1.816906
1.011833
0.849295
1.288412
1.254975
0.917030
1.207628
0.380578
1.426256
1.757713
1.201600
2.592771
1.400611
2.241592
2.405401
2.051714
1.709602
0.961231
1.871010
0.360365
1.246077
1.464014
0.506438
0.503287
0.615987
1.788841
2.967335
2.299794
1.467281
1.159509
1.130531
0.977254
1.922149
0.912932
1.619589
1.191723
0.859662
1.235889
0.730005
1.374822
1.286833
1.191490
1.435469
1.052233
0.569814
2.155663
1.366380
1.755318
1.367474
0.938217
1.389431
1.094348
0.966751
2.862256
0.646976
0.772356
1.070005
0.259677
1.259628
1.439338
0.540949
0.562413
1.300518
1.789078
2.232540
2.025545
1.497938
1.244287
0.848137
2.020343
0.782756
0.901637
1.850097
1.998268
1.098510
0.751327
1.395757
1.766116
1.289476
0.993538
1.741844
0.605431
2.239856
2.280413
1.894020
1.010452
0.475772
0.782182
1.957881
1.198853
0.838885
2.145231
0.833330
1.356346
0.895659
0.670559
1.000950
0.616469
0.932773
2.495174
1.197324
1.058599
0.620737
0.952466
1.199538
1.349126
1.893916
1.967150
0.740119
1.730160
0.551259
1.616333
0.775265
2.796581
0.663495
1.166535
1.139441
0.833367
1.706394
1.906807
0.794375
0.531856
0.934744
2.271845
1.786379
0.934861
1.740003
1.397163
1.059037
1.874961
1.893046
0.901730
1.922463
0.598498
1.676610
0.979268
1.381516
0.871623
1.638550
1.165410
1.612381
1.330331
3.187568
2.720827
1.412815
0.746144
1.198871
0.984821
1.025446
0.229169
2.675609
1.449691
1.400679
1.633557
2.276980
1.077029
1.121239
2.273161
1.116308
2.607784
0.771728
0.576823
0.709488
1.841491
1.376981
0.745870
1.546233
0.610893
1.943101
0.599401
2.157875
0.763498
1.860833
1.233538
0.867371
2.612200
1.097772
1.669364
1.017222
0.904087
1.475135
2.056426
1.181037
1.332081
1.799214
1.634989
1.197068
1.535762
1.790017
1.379331
1.498051
1.641449
1.681602
1.129262
1.053066
0.667587
0.633849
1.973963
1.484203
1.438074
1.233742
2.163817
2.052666
0.452667
1.056600
1.357824
0.114359
0.966515
0.969060
1.292714
1.352836
1.577548
0.282770
1.122899
1.520625
1.602048
1.095542
0.799989
1.268366
0.463884
0.889461
1.294438
1.352549
0.913224
2.163621
1.501326
1.260779
1.950326
1.221066
0.582443
0.880349
0.981525
1.140415
0.611645
1.284603
0.720839
0.970533
0.873022
1.700565
0.851446
0.304032
0.835562
1.449035
1.458948
1.501509
1.339346
0.889811
1.858308
1.091778
1.894119
1.471967
1.189629
1.169640
1.821353
0.668917
1.337131
1.467308
0.547674
1.350129
0.724911
1.197047
1.295277
1.210108
0.605028
1.623381
0.845886
0.844919
2.008231
1.413687
1.381795
1.074376
1.169556
0.871785
1.252542
2.030008
1.695330
1.118327
1.686651
1.755588
2.452429
2.473418
1.440978
1.873016
0.299876
1.691820
0.378613
0.375588
2.025006
0.994112
0.446426
1.690018
1.687608
1.244278
0.446892
1.065878
0.798219
0.717111
1.729304
0.630844
0.919658
1.639387
1.209392
1.667611
1.713860
0.911357
1.555665
2.022024
1.367457
1.175961
1.644347
1.272212
1.588945
0.857723
2.119679
1.091761
1.794048
0.845312
1.420003
1.255324
0.836103
1.901644
0.760616
0.935683
0.525427
1.105602
1.756044
3.423082
0.626409
0.660911
2.053544
1.468345
0.710546
0.744483
0.967084
1.598907
2.175087
0.768625
0.809980
1.507789
0.845052
1.708860
1.378514
1.029707
0.683540
1.902523
1.257334
1.002176
1.217244
1.332625
1.553543
2.175227
1.376376
1.682737
0.752095
1.253181
1.498749
1.014500
1.314640
1.674041
1.545062
0.549560
1.211017
1.539526
1.656172
0.803612
1.418925
1.468258
2.253648
1.012470
1.844375
0.429542
1.541403
1.346601
1.644371
1.154034
1.991294
1.114070
1.756354
2.135967
1.694230
1.267661
1.009752
1.411384
1.145424
1.128880
0.791925
0.959547
2.168119
1.319822
2.752028
1.638092
1.085273
2.431972
1.814572
1.763703
2.969142
1.402203
0.632992
1.278890
1.153196
1.497356
0.911303
1.357157
0.913468
0.876037
1.525822
0.615990
2.065140
1.607271
1.588150
1.176398
1.679380
0.803678
0.860177
1.629321
1.499089
1.189625
0.704811
1.202935
0.765915
0.651094
1.180990
0.930305
2.086484
1.128988
