1.525689
0.763628
0.603174
1.498878
2.086886
1.177695
0.504336
1.495157
1.628355
1.974900
1.222779
2.110269
1.548563
0.850993
1.744805
1.759557
1.393805
2.193791
0.426025
0.468666
1.849004
1.082007
0.620603
1.413287
1.522881
1.896524
1.689039
1.628445
2.083725
1.555426
0.948365
1.251813
0.874549
0.640160
1.325653
0.640495
0.953980
1.439547
1.856191
0.127253
2.503094
1.520318
2.220085
1.451326
1.732040
1.666648
1.423427
1.104069
1.319368
1.776602
1.642573
1.312581
1.159207
1.459017
0.661614
1.634468
0.983848
0.522339
1.496688
1.018710
2.222474
1.168572
1.601420
1.641615
1.599432
1.444604
0.570562
1.714400
1.442374
1.061709
1.756126
1.195270
2.595963
1.147271
0.429887
1.656474
0.783827
1.645208
0.879987
0.638964
0.707122
1.233821
0.515693
0.534911
1.108116
1.720302
1.149962
2.393717
1.772707
0.744578
0.981104
1.003458
1.600115
0.721751
0.659999
0.808604
0.525023
1.229140
1.767774
1.012539
0.959314
0.887687
0.761557
1.273289
2.584623
1.939094
1.596051
0.813517
0.885100
2.247892
1.471672
0.781377
0.706713
2.501642
0.846765
1.231280
1.776041
0.599424
1.325005
1.221104
0.751106
1.418246
1.100659
0.787028
1.185647
1.143577
1.054096
0.738727
2.395824
1.128488
1.288171
1.414508
1.604883
1.013602
2.204961
1.474067
1.004030
0.661020
0.848742
1.228155
1.342220
1.693596
1.962441
1.442234
0.484046
1.387272
2.177261
1.674294
0.678819
1.153918
0.553957
1.294871
2.724908
0.457425
1.200051
1.164602
0.090050
0.702849
1.514585
1.366072
1.980901
1.999414
1.913840
0.369908
1.490678
1.237675
2.862226
1.135668
0.475870
1.442995
1.010033
0.947985
1.361174
1.708884
0.837969
1.349421
1.470228
1.506959
1.299086
1.440342
1.375171
0.978114
0.913905
1.711967
1.321388
1.412867
2.113961
2.138381
0.525266
0.953777
0.691215
1.289512
1.694846
2.058276
1.544633
0.973552
1.413110
0.785212
1.761721
0.433057
0.793713
2.022353
0.823014
0.612080
0.722188
0.712228
1.337168
0.934430
0.961127
0.939074
1.804521
0.260520
0.594443
2.005038
1.307945
0.475774
0.911742
1.279819
2.084424
0.715811
1.526562
0.746491
2.140758
1.837747
0.802719
0.655913
1.550236
1.652799
1.168401
1.057791
1.983293
2.052937
1.560344
0.875563
0.594577
2.110591
1.135250
1.539602
0.990982
1.222881
0.200696
1.904576
0.532023
0.512482
2.034548
1.673696
2.110666
2.383338
1.563404
1.122474
0.595619
0.812535
1.075141
0.975454
1.088125
1.162824
0.974718
0.978286
1.170576
0.996512
1.870658
1.437243
0.914606
1.008056
0.925520
0.927756
1.029064
1.669602
2.075115
0.284510
0.801067
1.546621
1.372847
1.829041
1.419614
1.063167
1.282349
0.759621
2.283891
1.076699
0.561937
2.049772
1.754921
1.383495
1.149109
0.970121
1.257379
0.846627
2.396056
1.106954
0.913682
0.933489
0.834006
0.517924
1.480136
1.325132
2.186812
1.245764
0.820682
0.607698
2.356402
1.005255
0.583525
0.810918
1.509052
0.959507
0.809629
1.321388
1.864803
0.304716
1.169959
1.499086
0.511999
1.365252
1.180235
0.500042
1.048029
0.663149
1.863217
1.778690
1.070574
0.829861
0.941069
0.431431
1.104346
1.140916
1.800782
1.679694
0.536075
0.796937
1.342115
2.215485
2.136089
1.187727
0.515692
1.171530
1.196622
1.351484
1.083110
2.466219
1.501469
1.074260
1.564951
1.583724
1.151452
1.266534
0.741104
1.349586
1.431399
0.693675
0.566669
1.931228
0.542215
1.505446
0.796600
1.125624
1.206545
1.328305
1.066605
1.684206
0.912047
1.163103
1.441513
0.901369
1.933369
0.801065
0.327568
1.240553
1.493644
1.445404
1.372386
0.547041
2.138120
1.003329
1.229699
1.659760
1.080628
1.542928
1.102376
1.269295
1.015371
1.892785
0.773800
1.977363
2.802294
0.926790
1.367582
0.176357
1.403907
1.086286
0.904890
1.277639
1.406083
1.620586
1.104906
1.855203
2.127002
1.242346
1.807531
0.678527
0.742770
1.952640
1.135326
1.288994
0.532749
2.030556
1.638773
0.241244
0.915466
1.911913
2.005406
1.607278
0.861808
1.037839
1.580370
1.504613
1.488350
2.166386
0.666037
1.009049
0.941562
1.453571
2.155856
2.097447
1.018876
1.343593
2.076597
0.307212
0.724449
0.396741
1.965988
0.746275
0.887350
1.529916
0.984159
1.026880
1.571343
0.657681
1.068557
1.614538
1.871040
1.410624
1.486827
1.258801
1.680477
0.929924
1.108562
1.669748
1.112896
0.779912
0.904425
1.673062
1.512960
0.239831
2.081901
1.389591
1.196212
1.744708
1.160629
1.098718
1.305848
1.154007
1.141510
1.773554
0.971264
1.239236
0.137954
1.466375
1.830386
1.324250
1.607580
2.027051
1.300185
0.931213
1.399699
1.341379
1.619455
0.865859
1.423791
0.842906
1.121266
1.618802
1.744516
1.080214
1.157027
1.221246
1.372323
1.039175
1.186923
1.285817
0.934872
1.920583
1.041178
1.067282
1.393189
0.837668
1.606959
1.381522
1.098073
0.723312
1.614663
1.334243
1.853847
0.597086
1.088890
0.690727
0.899224
0.903787
0.233548
1.216889
0.641650
0.964045
0.598423
0.865318
2.212777
0.872304
1.592913
1.506886
1.181632
1.591149
1.055314
0.259169
1.359886
1.696739
1.614932
0.875877
0.514225
1.109228
1.731391
1.814960
0.393272
0.924963
1.674529
1.366090
1.062490
1.134910
1.306196
1.340114
1.475455
1.298613
1.627046
1.652834
1.302489
0.652457
1.202899
1.055408
1.998167
3.054255
1.870852
1.269434
1.396971
0.816606
1.805184
2.134269
0.854099
0.648188
2.056941
2.197706
1.571327
0.688917
1.231937
2.577775
2.455764
2.147405
1.088565
1.138769
0.799434
0.519812
1.315662
1.798430
1.701069
1.923212
2.982117
1.824908
2.299959
1.135729
0.632685
1.609190
1.161772
2.108511
0.587692
0.679358
2.511587
1.314247
2.278691
1.096563
0.896105
2.206243
2.168844
1.585023
0.501615
1.449682
1.669355
1.663676
0.733123
1.539916
1.279223
1.297529
1.142716
1.029386
1.788603
1.091212
1.274679
1.958756
0.651031
0.558752
1.310487
0.374406
0.830037
0.614072
1.734097
0.480836
2.000974
0.207695
1.581617
1.594011
1.072654
1.580883
1.052766
1.912450
2.034782
1.913726
0.260480
0.914935
0.491175
1.018645
1.459725
2.309726
1.046198
1.858794
1.556101
1.214688
1.745551
1.684049
1.018209
1.639202
1.141714
1.070983
2.449560
1.179370
1.152777
1.834552
1.011158
1.718900
0.544883
0.907612
1.513350
1.274817
1.500909
0.568841
2.135765
1.119792
1.169478
1.326908
1.865691
1.431921
0.935905
1.164978
1.113034
1.161793
0.715007
1.398881
1.604620
1.598091
1.680759
1.350510
2.466655
1.523990
1.414743
1.398753
1.332082
1.520287
1.432654
1.519452
0.799628
0.768393
2.822061
0.397875
1.650747
1.236055
1.154824
1.105008
1.661241
1.523749
1.521058
0.899328
1.498185
1.174700
0.277321
0.784150
2.293163
1.356684
1.567318
1.006524
0.993769
1.292080
1.445972
2.021700
0.988594
1.343035
2.474478
1.755742
2.367370
0.471949
1.703883
2.169719
2.096123
1.732637
1.573577
0.605839
2.292506
2.197747
1.361972
0.995378
0.651182
1.501349
1.609412
1.429094
0.753098
1.702016
1.666992
1.409909
1.622180
0.440753
1.293892
0.559935
0.442501
1.857723
0.887004
1.590862
2.195368
0.635729
1.163411
0.778004
1.269101
1.290477
1.273630
0.803401
0.704738
1.270086
0.546741
1.544581
1.645457
1.054091
1.762943
1.149741
1.241593
2.357922
0.987134
0.965367
0.938383
1.468705
0.709156
1.093217
1.089961
0.995998
1.580124
0.996683
2.013717
1.275030
1.297586
1.745989
1.539275
1.910715
1.030714
2.362761
0.760765
1.819632
1.713470
2.334670
1.603444
0.392491
1.671855
0.648652
1.081693
1.943739
2.711555
1.475793
2.117161
1.871052
1.550524
1.600115
1.396813
1.599296
1.656997
1.042211
1.031319
0.322645
1.196729
1.593107
1.479975
2.578601
0.531662
1.914781
2.240749
1.612984
1.120240
0.872248
1.351953
1.305843
1.539709
2.168445
0.917478
1.377928
0.748512
0.416500
1.134649
1.242254
0.831605
2.158609
1.069261
1.779704
1.586617
0.665386
0.616676
1.378689
1.092954
0.470320
1.200734
1.197028
1.167313
2.058747
1.339088
1.013608
0.791037
0.606290
1.230679
0.608600
1.270996
2.034416
1.373131
1.294257
1.753739
1.806164
1.646778
1.088750
1.268660
0.159098
1.059901
2.083484
1.532443
0.456512
1.239659
1.975477
1.980614
1.216118
1.369943
1.267522
1.595024
0.974837
0.640452
2.465605
0.857617
1.626848
1.255458
1.285592
1.205337
1.995439
0.805524
0.281970
0.615739
1.995288
1.237836
1.658796
1.771847
1.159960
3.010885
2.465776
1.830591
1.579336
0.848915
1.150633
1.758992
0.677708
1.055129
1.438107
0.704830
0.526568
1.639890
1.156485
1.279363
1.156825
0.412902
1.985102
1.641550
3.087164
1.085955
0.508078
0.644809
1.043060
1.721655
2.325093
1.128621
0.693988
1.958390
0.731647
1.093274
0.770209
0.752957
1.055499
1.819568
0.499973
1.238905
1.280543
1.323624
1.257470
1.968547
0.257277
1.694401
0.844539
1.787813
1.753372
0.659623
0.599024
1.732637
0.796862
2.069945
0.866501
1.151506
1.513987
0.825657
0.643304
0.757883
1.475169
1.318694
1.664436
0.524513
0.989028
1.587429
1.841725
1.069451
1.817062
1.266407
1.504767
1.256742
0.449605
1.265506
2.302686
1.539190
1.678285
0.686094
1.319464
1.254324
0.965627
2.063710
0.944962
0.656238
2.127344
0.931309
1.429148
1.316611
1.826649
1.513548
1.012645
2.205506
2.210140
2.305605
1.741535
2.274872
1.145070
2.061181
2.067315
1.283525
2.043830
1.271524
0.919855
0.671460
1.297409
1.644491
2.038930
1.598790
2.328387
1.649439
2.167807
2.471566
1.837407
2.637878
1.350018
1.345766
2.479287
0.435849
1.823906
1.710675
1.350893
1.205462
1.420232
1.811701
1.484028
0.900946
0.388760
1.128166
1.417670
1.355510
1.589170
1.104388
0.945042
1.005718
1.512621
1.336799
1.956483
1.990657
1.925907
1.911885
1.082865
2.208622
0.489719
0.972737
0.634505
0.810387
1.158600
1.287498
0.819015
1.064436
1.012231
1.377807
0.420412
1.319940
1.355318
1.424847
1.579281
0.545786
0.370494
0.491252
2.805504
1.222478
1.727983
1.426488
0.341602
1.089775
0.620056
1.136942
1.743009
0.757192
0.667525
1.187364
1.807429
1.772772
0.848642
0.992976
1.981910
1.646293
1.592818
1.444037
1.585113
0.637159
1.467862
1.344416
2.066195
1.117038
0.413188
0.896845
2.082607
1.849824
1.206200
3.520149
2.166561
0.950795
1.435671
1.529183
0.600589
0.779467
2.332052
0.655492
2.015531
1.221328
1.261682
2.179354
0.987180
1.101087
2.325494
0.329251
2.372976
1.954162
1.105731
0.847163
1.497721
2.259495
1.156631
1.686326
0.975258
1.446773
1.268342
0.831787
1.382294
0.904696
1.348604
1.534206
2.193138
2.027200
1.826880
2.217228
0.660556
1.949709
1.793471
1.800878
1.007442
0.501771
1.623930
0.576734
1.159023
0.997230
1.367485
0.994209
1.244287
1.065442
1.417544
1.140101
0.945577
1.167637
1.044300
1.906331
1.582527
1.247886
0.877188
1.461643
1.350399
1.003926
2.895673
2.032827
0.956781
0.952777
1.353398
1.528038
1.085607
0.860597
0.823622
1.269805
1.715168
2.092663
1.131842
0.658529
1.121515
1.863704
0.804203
0.964174
1.291614
1.726032
1.395936
1.073779
2.156799
0.851486
0.475840
1.359846
1.410495
2.639663
0.820651
1.200700
1.389974
0.692643
1.957557
2.234490
0.612963
1.028993
1.620774
1.233698
1.269457
1.718427
0.987413
0.821065
2.051843
1.376799
0.833227
0.331347
1.714910
1.134305
1.783835
1.392926
1.902535
0.385733
2.033241
0.598314
1.920002
0.576485
0.709773
0.654267
2.152861
0.930296
1.577934
1.307754
1.355403
0.995346
1.453615
3.077465
1.024121
1.926852
1.266548
2.592441
1.734210
1.099020
1.656215
1.011785
0.952692
0.941997
1.487914
1.141021
1.772849
0.597671
0.916326
1.168311
0.883939
0.945898
1.518864
0.709380
0.657662
1.362911
1.247792
1.180962
1.074959
0.746509
0.282546
1.937519
0.267665
1.050153
1.315795
0.855402
2.196846
2.230026
0.462805
1.787623
0.681991
1.470433
1.180323
0.274264
1.017201
2.084298
1.485181
1.830183
0.875459
1.010230
0.752950
1.766132
0.352021
1.036069
1.410196
2.169036
0.767528
1.526131
0.737078
2.677473
1.456495
1.002818
1.149341
2.075436
0.341811
0.731716
0.277371
1.503125
2.307767
1.228633
1.329744
1.875025
1.814771
0.894235
2.500359
0.566218
0.815500
0.439889
2.511809
1.057073
1.395489
0.943664
0.931357
1.801901
0.409695
1.195798
1.024903
1.315496
1.696136
2.251295
0.983428
1.479851
0.645225
1.158198
0.902466
0.714527
1.270104
0.992140
0.534008
1.216551
1.511918
0.919656
2.206725
1.183996
1.949922
1.300568
0.477857
1.083712
0.602533
1.704595
1.155778
1.536014
1.783098
0.954765
1.504846
1.222275
1.587418
0.719044
1.807236
1.169441
1.645180
1.055494
2.516808
2.761799
0.826913
0.693107
0.466055
0.797797
1.154380
1.759786
0.988661
1.372871
1.239157
1.305484
1.141678
1.203104
1.003873
0.381846
1.022930
0.692754
2.364136
1.056076
1.667990
0.826794
0.413756
0.675813
0.409851
1.074302
2.328908
1.350581
1.007735
1.810718
0.895191
0.909891
1.380910
1.565303
2.097821
1.706532
0.831367
1.303891
0.763135
0.907119
0.895056
1.604362
1.732070
1.750567
1.891405
0.937683
1.854749
1.563171
0.643535
1.205157
1.647289
0.372798
2.630562
1.746029
1.144647
2.272601
1.261258
2.125159
1.460607
1.793314
1.579287
0.820955
1.510181
0.813222
1.827063
0.202090
0.960566
1.245614
0.748191
0.532982
1.266660
1.494290
1.141976
1.815983
1.239270
2.098976
0.721464
0.607342
1.260850
1.650230
0.632520
1.124739
1.916381
0.835564
1.294858
1.808545
0.707972
0.602225
1.153083
1.173746
1.347963
1.023276
2.241656
1.556122
2.501010
1.989134
2.857815
0.831890
0.548167
1.314111
2.039193
1.222017
1.445856
0.186723
2.213539
1.322971
1.756586
1.616158
2.489720
1.108884
1.642567
1.161074
0.829491
1.221985
1.488336
1.167378
1.589964
0.759674
1.321706
2.067004
1.985315
0.897418
1.009379
1.843638
0.783844
1.369815
2.246709
1.902176
1.350286
1.851605
2.254401
1.159631
0.930873
1.384898
1.496409
1.029523
1.424901
1.419995
0.621348
1.475932
1.749692
1.400121
1.552832
1.496937
0.310473
2.587250
0.867007
1.893184
0.920832
2.088065
1.386861
1.030136
0.739541
0.785820
1.405830
0.930297
0.705212
1.944211
1.906901
2.146599
0.880200
2.083001
0.532372
0.557875
1.088245
1.507682
1.151708
1.304628
1.442776
0.580574
0.528678
1.230196
1.187392
1.055833
0.785334
0.693268
2.076186
1.120308
1.596568
0.545594
1.717518
1.059783
0.568222
0.801523
1.118465
0.410922
1.912888
1.761621
1.098892
1.198305
0.971899
1.770910
1.293852
2.058123
1.174918
1.477244
1.072165
1.389456
2.089646
1.755946
2.233961
2.248977
1.468869
1.521349
0.895558
0.865257
1.696670
0.912477
0.492034
1.331175
2.722907
0.936772
1.183139
1.819448
1.215314
1.220449
0.321042
1.045309
1.325263
1.237892
0.733234
1.565984
0.602073
1.055743
0.315107
0.733151
2.635736
1.262692
0.839672
1.275070
0.752827
2.061439
1.510399
1.044565
1.660428
0.386443
0.525463
1.561931
2.383783
0.960909
1.888388
0.844897
1.220853
0.487475
1.059649
1.488519
1.036019
1.012676
1.232077
1.292852
0.730084
1.539516
0.922703
1.725051
1.544196
2.320599
0.569318
2.168466
1.594786
0.992309
1.047684
0.334727
2.168237
0.595889
2.903002
1.583482
1.665291
1.967325
1.725864
0.981851
0.663850
1.172873
1.722077
1.209586
1.190313
1.138973
1.572067
0.543511
2.070362
1.372525
1.428982
1.171160
1.248138
1.271378
1.255622
0.619335
2.010645
0.997653
0.297015
1.176872
1.451505
0.946355
1.016828
0.965412
1.708102
1.684861
0.329420
1.318720
1.299531
1.680366
1.261523
1.380933
1.267901
1.115468
0.558145
1.039156
1.911519
2.619127
1.862424
1.072270
2.659065
0.548846
1.244330
1.192388
1.564594
1.127059
1.394390
1.975622
1.695566
0.466304
2.039473
1.523676
0.698618
2.096993
1.575102
2.167309
1.662540
0.624605
1.045364
0.922896
2.193280
1.008237
0.541276
2.190237
0.920887
0.856536
1.106498
0.717123
1.098384
1.314372
1.005424
1.521467
2.528378
1.520137
0.986650
0.633608
0.956237
1.420471
1.167665
1.283072
1.072421
1.046018
2.444146
1.801966
2.264426
2.404243
0.635306
1.279383
1.090673
1.218328
0.921955
1.437237
1.245258
1.559528
1.305962
1.275174
0.735439
1.189679
0.690674
1.151784
0.772162
1.870365
0.929013
1.158996
0.753013
0.862607
0.819621
1.280815
1.660489
1.579906
1.217309
1.625456
1.661281
1.227380
1.173823
0.377300
0.916378
1.520786
2.090477
2.088281
0.963510
1.781513
1.396156
1.741728
1.150943
1.569930
0.956018
0.581865
0.801417
2.117523
1.551747
0.729079
1.900182
2.408616
2.356906
0.435622
2.132925
0.958485
1.378463
0.248800
1.342399
1.598619
0.745632
0.795019
0.661508
1.027991
1.308740
2.200100
0.972633
0.986220
0.949940
1.732042
2.115472
2.502141
0.431862
0.939051
1.364066
1.383492
0.863984
1.555510
1.832499
1.853050
0.748956
1.368560
1.546413
1.901673
0.937203
1.139331
1.551005
0.552999
0.594939
1.385534
0.921325
1.043270
1.298343
1.123284
1.862703
1.506116
1.107543
1.426574
0.643628
1.848487
1.981012
1.745519
1.184570
0.903924
0.776824
0.644051
0.935528
0.683505
0.811363
1.346615
0.713836
0.860126
0.525306
0.774140
1.670039
0.544587
0.657285
1.060899
1.592104
2.685383
0.860004
1.294648
2.236076
1.447668
1.623213
0.983110
1.311088
0.434552
1.095161
1.254930
1.108983
1.040286
0.726951
1.652859
2.165092
2.435154
1.198740
1.490140
0.440538
1.197417
0.887475
0.361670
1.209322
1.195873
1.915276
2.633429
0.855588
1.443768
1.652311
1.371867
0.605764
2.006933
0.462658
1.636729
1.170737
2.255404
0.889036
0.767396
0.912886
0.594241
1.096625
0.764256
1.242789
1.407201
1.282943
0.734529
0.899231
0.533469
1.660519
1.585951
1.327481
1.357424
1.305048
1.765849
2.186248
1.011920
1.132292
1.168582
0.783663
0.668214
0.761496
0.728792
0.439151
0.649738
2.119672
0.656038
0.586084
1.078102
0.958427
1.051977
2.270092
0.941904
1.528114
1.930477
0.832490
1.901964
0.640312
1.814658
1.171056
1.080873
0.790930
1.631226
0.210015
1.158345
0.969291
1.482396
0.730781
0.446824
1.194453
0.904439
1.101964
1.763625
1.414537
0.882952
0.861300
0.946070
0.536269
1.533685
1.425712
0.980198
2.035129
1.155327
1.217351
1.427537
1.047174
0.501052
0.215624
0.795930
0.990841
1.540214
0.824418
2.356417
1.395372
1.479693
1.114621
0.917247
1.291245
1.422182
0.913150
1.907356
1.347030
0.454695
1.249436
2.204374
1.415263
1.035123
0.223313
1.157330
1.219336
0.908339
1.262573
1.255770
0.521861
1.430497
0.674320
0.643615
1.998490
1.755481
0.613106
1.333295
1.037747
1.327838
1.911716
1.671864
0.487817
0.646511
1.305784
1.096472
1.049244
0.584801
0.410478
2.050567
1.766409
0.591267
2.564386
0.649114
1.805638
1.892026
0.677963
0.685845
0.954276
1.418137
1.932481
1.293759
1.638918
2.023587
0.880326
1.363488
1.055342
0.554333
0.831791
1.299299
1.142225
0.774690
0.432582
1.261816
1.916849
1.347911
1.245809
0.844584
2.233081
0.667782
1.100018
1.698266
1.088366
1.159232
0.771522
1.732306
0.823291
2.007605
0.703549
0.760031
0.557659
0.996153
2.041230
1.758272
1.938589
0.699081
1.248140
1.158990
0.565009
1.457808
0.657466
1.648909
0.926739
1.841515
0.450081
0.384775
1.413413
1.388273
0.738105
1.512325
1.069789
1.099404
2.239817
0.545548
1.090663
3.097612
1.126469
2.403690
1.157372
1.656246
0.649984
1.139461
0.854333
0.972438
2.149550
0.662388
0.963338
1.161380
0.957810
2.337047
1.709528
1.087490
1.674493
1.512625
0.987618
0.778652
0.392976
0.720613
1.431369
1.272938
0.237967
1.062204
0.691987
1.103851
1.140811
1.634497
1.546292
0.711343
1.993145
2.486849
0.985301
1.488680
1.439582
0.571297
1.013437
0.472585
2.123532
0.819090
0.141045
0.988771
0.535294
1.391784
0.790301
0.737070
1.079785
1.531976
0.429191
1.313236
1.967291
1.182230
0.642396
1.908963
0.524546
0.548165
1.511198
1.822765
0.796500
0.867337
2.226625
0.681209
1.536124
2.547386
1.219353
1.652916
1.053856
1.906208
1.251855
0.673873
0.964507
0.616158
1.864758
1.773562
0.237199
1.359248
1.685218
1.653567
0.600762
0.867825
1.814894
1.751510
0.986980
1.375527
1.428776
0.936868
1.054894
1.985958
1.040993
1.948116
1.702678
1.812787
1.022937
1.047552
0.779904
0.640788
0.673380
1.195078
0.467681
1.704096
1.302857
1.388307
1.545205
1.186496
1.483481
1.039510
2.700011
1.291621
0.758200
1.067739
1.252816
2.531960
1.828020
1.263321
1.778090
2.160178
0.506873
1.443414
1.506458
1.505723
0.881814
0.960504
0.698007
1.239940
1.348458
1.473587
0.559264
1.220511
0.787869
0.742781
1.076890
0.662564
0.275347
0.670328
1.643867
1.094171
2.013693
1.472702
1.912778
0.607373
0.453475
1.668148
2.175221
1.095308
0.708078
0.789269
1.115881
0.931305
0.868429
1.762506
1.723932
1.168179
1.546661
1.780301
0.784228
0.991658
1.754021
0.417932
1.565300
1.215235
1.017334
1.475740
1.004757
0.777924
1.499999
0.939550
1.169705
1.133486
1.130829
1.167178
0.799447
1.796808
0.599911
1.013725
1.036348
1.167639
1.121601
1.722214
1.525516
1.337460
0.883450
1.012640
1.642999
0.843340
0.187825
1.576323
1.194906
1.063721
2.081966
1.812695
1.287989
1.395890
0.643593
1.090908
1.767426
1.012941
1.741544
1.017935
1.328177
1.638263
1.166771
1.434597
0.927218
1.677022
1.260531
2.498876
1.520589
1.213701
2.207054
0.953239
0.613292
1.661443
1.179687
1.208314
1.720062
1.248128
1.788066
1.050386
1.896115
1.865734
0.375875
1.525578
1.223300
1.799108
1.216879
2.172124
1.633672
1.228975
1.070493
0.511766
1.174333
1.454619
1.298532
2.014717
1.016966
1.166306
1.253225
1.073534
1.395555
1.775111
0.636315
1.203124
0.618719
1.707471
0.390954
0.337031
1.832095
1.419539
1.138076
1.670286
0.942120
2.112839
2.006129
0.393813
1.303871
1.248591
1.754106
0.792404
1.127723
1.337459
0.701158
1.338598
1.854457
1.812647
1.554736
0.336272
1.721960
2.153756
0.410074
1.747401
1.395808
0.797217
0.735852
1.004524
1.191592
1.459359
1.845627
0.959597
1.167815
1.112149
0.792567
0.605192
1.539466
2.424173
1.808579
0.457534
1.031927
1.070902
1.169783
1.344995
1.592116
1.257975
1.746251
1.424191
1.482961
1.580337
1.419607
2.118067
1.485320
2.439759
1.635898
0.641579
2.747841
1.002255
1.108929
0.947281
0.770447
0.437383
0.953857
1.218294
0.875990
0.778881
0.529045
1.992266
1.949132
1.328535
1.135066
0.434511
1.560221
0.692370
1.138550
1.567118
1.479436
1.236794
1.879590
0.615159
1.273572
1.906767
1.475755
1.193243
0.801519
1.240049
1.031229
1.395433
0.976523
1.209306
2.309363
1.277810
1.198113
1.488944
0.806480
1.887576
1.349917
1.593973
1.483875
2.846052
1.529705
1.851201
0.861988
0.890730
1.011990
1.414869
2.414799
1.054027
2.835479
1.150609
0.420232
1.763673
2.585916
1.039036
0.836199
1.567879
0.499307
0.878903
1.406510
2.107820
1.697570
1.547906
0.830068
0.922563
1.413172
0.891286
0.594510
1.854314
1.729650
1.627109
1.753797
2.738819
1.135512
1.915494
1.291901
1.090868
0.484984
0.801320
2.368582
1.475191
1.849074
1.626864
0.734328
1.833590
1.007250
1.044971
1.909273
1.232488
0.500879
1.609201
1.630899
0.532726
1.012357
0.314909
1.211005
1.302666
0.494102
0.484779
1.597711
0.930672
1.537979
0.477745
0.473108
2.128094
1.379228
2.164160
1.378273
0.889975
1.293083
1.817373
1.265247
1.091920
1.265456
0.727304
0.955319
1.866734
1.955655
3.458359
0.657024
0.811194
1.497278
0.833825
1.351599
1.455302
0.593878
1.424955
0.913587
1.635652
1.168655
1.864346
0.824850
1.992915
0.911784
1.555974
0.912257
0.974186
2.097463
1.576492
2.485036
0.896642
1.886460
0.740232
0.647740
0.922625
1.278630
1.309499
1.737563
0.681946
1.039274
1.314859
1.540490
2.177587
0.820243
1.223036
1.012336
0.911973
1.472663
1.392083
1.924190
0.939378
1.363512
0.736472
1.260363
1.450140
0.447513
1.774954
1.895293
0.806399
1.027163
1.358767
1.564610
2.342352
1.731560
1.314981
0.935523
0.408983
1.266465
0.884441
1.276573
1.509222
1.085770
0.497228
0.873837
1.614896
0.944189
0.491465
1.141085
1.111511
1.440902
1.498783
0.758554
0.629961
1.339076
1.816043
0.331443
1.096146
0.971406
1.864380
0.962646
1.076063
1.094602
1.807605
0.516335
1.045812
1.528169
1.317386
1.669296
1.610340
0.580562
1.870785
1.396493
0.768785
0.296517
1.993003
1.450750
1.479447
0.733018
1.367646
2.806506
2.586203
0.858246
0.780900
1.235476
0.859226
1.583013
1.302067
0.595103
2.768047
1.615376
1.370668
1.023153
1.583776
1.219328
1.168482
1.377183
0.780601
1.341345
0.623154
0.839017
1.725059
1.490398
0.832560
1.003734
0.868996
1.325055
1.067769
0.775687
1.453894
1.032900
1.094329
1.382827
2.385571
2.242653
2.171506
2.024307
0.663392
1.064817
0.902264
1.313985
1.430477
1.588374
1.538835
1.563959
1.342773
0.580943
2.727722
0.454015
0.406318
2.225169
1.196728
1.402052
1.018237
1.311448
0.867049
0.996122
2.296848
0.778096
1.464063
1.618125
1.242893
1.194029
2.075969
0.998757
0.952744
1.530844
1.735068
1.356535
1.157964
1.227801
1.283374
0.935187
0.370767
2.055283
1.321721
0.802210
1.549585
1.900057
0.819342
0.611692
0.557753
1.287106
1.266816
1.227007
2.285784
1.496792
1.198546
1.754791
0.997030
1.798188
1.172174
0.652697
0.744948
1.151279
1.533708
0.515271
1.881836
1.597358
1.597567
1.098441
0.599077
1.807606
0.977148
1.882142
0.362948
1.129065
0.923263
1.513361
2.004800
0.377937
1.466166
1.273723
1.705367
1.078924
0.686944
1.080877
1.187848
1.018271
0.973432
2.354058
1.076544
2.141655
0.530581
1.046966
1.553549
0.956385
0.979233
0.490809
0.767033
1.701614
1.567771
1.877645
1.142765
1.813338
1.435726
1.069536
1.118987
1.454042
1.401764
0.904663
1.524958
1.118664
1.585435
1.258219
1.022235
1.087696
1.231781
1.980229
0.865412
2.076290
1.130308
1.359779
0.675421
0.216210
1.626671
1.076930
1.671424
1.209877
1.478248
2.045723
0.970528
0.921597
0.615280
0.626245
0.711861
0.547125
0.980575
1.036684
2.200985
2.114969
0.756258
1.349146
1.165371
1.404693
0.846271
0.573176
1.523775
1.231863
1.299750
0.766295
1.148755
1.260482
0.891300
2.169721
1.041462
0.836217
2.060064
0.183975
0.817487
0.681121
0.837649
1.763397
0.705437
2.526564
1.112534
1.233551
1.025831
1.903547
1.202061
1.069167
1.019149
1.328793
1.166142
1.329591
0.508128
0.801157
1.259382
1.099874
0.452109
1.166929
1.310122
0.922213
1.175938
0.776739
0.567367
1.861896
1.659233
1.601540
1.392825
1.676544
0.480832
0.935801
1.701759
0.608419
1.481665
2.089150
2.152547
1.289071
1.097872
0.703271
1.243792
0.867652
0.995261
1.159557
1.901220
1.007581
1.239087
0.919398
1.735487
1.852458
1.069880
0.566806
0.621193
1.523701
0.521369
1.812056
1.171643
1.443048
1.586667
0.643227
1.124446
1.561359
1.455851
0.955371
1.326180
1.515434
1.706650
1.038989
1.161200
1.233583
1.179729
0.912452
1.730567
0.530850
1.105373
1.302489
0.716466
1.625635
1.785717
2.160006
0.826449
1.137198
1.372495
1.498926
0.837136
1.810546
2.569751
0.853529
1.660647
1.386163
1.066251
1.015533
2.227439
1.909928
1.137509
0.748792
1.781400
0.965436
1.183254
0.520762
1.640407
2.150643
1.960995
1.240578
1.899529
1.548472
0.699100
1.717743
0.980644
0.623014
1.412037
1.436909
1.236341
2.291623
0.748147
0.973372
1.364420
2.189703
1.507806
1.639764
1.030363
1.057833
1.066628
0.544767
0.921429
0.780565
1.032985
0.583537
0.404981
1.924249
0.579008
0.894863
1.730614
1.015868
1.352898
0.775750
2.171775
1.015183
0.756000
1.076174
1.843434
1.678846
0.698483
1.977737
0.864369
1.126372
0.793339
0.887869
1.627569
1.001172
1.505636
0.710413
1.417024
1.501416
2.088560
0.484797
0.905196
1.577596
0.728474
1.133071
1.191940
0.419225
0.377383
2.399231
1.317138
1.617659
1.265045
1.129752
0.530275
1.201052
2.318730
0.528847
1.359517
1.179688
1.772595
1.309066
1.972983
1.403218
0.593935
1.482387
2.005688
1.313515
0.709738
2.687438
1.642803
0.915453
0.635107
1.790646
1.891956
1.264317
0.890645
1.087845
2.254695
0.644106
2.501688
0.718334
1.774649
0.598735
0.717740
1.406760
1.045274
1.616974
0.731893
0.777496
0.999435
1.331804
0.415347
0.873845
0.898562
0.888877
1.477043
1.975173
1.202468
1.329184
0.653316
2.289768
1.622524
1.000420
0.590666
2.215764
1.212341
1.310370
1.320894
1.543931
1.159645
1.257271
0.541256
1.312786
1.761171
2.202767
2.453757
0.661087
0.841220
1.078384
1.486310
2.217470
0.985366
2.274504
0.520124
1.724894
0.731445
2.243710
0.799673
0.390565
0.448553
0.954750
1.810934
1.910279
2.022032
1.377540
2.616260
0.593805
0.888015
0.913419
1.053251
1.639922
1.176292
1.738896
2.106376
1.843993
1.472403
0.825785
0.883967
1.196111
1.565428
0.826975
2.401734
1.089265
0.293701
0.665566
1.230256
0.420578
2.543282
0.780573
1.717549
1.711415
1.357086
1.704400
1.243602
1.574485
0.932583
1.278656
1.113838
0.963465
1.440895
1.505132
0.746422
0.770479
1.638908
2.286128
1.616527
0.911922
1.140936
0.801755
1.790687
0.824527
1.529384
1.392526
1.547903
1.172053
2.146797
1.412982
0.595321
2.675934
1.467180
1.749974
1.558761
0.820245
1.538088
1.790854
1.206740
2.798160
1.083398
1.407711
0.847834
0.622468
0.959018
1.265413
1.085099
1.160934
1.541007
1.863060
1.069067
1.262777
1.410891
1.804629
0.857894
0.480720
0.890375
1.649850
1.253135
1.330497
1.805964
1.444303
1.215026
1.193998
2.154258
2.560506
1.901820
1.331039
0.580101
0.853734
1.838693
1.885715
1.598938
2.129601
0.910102
1.121864
1.114217
0.750978
0.934816
0.685923
0.885353
1.295297
0.783001
1.672685
1.132782
0.989904
1.218788
1.361495
1.665819
1.413466
1.438644
1.696840
0.931519
0.647225
2.142004
1.221042
1.590224
2.139401
0.943616
0.721750
1.570720
0.504588
1.185851
1.791355
1.351003
0.520744
0.668454
1.319070
1.187576
1.643915
1.415551
0.425803
1.087750
0.819258
1.179113
2.668113
0.910096
1.711970
1.450970
0.936172
1.115462
0.571001
0.963637
1.643092
1.903139
1.070485
0.348215
0.973104
1.418791
0.970524
1.318880
1.965551
0.946918
2.066374
1.275055
0.882958
1.717685
1.962700
0.713640
1.116215
0.363777
2.117434
0.448173
1.081343
0.882374
1.363115
2.192998
1.529292
1.575193
0.546789
1.366543
1.711030
1.179639
1.189807
1.752510
1.657507
1.560722
1.171760
2.076159
0.559904
1.823305
0.519688
0.804931
2.055180
1.147172
1.046532
1.524113
2.231511
0.742614
1.120075
1.386534
0.519393
2.602803
1.390657
0.513208
1.688406
0.827669
1.624302
1.042573
1.691350
1.949010
0.683816
1.587638
2.533148
0.903408
1.307135
2.315872
1.647962
1.284024
1.011127
1.177104
1.167690
1.247995
0.809812
1.876655
1.058082
0.658688
1.845003
1.646336
2.816372
0.996176
0.997271
0.830874
1.105747
1.237684
2.018529
0.940244
0.696673
0.966787
1.090419
1.655713
1.040821
0.754974
1.661479
1.205708
1.710221
0.986708
0.975807
0.683109
0.765030
1.847392
1.319131
0.961076
0.676752
1.267613
1.935024
1.333917
1.657747
1.381526
1.073199
1.636071
1.886042
1.461155
1.266891
0.867051
1.165375
1.296018
1.166628
2.572282
0.805559
1.005897
1.784945
1.248305
0.507878
1.607473
0.727678
0.597916
0.930291
2.723562
1.307495
0.833118
1.409678
1.169049
1.439028
0.816317
1.667955
0.916129
0.126632
1.434695
1.370349
1.214339
0.597641
1.339417
1.154256
2.612194
1.093384
0.952358
1.748674
2.413122
0.834784
0.503770
1.343278
1.980418
0.739089
2.796067
0.784991
1.469293
1.420948
0.945834
2.382080
1.227734
0.115119
1.346246
0.623956
1.232992
0.827270
0.782365
0.904266
1.366763
1.889883
0.521035
2.296325
0.741090
2.278900
1.979461
1.701565
1.694817
1.067022
1.506341
0.627039
0.589422
1.163150
1.187751
1.800866
1.236654
1.791508
0.557541
0.896393
0.942682
1.553790
1.955448
1.396806
1.533380
1.544864
1.706151
1.789518
1.913136
0.398654
1.646481
1.079356
0.657137
2.878579
1.432094
1.276188
1.413828
1.333134
0.589530
0.914075
0.794989
1.256497
1.429968
1.098429
1.332410
1.120361
1.251218
2.113391
1.889734
1.472803
1.165374
1.569784
0.905243
1.403023
1.413006
2.138169
0.400965
1.014865
2.000961
1.834851
2.098540
0.799624
1.780749
1.839095
0.506333
1.513872
0.425698
0.905668
0.858377
1.004806
0.570827
1.684580
0.821964
1.242724
1.113240
0.970777
0.168608
1.190742
0.999914
1.707219
1.117980
1.890870
1.456544
0.535219
1.419615
1.166930
0.934358
1.261261
2.662230
0.478834
1.094572
1.370630
0.244370
0.444539
0.870507
1.809479
0.820620
1.655016
1.079263
2.176394
2.342783
1.441759
1.601973
1.945373
1.289775
0.744061
0.799509
0.654524
0.872025
0.574198
1.189567
1.203909
1.187786
0.771763
0.854663
0.744461
0.838720
0.674468
2.093068
1.095142
1.850533
1.079103
1.322643
1.900194
1.062695
0.806997
1.209927
1.108018
1.759785
1.702680
1.182037
0.784139
1.344819
2.244302
1.072460
1.181181
1.595542
0.954531
1.169665
1.341778
0.487416
1.891020
2.985257
1.299188
0.753286
1.988691
1.132278
1.875639
1.195068
0.992992
1.606910
0.470948
1.034659
1.236078
0.393847
1.196135
2.371162
1.146739
0.311656
1.964689
0.407917
0.984686
2.237876
1.438659
1.150346
1.077802
1.522853
1.246239
1.229664
0.795854
1.432423
1.200484
0.920469
1.422807
0.747232
2.013462
1.896515
0.631140
0.585147
1.400524
1.902920
2.396644
1.260455
0.530067
0.709965
0.941029
3.200208
1.556669
1.142200
1.187088
0.699086
1.701307
1.327588
0.743138
1.334612
1.197677
1.408376
0.842279
1.837787
0.774694
0.835359
1.833260
2.142627
1.914679
1.960359
1.840954
1.859494
1.932914
2.404721
1.439436
1.407378
1.777645
1.242506
0.425752
1.623100
1.063878
1.552972
1.230917
1.011521
1.589366
1.869971
1.093254
0.926136
0.942276
1.763711
1.146508
0.677065
1.221952
1.296858
1.281717
2.390569
2.156064
0.959986
1.379159
1.107753
0.940767
1.047746
1.315104
1.062700
1.444964
0.792354
1.188704
1.558042
2.304577
2.211610
1.222925
1.645136
1.653932
0.904702
0.517805
1.227773
2.432013
1.315884
2.295752
1.973231
1.381881
1.539460
1.370365
1.631700
2.415565
0.487258
0.843039
0.597321
1.501224
1.417735
1.020412
1.604584
0.897934
1.723905
1.306800
1.765921
1.256847
1.277529
0.548643
1.102009
1.915994
1.826200
0.469134
1.570286
0.640363
1.003696
1.347165
0.999680
1.047647
1.595514
1.336553
0.941566
1.040758
1.994846
1.414220
2.136248
1.855116
0.361410
1.329523
1.319143
0.634749
0.668442
1.381375
2.076282
1.264523
2.182323
1.226222
0.364834
0.601800
1.324274
1.052625
2.743192
0.527746
1.108912
1.342859
1.537517
1.630838
1.559262
2.118691
0.986046
1.323906
0.742639
1.062636
1.387107
1.306227
0.878201
1.594945
2.195224
1.422384
1.659083
0.922911
1.115418
0.930362
1.633197
1.502453
1.321011
1.261053
1.609939
0.202848
2.096507
2.314761
0.504972
1.881819
0.492502
1.242266
1.254101
1.002505
1.294445
1.638340
0.489027
1.233785
1.210046
0.729887
1.044528
0.657630
1.307621
0.928054
1.318096
0.997979
1.449657
1.193439
1.248140
1.261117
1.818206
1.723490
0.631289
0.774365
1.075380
0.935809
1.145929
1.213204
1.724692
0.974968
1.691277
0.541611
0.887864
1.078476
1.493145
1.364638
1.786199
1.064329
2.041325
2.052144
0.769514
1.248499
2.278259
2.148181
0.975072
1.907244
1.460684
2.401290
0.974901
0.923838
0.450275
2.126744
2.045645
0.635221
0.744835
2.070227
0.979965
1.912311
1.727382
0.826041
1.085121
1.256039
0.650532
0.554773
0.872411
1.113339
1.653093
0.699993
0.666330
1.572942
1.146509
1.763390
0.993267
0.786173
0.162269
1.172778
0.451416
1.362436
0.760803
1.893550
1.331304
1.815816
1.852350
2.545247
1.111367
0.685512
0.738881
1.323067
1.856999
1.354966
1.604303
1.077095
1.339127
0.751979
0.695687
0.449957
1.713201
1.883634
0.671585
1.327977
1.636717
0.986532
1.246886
1.803238
1.051591
1.938762
2.027784
1.310177
1.072323
1.659439
1.246822
1.989861
2.252261
1.901395
0.483714
0.391454
1.626416
1.086455
1.793824
1.055567
0.502305
0.704257
1.346570
1.650110
1.123872
1.363682
1.572760
0.516937
1.104803
0.449988
1.141071
0.542553
0.497772
1.023780
2.092306
1.236679
1.840573
1.633077
0.398402
1.179823
0.513599
0.469867
0.833798
1.413661
1.652003
0.197126
1.505246
0.771594
0.398484
0.813245
1.391767
1.759152
0.896483
2.720995
0.723620
1.338567
1.225374
0.772361
0.233450
0.730140
1.313624
1.442752
0.694941
0.604027
1.671168
2.469196
1.331406
1.804397
2.069841
0.853395
1.133934
2.381852
1.818166
1.452832
2.166501
1.373544
1.212888
1.483983
1.564502
2.157500
1.120885
1.056174
0.346764
1.993935
0.640847
1.520493
1.214755
1.483534
0.667016
1.998218
1.232061
1.295992
1.545014
1.011810
0.741319
1.045002
1.253490
1.893035
1.393221
1.453527
2.583221
1.028810
1.089820
2.082241
0.536407
1.322475
1.048543
0.529913
1.952305
2.046469
1.912742
0.677374
1.545034
1.177825
1.610448
0.542054
1.571366
1.933717
2.456656
0.338313
1.554234
1.188952
1.325862
1.549955
0.784427
1.183767
1.538862
1.630764
0.844221
1.182869
1.661588
1.908489
1.447062
1.066074
1.248966
0.242546
0.286864
1.209324
1.956377
0.584198
2.558257
2.687524
1.620782
1.787889
1.424293
1.185676
1.276702
1.085285
0.769156
0.926227
1.557005
1.404572
1.353564
1.398322
0.528982
2.834380
0.477117
2.187573
1.047419
1.252301
1.502043
1.092185
0.987609
2.014881
0.573129
1.313718
0.594036
1.365772
0.241667
1.294058
2.988760
1.046050
2.018041
1.676876
1.483455
0.965672
0.347082
0.760465
1.270324
1.829061
1.456712
1.305042
1.558113
0.436457
1.168007
0.851747
1.166314
1.611371
1.255120
1.871439
1.666372
1.540541
1.150957
0.746499
1.896219
1.397270
0.494629
0.397559
1.896540
1.020399
1.157650
1.670243
0.627821
1.049125
1.652386
0.948560
1.292692
1.104163
0.816532
1.352868
0.529757
0.490635
0.319794
1.984348
0.789369
1.623262
0.222381
1.462351
2.236197
1.661312
1.769553
2.014653
1.397088
1.897132
1.765093
1.477395
0.683394
1.700539
1.098737
1.233117
2.287212
1.046754
0.404550
0.973832
0.794607
1.192901
0.900413
1.309904
1.752287
0.706318
1.993347
1.268736
1.386047
0.673322
0.554989
1.157453
0.399091
1.698335
1.146484
1.309518
1.121391
1.508990
1.633582
1.010918
1.006072
1.155521
1.294017
1.797961
1.590478
1.501038
1.295452
0.763082
0.890808
1.586104
1.199605
1.477183
1.382885
1.615319
1.215721
0.957391
1.585898
1.810086
1.925108
0.899490
1.259712
0.330168
1.374302
1.044918
1.154339
0.881843
1.664566
0.773395
1.883783
1.296068
0.808543
2.237266
1.126841
0.726314
2.228992
0.722657
1.179195
1.142591
2.836303
0.567918
0.889532
2.335541
0.667233
2.418358
1.637884
1.805330
1.637308
0.503071
0.685490
1.083304
1.872131
0.493923
1.764404
0.605994
0.914719
0.942852
1.504298
1.870446
1.240134
1.308934
0.444633
0.600052
0.485911
1.455310
2.029428
1.996298
0.598034
1.505618
1.685631
0.814002
0.832606
1.026344
1.912883
1.699607
1.265219
1.781056
1.312883
1.723478
0.892444
0.426615
1.669814
0.997920
1.797113
1.959252
1.561163
1.522227
2.214948
1.691313
1.183705
1.735730
1.519723
1.524645
0.628458
0.372068
0.374371
1.173618
1.002137
1.329988
0.343058
1.593344
0.677646
0.867983
1.331564
1.222277
1.845992
1.166370
1.663066
1.331871
1.233594
2.066480
0.855412
1.875824
0.779856
0.889584
1.457322
0.973788
2.156513
1.739802
0.735159
1.155468
1.510235
1.397134
1.477560
0.313169
0.424316
1.099952
1.838309
1.563452
0.943859
1.040598
1.048282
1.604727
0.895740
1.238710
0.996286
0.807104
1.189291
1.929848
1.726159
1.099079
1.554598
0.453680
0.977686
0.794842
1.205741
1.439012
1.151452
0.934549
1.198340
0.838189
1.973255
0.949419
0.607187
2.064684
1.998958
2.624925
0.366577
1.152173
0.849481
1.199962
0.630938
1.014525
1.198489
0.987943
0.950515
1.346508
0.990048
0.781972
1.199177
2.023674
1.294063
0.899459
1.075607
1.951776
0.622893
1.796182
0.510744
1.294500
2.507878
1.792342
1.830076
1.863255
1.548018
0.862189
0.845656
1.397449
1.826484
1.092464
1.380698
1.039253
1.254666
1.456180
0.802205
1.800666
1.540025
1.431049
1.115755
1.246533
0.409168
0.521596
1.273464
1.372187
1.355196
0.233230
1.088543
1.132774
0.729132
0.836564
2.311150
1.893349
1.674175
1.570177
1.870179
1.462820
1.604921
1.184724
1.420756
2.125729
0.639680
1.579515
1.220359
0.670337
1.908320
0.820379
1.482886
1.229036
0.563152
0.790555
1.306806
1.328196
1.565253
0.919088
0.523261
0.332581
1.385694
1.691791
1.278739
1.359423
1.357789
1.508386
2.182074
0.195496
1.779955
1.404268
1.885259
0.660313
1.642194
1.195189
1.099849
0.781155
1.324764
0.831822
3.389436
1.118969
0.567274
1.297907
1.184315
0.620026
1.505405
1.692277
1.234404
0.769270
1.490422
1.390089
1.673401
0.818374
0.517315
1.821135
1.276456
0.763353
2.773812
0.582914
0.370497
1.094956
1.646809
0.752023
0.931120
0.582449
1.888684
1.233980
1.257408
0.382818
1.763527
0.573304
0.935927
1.371575
0.369849
1.389761
1.743085
1.406618
1.523617
0.904490
0.854958
0.766019
1.472240
0.596278
0.405737
0.926884
1.418840
1.303028
0.963062
0.896559
1.284575
2.282571
1.029154
1.132177
1.805972
0.606933
1.217497
1.193346
1.249319
2.294915
1.650790
1.697065
1.058205
0.514756
1.138658
0.867656
2.619136
1.342144
0.517453
0.543254
0.830035
0.720418
1.266358
1.498533
3.279501
0.355097
1.324635
1.704102
0.927136
1.123356
0.403375
0.964295
0.962337
1.237364
2.092823
2.150544
1.154292
2.154568
0.357199
1.922106
1.021348
1.965427
1.668489
1.252406
1.749103
0.927478
0.886478
1.964126
0.921655
0.780113
0.718896
1.913459
2.094101
1.847505
1.081950
1.242381
1.636766
1.573463
1.866463
1.739234
0.833067
0.516052
1.539041
2.182703
1.418682
1.157389
2.533452
1.514146
1.346739
0.427080
0.815051
1.282166
0.376577
0.868774
0.956984
1.458215
0.995356
1.461841
0.501083
2.154919
1.355409
0.679928
2.121290
0.423164
1.151306
1.396766
2.203012
0.689540
0.526048
0.405659
0.939253
2.093255
0.967549
0.767404
2.068628
1.100321
0.715637
0.736699
1.448119
1.171554
0.663606
1.373632
1.205483
0.819117
0.680266
1.205483
0.771344
0.889617
1.686191
1.882584
1.429383
0.927781
1.373509
1.725846
1.222135
0.795272
0.590905
1.456405
0.990613
1.012942
1.442479
2.064460
0.877930
0.670328
1.277770
1.206294
1.176933
2.106558
1.148445
0.851249
1.213775
1.098464
1.519619
1.142307
1.329150
0.973412
1.601980
0.917626
1.162746
1.184831
1.065554
1.131991
1.455646
1.159083
1.553829
2.061239
1.020398
1.469286
2.442200
0.784441
1.347976
1.354521
1.179789
0.712182
1.601058
1.122176
1.211558
0.838663
1.371256
1.115761
1.674176
1.597658
1.192659
1.674052
0.957621
0.841203
2.192894
2.112415
0.735449
0.769063
0.908698
1.391697
0.887340
0.732592
0.760363
0.313605
0.967809
1.105322
1.304394
0.507974
1.484210
2.388126
1.116680
1.156847
1.205635
0.647112
1.427501
0.879187
1.833776
0.785881
1.344190
2.097862
1.874568
1.153410
0.356816
0.829709
0.865079
1.589029
1.794284
2.538472
1.446333
1.285596
0.934376
1.416716
2.250324
0.664725
1.176170
2.065701
2.063666
1.069697
1.459062
1.455686
1.249616
2.111424
1.108037
0.487620
0.945214
2.173513
2.279187
0.961303
2.586890
0.891829
2.181310
2.604875
1.365536
0.721304
1.718565
0.978584
0.905240
0.586060
0.703560
0.435937
0.878784
0.875547
0.885332
1.179765
1.336536
0.524965
0.766014
0.930965
0.923617
1.117790
1.221362
0.924306
1.080996
0.954762
1.827912
1.112494
0.637035
1.354331
1.299927
0.565419
1.518597
0.703327
0.625345
1.427041
1.627172
1.705765
0.662265
0.536028
1.628946
1.428665
1.776233
1.431020
1.574202
0.991862
0.692209
2.176635
2.148262
1.689945
0.864804
0.889864
0.931498
1.013380
1.107996
2.308707
1.107952
1.169452
1.309191
1.446250
0.854911
1.233727
2.521803
0.596532
1.330449
1.303667
1.381535
0.557668
1.626363
1.509022
1.065539
0.560335
1.120514
1.380370
1.703932
0.850309
1.354249
0.999203
1.020979
1.120216
1.557676
1.281625
0.749061
1.019925
1.509147
0.652432
1.581765
1.335178
1.629860
1.730833
1.178512
1.436743
1.025606
1.889780
0.456096
1.062214
1.846276
1.533573
0.367650
0.532259
1.320006
0.993651
0.703709
1.227800
0.992818
1.218283
1.902570
1.312078
0.810770
2.453346
0.257775
0.972567
1.376181
0.466099
1.310553
2.000699
1.624023
0.679085
1.622838
1.480104
1.481189
1.165870
1.023361
0.854178
1.501310
1.011487
0.505334
0.543789
0.747202
1.309214
0.309035
0.668709
1.219200
1.429783
0.735414
1.045531
1.132841
1.379700
0.505939
0.993993
0.408829
2.084369
1.013465
1.354668
1.231111
0.905387
1.782905
1.596770
1.202210
1.976256
0.564700
1.112648
1.290770
1.459240
0.964479
0.998694
0.643106
1.940724
0.776496
1.198032
1.574606
0.928518
1.343368
0.471176
0.866693
0.207899
0.402234
0.350416
0.292077
2.434999
1.410270
1.025793
0.808756
1.102216
1.810067
1.240864
1.728882
2.257886
1.591278
0.944738
2.443929
1.119641
0.699403
0.425680
2.307162
2.235382
1.308806
1.975317
0.820879
1.932725
1.100394
1.034484
1.565282
1.294447
1.101910
0.805435
0.073790
0.947215
0.824286
0.883562
1.761973
1.755096
1.189221
0.639981
2.519649
1.249358
1.350434
2.215216
1.578549
1.620980
0.725639
1.097388
1.547560
1.254676
2.225213
2.495067
1.741525
0.811625
1.179678
0.183545
2.084247
2.387424
0.574755
1.371115
1.026474
1.340659
1.820791
0.420035
0.818532
0.370197
0.995913
0.984783
1.144338
1.963827
1.019661
0.359960
1.328961
0.918413
0.458555
0.400298
1.336173
1.452844
1.322546
1.750758
0.833911
1.582912
1.706509
2.149832
0.854829
2.020935
1.698475
0.291561
2.647108
0.686411
0.330622
1.034723
0.845394
2.676048
1.264098
0.851195
1.350012
0.751666
1.882930
0.907326
1.113761
1.089576
1.763673
0.855256
0.854517
2.095548
1.062434
0.962826
1.097004
1.847292
1.852661
1.946362
1.023328
0.807801
1.383208
2.408191
1.472052
2.209197
1.341673
1.286157
1.112090
1.838080
0.964707
0.625947
1.538217
2.025993
1.319840
1.460609
2.046354
1.051601
1.597208
1.495678
0.906633
2.163934
0.773578
1.567521
1.318002
1.751675
1.697040
1.166313
1.360828
0.865802
1.585876
1.031306
1.861989
2.144119
1.837174
1.329890
0.866312
0.601600
1.007941
0.401239
0.963950
0.720964
0.653916
2.322213
0.690485
1.208576
0.427882
2.339534
1.629612
1.647827
0.693585
1.693610
0.908885
0.479991
0.768544
2.324231
1.152418
1.356407
1.039733
0.867857
1.363738
2.329813
0.849761
1.772674
0.379545
1.420175
2.090458
1.639507
2.393505
0.935231
1.283711
1.265045
2.109828
0.721734
0.838065
0.657893
2.405504
0.989531
1.507812
0.360340
0.612581
1.626121
1.442813
0.626474
1.553120
1.146394
1.520900
1.962294
0.648549
0.686283
1.486296
1.886063
1.423052
0.965143
0.881932
1.821431
0.953430
1.449764
1.341290
1.166619
0.829049
0.629819
0.677250
1.431705
1.022503
0.915635
1.038415
2.274472
1.878983
1.441040
1.150970
1.094987
1.323440
1.765813
1.717627
1.192314
1.340122
0.751164
1.652179
1.446814
1.812613
1.284655
1.867078
1.154272
0.590115
0.917171
2.204373
2.003444
0.646143
1.080982
1.471640
0.895496
0.995526
1.339539
1.112886
1.157716
2.075514
1.679965
0.579067
1.090635
1.378959
2.030494
1.120404
1.411462
1.255458
1.090317
0.905236
2.124151
2.098647
1.369549
1.099140
1.109540
1.083160
1.105489
0.488218
1.314747
1.428882
0.678512
1.366851
1.512593
0.761495
1.441794
0.280738
0.550612
0.622108
0.719989
1.239103
1.056822
1.370500
2.202026
1.588175
1.176849
1.079148
2.162656
2.367338
1.755862
0.828919
0.999679
0.769830
1.008867
1.259046
1.006073
1.382797
0.453494
1.624824
0.887845
1.401199
2.152897
2.559903
0.381638
1.726581
1.313681
0.998436
0.833541
1.447221
1.421973
1.045298
1.435417
0.637143
2.000380
0.311458
1.090638
2.128858
0.436423
0.566468
0.743062
0.970573
1.410995
1.342999
2.290044
1.234593
1.458030
0.769222
1.159724
1.164993
0.894634
1.536102
1.020037
1.335516
0.459850
0.842444
0.841755
0.167815
1.321510
1.443220
0.725977
1.646508
0.794739
1.319417
0.868207
1.359301
1.134121
1.096013
1.461106
1.962638
1.439379
0.929415
1.381628
0.444762
0.815611
0.843197
0.761598
0.656197
2.363422
2.165225
1.643730
2.304557
1.027146
1.508191
1.325817
0.488500
0.618064
0.651939
2.340077
1.805429
1.148737
1.141362
1.139166
0.783161
1.535371
1.141664
0.862821
1.204984
0.984772
1.202286
0.741220
1.173561
0.210669
2.540859
1.558890
1.101959
1.041071
1.613740
1.320865
0.719070
1.876697
1.078661
1.850243
1.366247
1.620244
0.247137
1.471119
0.791482
1.278620
0.636272
1.122327
0.419419
0.733634
1.581799
2.111957
1.571451
1.948409
1.933079
1.064473
1.308977
1.435231
1.836562
1.760911
1.006867
0.728350
0.888555
1.133148
1.975830
1.286096
0.992115
0.707606
0.735000
1.072406
0.898445
0.777611
0.850005
1.230896
0.962429
1.074055
1.823332
1.460239
1.416128
2.044054
1.110598
1.214367
1.831728
2.892138
0.902199
1.801512
0.621604
0.382613
0.682067
1.890906
0.891100
1.891128
1.856819
2.006700
1.870380
1.441855
1.065153
0.543231
0.782350
1.044696
1.557596
0.623471
1.084443
1.304540
0.434654
1.180745
1.521298
0.637772
0.996675
0.714642
0.898394
0.948319
1.247056
2.178876
1.429328
1.004575
0.519799
1.109011
0.773072
1.492490
1.784093
1.126919
1.087924
1.870507
1.491817
0.732203
1.494992
0.882077
1.433861
1.253699
0.698327
0.689138
1.089427
1.074963
1.222724
1.031244
1.187219
0.466473
1.819836
2.233052
1.200895
0.599831
1.566891
0.614861
1.633145
0.817707
1.473974
0.595559
2.267455
1.308533
1.424813
1.196344
0.406954
0.628692
1.534456
1.276238
0.849507
0.808174
1.544214
1.163708
1.014315
0.714898
1.689693
2.030748
1.019070
0.500380
0.426980
2.589684
1.180853
1.010130
1.093605
1.689252
1.490583
1.399276
0.677066
1.618745
1.352209
1.719610
0.363515
0.760560
1.023498
0.652522
1.524314
1.278136
0.813710
1.144570
0.934457
1.296516
0.584268
0.465079
2.517423
0.836080
0.978539
0.348779
2.247563
1.611673
2.363792
1.677073
0.748859
1.628387
1.679700
0.594058
0.355401
2.342089
2.534783
2.092899
0.588509
2.622154
0.990017
0.962487
0.783187
1.347260
1.868610
2.234475
0.899780
0.406452
0.651583
1.020636
1.057800
1.309981
1.428215
0.763336
1.174536
1.873973
2.473714
1.140177
1.664709
1.195818
1.016707
1.056230
1.279182
1.239853
1.140695
1.221361
2.169021
1.814466
2.608802
1.008248
1.591987
0.551479
1.776848
1.866463
0.751811
1.558759
1.480408
0.715890
0.939806
2.054544
0.391587
1.112072
1.346173
1.268097
1.777914
1.236781
1.150163
0.876242
1.575399
0.698200
0.717858
1.629247
1.179401
1.278779
2.307432
0.672259
0.497858
0.491713
2.236309
1.655135
0.830215
1.685725
1.826413
1.481259
1.843344
1.577002
1.813165
0.293889
0.645057
1.948226
1.965874
1.542932
2.013362
1.866280
1.385434
0.934026
2.334571
0.575238
0.973489
1.492571
0.315324
1.768614
0.817876
1.669085
1.968042
2.153145
0.500704
1.934676
1.127052
1.522742
1.472795
1.865475
0.963903
1.162962
0.177894
1.816019
1.776003
0.651053
1.937810
1.087185
1.325292
2.344238
1.114178
1.175485
1.830763
1.627830
1.135644
1.256336
0.987017
0.628015
1.930177
1.646245
1.717129
1.692963
0.764260
0.364312
1.665420
1.203050
1.279510
0.966676
2.091280
2.037278
0.681749
2.015216
0.830814
0.952673
0.445910
1.306120
0.287074
0.578254
1.540571
0.772371
0.880359
1.279526
1.639828
1.410871
1.778218
1.219875
1.795133
1.137666
0.776876
1.665082
1.366041
1.204720
1.348031
1.978259
1.121092
1.560256
1.171710
2.289423
2.455686
1.033615
1.782087
0.956562
1.132456
2.017939
1.133809
0.773233
1.326787
0.945908
1.740431
1.225916
1.190051
0.577308
1.567998
2.306798
1.880155
1.750923
0.588721
1.536815
0.757349
1.179570
0.525566
0.634237
1.313366
2.001232
1.714889
1.940553
0.187288
1.815268
1.270765
2.144049
1.299595
0.946826
0.729162
0.922615
0.650826
1.781802
1.046593
1.461839
1.873756
1.026155
2.360458
1.780822
1.115245
0.513887
2.640684
1.241833
1.955973
3.897866
0.626275
1.764209
1.090769
0.967286
0.495025
1.270859
0.279988
1.267846
0.386876
2.075365
0.559462
0.712417
1.868697
1.027069
1.330823
1.027448
1.695403
0.918201
0.952906
1.266791
0.893600
1.008688
2.143141
0.808451
1.635354
1.051952
0.208479
1.983207
1.245200
0.736617
1.316263
1.030873
0.715928
1.157976
1.820011
1.493787
1.586662
1.071625
1.060551
1.567244
2.292875
1.198041
1.573200
0.102726
1.332023
0.917159
1.671354
2.027133
1.421875
1.694832
2.031012
1.408709
1.559775
1.005340
2.699021
1.856412
2.100342
1.691302
1.555522
1.384424
1.139636
1.284826
1.970692
1.784835
1.281317
0.837138
1.081408
1.304489
1.049843
1.445518
1.138038
0.258218
1.779197
1.102418
1.765038
2.441782
0.555567
2.188709
1.597151
1.711242
0.741093
0.410012
1.141635
1.932754
0.958191
0.561270
1.673886
1.826616
2.290524
2.143644
1.003773
1.147170
1.693351
0.633625
1.307229
2.217761
0.605270
0.918706
1.546177
0.644973
1.608140
1.105512
1.668828
1.374918
1.180548
1.313267
1.294085
1.701832
1.450483
0.784013
1.709970
0.926803
2.153941
1.986788
1.487422
0.962020
1.165910
0.890452
0.399808
1.685420
1.062052
0.523186
1.556278
0.635637
1.238571
1.730344
0.798664
0.887472
1.705277
1.486248
0.937057
1.133978
1.993663
2.625946
0.761003
0.690304
2.610095
1.339870
1.983656
0.845563
2.028686
2.113424
2.446060
0.776311
0.919875
1.335857
1.512026
1.446928
1.841397
0.988924
1.592483
2.360950
1.603641
0.309505
1.074020
1.401713
0.926344
2.223679
1.537801
1.166873
2.135590
1.299371
0.838458
2.096187
1.723584
1.306919
1.093270
0.953411
1.431678
1.428222
2.262584
1.864622
2.236841
2.559842
0.593688
1.557622
1.489747
0.548747
2.253682
0.657422
1.550674
1.930582
1.918135
1.713847
0.922034
1.157917
0.363232
0.689470
1.049112
1.374314
1.199007
0.933074
0.885084
0.702314
1.845026
1.047124
1.553151
1.465722
1.280244
1.103832
1.219311
0.405254
1.047093
1.925412
1.197808
1.251827
0.657922
1.515330
0.807606
1.038602
1.259500
0.408126
1.353775
1.202038
1.401543
1.496503
0.578096
1.357176
1.102570
1.045513
0.912458
1.332113
0.896176
0.970089
0.982792
1.608211
0.865663
1.815865
1.110079
2.340751
0.283322
1.474212
1.444788
1.529904
0.770026
0.902335
0.870115
0.700452
1.893040
0.653032
1.265435
1.444031
1.621098
2.696361
0.489148
1.032612
1.263813
0.739311
0.933273
0.866450
1.196110
1.381482
0.916752
1.350145
1.249732
1.509546
0.546767
2.058398
0.658441
0.904987
0.703086
1.573395
2.254800
0.798595
1.270136
1.856117
1.015276
1.191579
1.786708
2.089963
1.059729
0.413942
1.734546
0.886123
0.485112
1.288186
1.118364
0.397348
1.633179
1.598096
1.844618
1.860657
1.467521
0.554290
1.883212
1.276075
0.760548
1.081597
1.421336
1.540026
0.784029
1.111032
0.603696
0.577658
0.878864
1.765283
1.078157
2.036261
1.843882
0.081319
1.977889
0.766954
1.035913
0.977702
0.665669
1.024032
1.268671
0.260594
1.580647
1.963550
1.253281
1.472026
1.680671
1.080182
2.670012
2.178261
0.958036
2.531370
0.607456
2.001198
0.948721
1.496325
2.004810
1.074053
0.716537
1.073055
0.608882
0.551969
2.164623
1.077043
1.768526
1.767024
1.149891
1.597397
2.168130
1.523892
0.518604
1.852258
1.605932
1.189944
0.515576
1.567243
1.676804
0.894031
1.490577
0.501794
0.991144
1.738210
1.253437
0.372434
0.510953
1.626207
1.721828
1.271148
0.667117
1.729973
2.218815
1.234527
2.057935
0.935201
1.309238
1.172376
2.035071
1.741944
2.372664
1.450052
1.486046
0.998340
1.030927
1.434757
1.469526
1.084258
0.750647
0.934631
0.532613
0.735247
1.705008
1.999880
0.952009
1.548995
0.542873
0.673061
1.967519
1.801727
1.202774
0.886240
2.056217
1.488695
1.663996
1.368215
1.410776
1.366603
0.931869
0.673821
0.285719
0.929433
1.152293
1.215586
0.751983
1.015484
1.387798
1.030989
0.436560
1.293784
0.847938
1.642653
1.724550
1.141504
0.380325
0.698691
1.905119
0.519300
1.409339
0.935079
1.409595
1.851736
1.454733
0.456182
0.785062
1.232435
1.107261
1.126281
1.797973
1.869124
1.241927
1.477207
2.033667
1.232772
1.314833
1.876222
1.814783
0.846406
1.434707
0.445515
1.269615
1.887910
1.417405
1.015119
1.422983
1.070437
0.203115
1.363913
2.125188
1.260204
0.912425
1.571587
1.046954
1.218792
1.492790
1.517465
1.263517
2.742121
1.192491
1.029457
1.742674
0.624664
0.524120
1.465222
1.099436
0.450823
1.411355
0.264807
2.037392
1.442643
1.247317
1.369016
0.686194
0.996408
1.393735
0.707880
1.241808
0.925477
1.072359
1.170760
1.235297
1.456624
1.270552
1.720200
0.453019
1.335119
0.890726
1.414892
0.765171
1.440717
1.126734
0.879581
1.256439
1.366681
1.323837
1.331981
2.170216
1.600411
1.207094
0.798661
2.411160
1.002103
1.637494
1.447844
1.055587
0.804018
1.389283
1.667299
1.144282
1.383470
1.255737
0.530545
1.007515
1.168843
0.728850
0.857765
0.675923
1.331413
1.392797
1.241785
0.659869
1.008623
2.601584
1.182465
1.290883
2.160559
1.838969
1.178608
1.599079
1.443547
1.606723
1.546758
1.111534
1.708624
1.131583
0.594009
1.163289
1.583023
1.328296
1.466272
1.241231
0.944082
1.997397
1.457483
1.672775
1.403377
1.714011
2.763336
1.010089
1.476809
0.909768
1.124295
1.739015
1.679442
1.855108
1.859453
1.594193
0.925401
1.550296
1.531307
1.576207
0.718492
0.976492
1.366682
1.420805
0.360216
1.527330
0.923238
1.590766
0.465617
1.522604
0.988000
1.458367
1.854131
2.061971
0.863282
0.519196
0.503119
1.414662
0.498964
1.351033
1.934416
1.069766
1.422763
0.976817
0.530252
0.631389
1.192857
1.225911
0.477010
1.458533
1.037432
0.556616
1.707565
0.683711
0.934915
0.787004
1.786040
1.509407
1.418969
1.654009
2.570723
2.647708
1.303494
1.560158
1.927065
0.663650
0.502250
2.899840
1.227822
1.890592
1.797377
1.066854
2.072776
1.173600
1.502663
1.793104
0.114046
2.739169
1.078974
1.170371
1.620682
1.570010
1.832802
0.732993
1.058887
2.595313
0.749876
1.288476
2.417567
1.401772
1.632971
1.660116
1.389137
1.184022
0.356775
1.508127
1.126142
1.346915
1.179481
1.309360
2.119442
1.960876
1.357616
1.042211
0.736713
1.124836
1.963539
0.769209
1.249576
0.914774
1.302477
1.242390
1.473306
2.239245
0.791457
1.353074
1.068177
1.113449
1.020658
1.396752
0.770943
1.055854
0.587266
1.458333
1.058399
0.798489
1.679080
1.429426
0.948517
1.810323
1.670731
0.949299
0.898551
0.303348
2.530721
1.298636
0.831450
1.169140
0.424300
1.518078
1.706790
2.205227
0.866054
1.952216
0.646175
1.848002
1.083371
0.716041
1.228677
2.012994
1.502815
1.615640
2.277802
1.658825
0.784447
1.940277
1.083834
0.914530
1.947140
0.786669
1.562072
0.993878
1.124837
1.715418
0.489633
0.723094
2.023579
1.030226
0.676687
1.257616
1.319988
1.621246
1.643676
1.084661
1.840691
1.280881
0.645916
0.955853
0.852034
2.310117
0.769210
0.590513
1.928384
1.931562
1.878281
0.814730
2.449753
0.840639
0.742302
1.003168
0.385856
1.186906
1.267838
1.916183
1.481454
0.744672
1.293902
0.818708
1.760583
1.025955
1.006584
0.866381
2.026327
1.265959
2.313752
1.593172
1.295150
0.492872
0.990412
1.511764
1.888790
1.310430
0.760362
1.324823
1.436626
2.246973
0.654214
0.679397
1.042638
2.042819
1.332230
2.506095
1.442846
1.316675
1.868256
1.396655
0.626738
0.973154
2.248675
0.647157
2.459206
1.651817
1.734141
1.360712
1.470737
1.697231
1.336591
1.329815
1.296998
0.862561
1.273180
1.782929
1.998343
0.628035
0.782739
1.367999
1.642728
1.707337
1.039979
0.612749
1.682374
0.808646
1.797103
1.798359
0.480625
1.072085
1.791424
1.951580
0.555599
1.635625
0.771592
0.666234
0.886913
1.655959
1.835498
2.067476
1.123074
1.130037
1.360205
2.067811
1.756116
0.563345
0.861773
2.041446
1.568687
1.101981
1.669119
1.394547
1.662900
1.844831
1.362136
0.787581
1.853875
1.550582
1.240491
2.171157
1.990433
0.858806
1.183013
1.810316
0.982847
1.130618
0.810685
0.422281
0.756658
1.660688
1.532712
0.902744
0.617500
1.284949
1.766696
1.376505
1.181166
1.566182
1.832715
1.132843
1.442070
2.062104
1.340678
1.263729
2.596342
0.978870
1.220414
2.514176
1.247685
1.865542
2.152764
0.832567
1.848651
1.245943
0.551762
1.014186
1.441692
0.364694
2.199164
2.295497
1.356391
2.088713
1.552694
1.317841
0.546933
1.494328
0.810482
0.907234
0.898507
0.437955
1.564511
1.207396
1.280553
1.234119
1.009676
1.209788
1.382227
1.899134
0.471103
1.277089
1.736489
1.456491
1.269727
1.773194
1.356477
0.990984
2.482830
0.438090
0.571914
0.863347
0.962927
1.097440
0.971811
1.176715
1.575990
2.204642
1.732947
1.701118
1.017822
0.529714
1.146308
2.834956
1.527994
2.255390
1.318419
1.750461
1.339146
1.623200
1.468851
1.205196
1.729104
0.226781
0.546058
1.672085
1.936660
2.381920
1.148004
0.898735
1.278734
0.907817
0.506573
1.367234
1.333453
1.058271
0.946763
1.413449
0.893552
1.364092
0.962600
1.475826
1.285312
1.071161
1.709326
1.341712
1.589502
0.858423
1.272421
0.742786
1.442992
1.010601
1.187871
1.388781
0.513429
1.286035
1.956630
1.393407
1.921120
1.190653
0.896074
1.475953
1.193252
1.448032
1.313357
0.599958
2.094957
2.025242
0.673806
0.807985
2.124540
0.944514
0.773937
0.715056
0.972057
0.886408
1.441058
1.197317
1.358009
1.297768
1.519894
1.405161
1.062724
1.194846
1.566399
1.490777
1.114116
0.945385
1.529112
1.464836
1.510290
1.117420
0.436628
1.718513
1.575560
1.673344
0.983682
1.155250
3.254407
1.203230
1.122877
0.908410
1.172614
2.150971
0.691175
0.966966
1.172894
2.112212
0.580628
1.327384
1.588102
1.422420
1.116169
1.357883
1.314540
1.209092
2.343817
1.252246
1.274870
2.002312
0.796148
0.695998
0.169033
2.645416
1.435192
1.440905
0.573926
0.613268
1.259059
1.412214
0.644976
1.280862
0.977598
0.415227
0.913151
1.677176
0.594034
0.996610
1.056484
0.754440
0.239162
1.915473
1.222287
1.173200
1.466850
0.562826
0.935850
1.276884
0.265635
0.659615
1.645221
1.492386
1.044032
0.524969
1.578463
1.049301
0.926627
0.711890
1.208913
1.312241
1.952230
1.379422
0.998632
0.931127
1.301764
0.688123
2.242591
0.542432
0.802700
1.528126
1.224828
0.988198
1.497807
0.950974
0.995177
1.292418
1.423148
1.329051
2.477147
1.347801
1.082701
1.843624
0.858501
1.247331
1.095459
1.206602
0.508186
0.980591
0.472046
1.204008
1.854278
1.613636
1.030116
1.503383
3.097234
1.935010
0.638849
1.531144
0.559225
0.389150
2.169845
1.549612
1.807145
1.106942
2.049049
1.418909
1.057706
0.759727
1.010062
0.401302
2.732119
1.965841
1.349317
0.705675
1.021974
0.938668
0.953975
0.641380
2.037982
1.990397
0.633173
2.436545
1.770684
0.827097
2.063992
1.254132
1.079615
1.132478
1.794330
2.124560
0.636529
0.325892
0.959693
0.543619
2.034522
1.970500
1.401584
0.867060
0.488978
0.532090
2.089553
1.609135
1.873108
1.758258
0.633371
1.337471
1.296654
1.738364
1.242304
0.425986
1.269086
0.819973
1.575931
1.527012
1.804974
0.977062
0.804828
0.707018
2.285736
1.013959
1.324400
1.333115
1.372994
0.946164
2.433958
1.163275
1.927781
1.317112
2.496644
1.262212
1.132218
1.864480
1.443942
1.547747
1.037590
1.628562
2.530060
0.785643
1.217935
1.759013
0.818791
1.171344
1.135632
2.748438
0.619086
0.797723
1.879968
2.149930
1.204111
0.698076
1.412165
1.340235
0.963631
1.358473
1.794700
1.778416
2.327610
2.887084
1.038003
1.540000
0.882189
1.138372
2.368327
1.851937
1.246239
2.323669
1.060686
1.765897
0.856193
1.485069
1.152307
1.382707
1.527537
0.850879
1.611845
1.639888
2.093093
0.575492
1.225960
1.206313
1.285075
1.262312
0.831883
0.988117
2.467875
0.612309
0.915773
0.768069
0.716043
0.450169
1.449466
1.869451
2.483558
1.706898
1.238918
1.426413
1.379454
0.445853
1.041225
1.534189
1.155198
1.732523
1.605834
0.404638
0.957820
1.532309
1.904487
1.400959
1.735055
1.070495
0.609473
0.621471
2.485489
2.554672
2.265120
1.133330
2.282014
0.759152
1.101099
0.846068
2.127395
1.134424
1.259890
0.413240
0.993686
1.424945
1.343821
0.578720
1.231215
1.470949
1.022939
0.635222
1.508727
0.886837
0.727303
1.143991
2.507498
0.860611
1.538449
1.719590
0.859329
1.596660
3.070490
1.485158
1.913591
0.351071
1.753614
1.065946
0.067637
1.240323
1.025754
1.455246
0.990359
1.601688
2.217766
0.981689
0.994489
1.769317
1.315548
0.416534
1.844502
1.122088
0.905791
2.181744
0.382948
1.502750
0.466044
2.052028
1.486599
1.273958
0.771526
0.825409
1.616984
0.936386
1.019507
0.295801
1.162173
1.668634
1.349794
0.595196
1.545528
1.640126
1.523783
0.931341
1.944114
0.853223
0.808825
1.996252
1.667824
1.088700
1.264538
1.180998
0.917317
1.095256
1.082797
1.374209
1.207367
1.248142
2.171338
1.049174
1.606611
1.083660
0.603336
1.131004
1.049724
0.787381
1.696227
1.343625
1.768161
1.082744
1.521502
1.695795
0.447688
1.721547
1.083569
1.024904
2.489619
0.536329
2.150631
2.042323
0.636723
2.130042
0.953365
2.114205
1.170854
0.697619
1.249340
0.480631
0.494225
1.129103
0.825030
1.182117
0.639352
1.747107
0.984605
0.302893
1.076293
1.002895
0.751378
0.939914
1.608926
1.227222
0.702228
1.512372
2.404776
0.854045
1.465795
1.979801
1.121919
0.902204
1.404713
1.253297
1.232862
1.995653
1.597713
2.151800
2.091442
1.834825
1.045630
1.326033
0.184904
1.246901
0.702880
1.367343
0.728335
1.749133
0.573467
0.805030
1.631590
1.505171
1.025790
1.309447
0.985288
0.708763
0.844850
1.846666
1.568314
1.359804
1.006949
0.766912
2.452206
1.328771
1.395862
0.596729
1.169901
1.086706
0.913559
1.988044
1.762292
1.976830
2.395844
1.043953
1.314296
0.680051
2.156501
1.883543
0.806756
0.229716
0.579129
2.109296
1.761267
1.133219
1.348303
1.720268
1.726054
1.931908
1.290685
1.538632
1.519232
1.919438
1.134194
0.668179
0.118785
1.439598
1.130923
0.553095
1.058635
1.206037
1.151518
1.668878
1.310246
1.848405
1.272161
1.343280
0.938123
1.275056
1.061348
1.591977
1.499932
1.866736
0.437761
1.927763
0.680890
1.259233
1.941180
1.919806
0.393336
1.375612
1.608277
1.191616
1.183593
2.053809
1.605580
0.461274
1.359106
1.077216
1.180361
1.878044
1.568135
0.898340
1.611547
0.892144
1.559986
1.824809
0.866521
1.067579
0.789162
1.080320
1.222876
0.861660
0.185903
0.730377
2.037370
1.187112
0.591536
2.221545
0.677252
1.082682
1.163890
0.927237
1.113791
2.395722
2.597836
0.295964
0.996708
0.612698
1.247961
1.143330
1.518312
0.977086
1.176725
1.730658
1.147830
1.960094
1.651201
0.719756
1.369558
1.159138
1.547279
0.672834
1.868307
0.759257
0.737042
1.511496
2.085664
2.149030
1.852970
0.449541
1.078879
0.629081
1.529506
0.633081
2.099138
0.801259
0.930938
1.306666
1.239458
1.846022
1.439483
1.867200
2.518397
0.680623
1.522138
0.618351
1.467417
2.398866
2.194173
1.286910
1.348765
1.823991
2.294789
0.199909
1.383749
0.854166
1.980529
0.471867
1.523545
0.739719
0.608815
1.126475
1.471137
2.628361
1.216023
0.403474
0.845448
1.124423
0.993134
2.141419
1.309941
2.904342
1.297337
0.532046
0.670335
2.054504
1.343029
2.677820
0.886874
1.381394
1.020751
1.498103
1.988014
1.016671
1.597563
2.028115
1.143583
2.953897
1.361185
1.775224
0.882363
0.927954
1.075131
1.098615
1.380288
0.264636
1.942765
1.196818
1.116864
0.587677
0.721813
2.371786
0.803625
0.649656
1.387259
1.197761
1.738680
2.053728
1.949637
1.337667
1.657134
1.086669
0.844843
2.231701
0.493166
1.422162
1.369124
1.862461
2.007635
0.973589
1.854022
1.836569
0.793334
1.782119
1.057077
0.796932
0.833080
1.172264
0.377467
2.101859
1.112464
0.950246
1.306199
1.169486
1.210564
1.524053
1.859114
1.325829
0.885999
2.323614
1.499222
0.320481
1.321433
1.513013
1.515882
1.212613
0.508735
1.181593
1.362254
0.486706
1.751492
1.483836
1.450531
2.059752
1.320771
0.837220
1.519622
0.616300
0.981992
1.150515
1.406723
0.723224
1.914726
2.188947
1.767784
0.841036
0.315880
1.763799
1.856213
1.101347
0.939074
1.190626
1.896901
1.036130
1.420713
0.916077
1.682245
1.066908
2.354889
2.239004
1.265247
1.354217
1.588207
1.219132
1.229732
1.178736
0.967923
1.016489
1.772519
1.307421
1.166584
0.446893
1.075841
1.045638
1.148679
2.238344
1.232153
1.672133
2.210093
0.581344
1.501524
1.315128
0.865412
0.888726
1.191704
1.389017
1.107050
1.330297
0.505320
1.340774
1.654599
0.920922
0.952945
0.813443
1.821678
1.408257
0.507524
0.592214
1.179325
1.661377
1.849139
1.275095
1.973383
1.250245
0.701109
0.553316
1.684813
0.632885
0.374608
1.451542
1.090323
2.115846
0.591593
0.699799
0.691193
1.877948
1.192745
1.912105
0.977860
1.956875
0.822356
2.712563
1.967362
0.370564
0.812693
1.088338
0.662113
1.766598
1.068008
1.182460
0.378591
1.168541
1.178288
1.671962
0.518107
1.202387
1.432135
1.174928
1.050790
1.222887
2.029025
1.869081
0.498510
0.890362
0.709698
0.710810
1.562896
2.178186
1.191434
0.405023
1.838406
0.781986
0.861319
1.612112
1.748452
1.091130
2.215205
1.104304
1.595968
0.907677
0.520116
1.577966
0.495104
1.428261
2.233249
0.983199
0.909871
1.038424
1.146176
1.693429
1.512388
0.723114
1.285000
1.121504
1.896974
0.996581
0.958304
1.182490
0.917192
1.796576
1.220429
1.283253
1.530127
1.991218
1.520244
1.341335
1.195444
0.743586
0.485639
1.082569
0.914528
1.696042
1.522812
1.543858
0.939675
1.481438
2.111226
0.483949
0.811753
1.337747
1.228869
1.507100
0.609708
0.674772
1.091194
0.960681
1.363962
0.789820
1.630692
0.965898
0.660551
0.638070
1.289217
1.629131
0.937062
1.624304
0.980443
2.452178
1.395210
2.266379
0.962583
1.773967
1.246689
2.373960
1.097060
1.610557
0.868120
1.653630
0.737678
1.145196
1.535134
1.036550
1.050668
1.625863
0.598421
2.269415
1.255141
2.410821
1.090295
1.328991
1.114884
1.456737
1.741687
0.466064
0.757954
1.104865
1.250272
1.744541
0.735839
1.566230
0.909436
1.282189
1.178122
2.105402
0.474667
1.580160
1.807832
1.870574
0.866635
0.873687
1.834621
0.632616
1.122686
2.298696
1.325050
1.156354
0.914221
1.049435
1.282923
2.141137
1.692474
1.978987
0.852005
0.658236
1.236322
1.198818
2.790391
0.721989
1.161360
0.984304
0.583369
0.604777
1.439690
1.177479
0.641535
1.277038
0.981044
2.165788
2.108431
1.077758
2.747808
1.076482
1.003401
1.041244
1.526374
1.191107
1.628844
0.701225
2.153970
1.710968
1.666172
1.959077
0.269793
0.949982
1.081431
1.071056
1.482584
1.456965
1.340375
1.375967
1.446430
1.436366
2.417854
1.137990
1.984357
0.845280
1.426501
2.007334
0.951034
0.940341
1.583419
1.076374
2.925565
0.588269
1.338224
1.412837
1.197550
1.535567
0.675018
1.221203
1.672617
2.075497
0.995037
0.896822
1.847183
1.587231
0.578886
0.882591
1.356501
1.946867
0.539517
0.906497
0.938455
1.234251
2.780095
0.781181
1.246634
1.522769
2.036584
1.620006
1.124156
1.971758
0.891742
1.309527
1.799222
2.068345
1.138255
1.402618
1.884561
0.771802
1.800253
0.679511
1.073036
2.017124
0.308423
0.720458
0.525304
1.017652
1.370440
1.490468
0.905324
0.882187
1.504802
1.473797
2.039374
0.597037
0.748264
1.382063
1.735460
1.366110
0.240174
0.608829
1.624666
1.613398
1.541120
1.790387
1.394071
0.509918
2.065497
0.450623
1.141612
1.571031
1.708571
1.447892
0.693264
0.711018
1.283132
0.638074
1.532716
1.383726
0.772166
2.004363
0.993805
1.619144
1.242211
1.244491
0.971554
2.134574
1.771497
0.769986
2.216559
2.135642
1.311020
1.724294
1.279547
1.582043
0.695366
1.178643
1.869100
0.469301
1.374521
1.328887
0.697813
1.580897
1.780061
0.869204
1.360275
1.888501
1.450465
1.086252
0.463609
0.337639
1.396383
1.379100
1.678455
1.496161
1.673131
1.068692
1.459807
1.625012
2.314403
1.137701
1.725457
1.551572
1.053094
1.558284
1.314654
0.768267
1.353568
1.907914
1.266251
1.441238
0.987332
0.946478
1.077182
2.615536
0.476745
0.774428
1.196526
2.205933
0.824567
2.110539
1.451289
1.599297
0.159152
0.996594
0.765662
2.286217
0.830124
1.406959
2.251093
0.871353
1.369106
1.156419
1.065626
1.305450
0.863075
2.219025
1.484430
0.993181
1.787887
1.708602
0.981301
1.240395
0.413852
0.652514
0.540196
1.452615
1.361488
1.214630
1.348486
1.270101
0.997443
1.003846
1.604670
1.056457
1.291213
1.507314
0.517009
2.063034
1.141948
2.395796
0.562777
0.563992
1.099718
1.433637
1.912009
0.968866
0.868466
1.215691
1.448636
1.631847
1.581610
0.983843
0.938433
1.126723
1.837566
1.880856
0.898548
1.815048
2.497030
2.024695
1.005539
1.789794
1.442595
1.352552
0.817999
0.564469
2.503575
1.769203
1.385146
0.693290
1.494583
1.946334
1.188731
1.559959
0.727006
0.773767
0.395195
1.368072
2.690398
1.321175
1.686148
1.689770
0.678989
1.399959
1.176847
0.904647
1.831319
0.834156
2.332424
1.960688
0.657972
0.858345
0.770550
1.396063
1.359825
0.493982
0.704372
1.547511
1.682935
1.352532
1.588651
1.177691
0.435968
0.608513
1.602334
0.641507
0.932169
1.067786
1.949817
1.726167
1.370170
1.427147
0.553814
1.358741
0.864815
1.000548
1.827369
1.098009
1.057449
1.236827
0.879987
1.556361
0.406859
2.721627
2.116102
1.696562
1.155877
1.699589
0.660742
1.385108
1.274865
1.411438
0.465564
0.898354
0.743566
0.897918
1.468407
1.442199
1.095624
1.185148
1.439631
1.356718
0.836676
0.822436
0.972071
1.123732
2.223536
0.928478
0.894289
1.045575
1.529526
1.520530
1.603758
1.599991
1.667527
0.703703
1.445199
0.852309
2.353395
1.990317
0.790544
1.319046
0.976701
1.109091
0.290851
0.753306
1.243847
0.850890
1.318310
0.818106
2.498627
0.518523
1.869555
0.904596
1.586067
2.284323
1.517854
0.955540
1.577341
2.042530
1.083405
1.036844
2.576975
1.562074
1.403728
1.461065
1.124744
1.071102
1.694185
0.626511
0.573181
1.326267
0.623131
0.794721
1.724412
1.526395
1.769287
0.946100
0.600810
1.667156
1.881265
1.254493
1.730608
2.127249
0.879212
1.509995
0.900206
0.823191
0.818713
0.818410
0.365133
1.440127
2.043610
1.149829
1.864154
0.900748
1.172868
1.211519
1.007452
0.638591
1.136367
1.465861
0.521378
1.513717
0.812558
0.679704
2.014332
0.830178
1.039382
2.440386
1.983710
1.228947
0.912701
1.340546
0.137737
0.532461
1.464062
1.648222
1.862586
1.586679
1.031669
1.149641
1.062068
1.824624
1.039430
1.103194
1.854117
2.117829
0.680963
1.414537
1.027794
1.722813
1.779267
0.871380
2.084254
1.199057
1.969394
1.395070
1.809281
1.305545
1.294318
0.853831
0.863275
2.602634
1.175810
0.726325
1.515028
1.237120
0.490654
1.839562
1.251666
1.886903
1.493219
1.568174
0.934041
1.734993
1.076831
1.734450
1.455758
1.278635
0.563547
0.945038
1.398001
1.969550
1.232160
1.260633
1.195835
1.563480
0.478752
0.849960
1.751808
0.669760
1.119084
1.221435
1.276507
1.247379
2.263940
1.854580
1.512145
1.226562
0.984800
1.583619
1.794546
1.686046
1.835966
1.062330
1.252076
2.437899
0.801614
1.971007
1.633530
0.706899
0.966158
2.307785
1.881681
0.918804
2.142517
1.391871
1.210961
2.162827
0.878664
0.973897
1.784720
2.162399
1.491242
1.221578
2.020976
0.916306
1.127381
1.116960
2.225000
1.566741
1.072272
1.760578
1.739620
0.290749
1.230365
1.147221
0.495320
1.153468
1.385177
1.020773
0.915943
1.348754
1.097070
0.572026
1.164154
2.505813
1.546860
1.685645
0.426906
1.418265
0.529039
1.923312
0.624603
0.542812
1.383202
0.789700
0.776952
1.605033
0.961702
1.155022
1.443228
1.482763
2.552967
1.020672
1.408602
0.686082
1.784679
0.760952
0.413146
0.338068
1.928935
1.045639
0.312991
1.851330
1.645607
0.871299
1.239261
0.827140
1.243139
0.807687
1.431178
1.017076
0.817006
1.223729
0.510558
1.980019
1.566299
1.689254
1.178622
2.553161
0.735631
1.519727
1.616889
1.262498
0.814713
0.634913
0.735082
1.614018
1.908931
1.306493
1.419642
0.679618
0.929883
0.693224
1.157080
0.602577
0.738077
0.797285
1.880298
1.545195
1.116818
1.744790
1.918166
2.365492
1.398550
0.703796
0.598588
0.947469
0.230708
1.336158
0.762514
1.530287
1.059231
2.122787
1.296309
1.771962
2.289339
1.534678
0.824421
0.311643
0.934293
1.383863
1.379537
1.203191
1.605752
1.565944
0.787842
1.025316
1.156869
1.039435
1.985546
1.255340
1.717144
0.579967
0.997518
1.849338
0.693798
2.026969
0.561504
0.789545
1.762686
1.474090
0.945831
2.012262
1.511718
1.362725
1.643002
1.076618
1.809168
0.879368
0.113946
0.958734
0.626621
1.066816
1.734503
1.418561
1.202861
1.075902
2.273536
1.095125
0.921084
1.389857
1.222201
1.179948
0.777602
1.235040
2.025745
2.295127
2.202801
0.843051
0.947177
1.458169
1.305798
0.917930
1.848514
0.880569
2.500640
1.689572
0.661009
1.680290
0.318750
1.568297
1.552811
0.825724
1.313429
0.928668
0.806014
1.796569
1.684132
0.748118
1.634105
0.958373
1.951938
0.356240
0.899474
0.320543
1.459161
1.571592
2.751945
1.819165
1.706832
0.542308
1.092585
0.676377
1.133836
2.022323
0.664556
0.927006
1.219423
1.805630
0.681354
1.398697
0.792349
2.782263
1.881128
0.498998
1.671147
1.114394
0.631009
1.401755
2.832143
2.142933
0.952627
0.915992
1.001118
1.486165
1.611353
1.019344
1.622022
0.953856
0.482799
0.705218
1.609194
1.287845
0.311023
0.840104
0.981684
1.193525
0.718764
2.147071
2.324689
1.034250
1.175844
1.974921
1.926989
1.571223
0.773890
1.539203
0.975419
0.887199
1.389666
1.015373
0.277822
0.804793
1.384087
0.880473
0.651855
1.394936
0.924687
1.075493
1.688563
1.637320
1.036516
2.232612
1.294344
0.798028
1.096655
1.245734
1.817584
0.471732
1.830419
1.465657
1.114993
1.528739
1.341282
0.913218
1.591728
1.378552
0.939623
1.967314
0.459125
2.486407
1.046037
1.873615
2.383494
1.866193
1.324610
1.219214
1.758377
1.232025
0.803330
1.619160
1.357941
1.458354
0.944568
0.574483
1.388426
1.503342
1.387308
2.050580
1.492482
0.850847
1.434134
0.858924
0.837790
0.992026
1.259346
1.428626
2.763888
1.125193
1.121712
2.233222
0.687103
2.338214
1.117017
1.839467
1.310035
1.231249
1.087348
0.212351
0.895067
1.352778
1.329197
0.647725
0.685214
0.554482
1.069251
1.864769
1.130900
1.293982
1.242151
0.998051
0.689411
1.206887
1.468351
1.371914
2.472762
0.799605
0.531294
1.632763
1.151705
1.258259
0.607891
1.707812
1.261318
0.700538
1.308093
2.005257
1.474745
1.204952
1.695267
1.393579
1.597949
0.998901
0.508211
1.158186
1.355927
1.399041
0.541271
1.436167
0.849651
1.882354
1.389964
1.344811
0.823866
2.241986
0.742803
1.374073
1.400464
1.058890
1.060160
0.931282
1.761657
1.996170
0.720717
1.468428
1.632648
2.331476
1.380693
0.892012
0.971851
1.136435
1.434429
1.108090
1.127677
1.553247
0.725570
1.517716
1.688435
1.144487
0.554989
1.655270
0.981084
1.611995
1.761796
0.344099
0.715778
0.553475
1.043855
1.036699
1.461953
2.066192
0.772305
0.806426
1.393620
1.099436
1.671930
1.699186
1.646784
0.985212
1.341228
0.343699
1.215732
0.942992
1.448463
1.257710
1.667112
1.047633
0.767092
1.664857
1.265884
1.334100
0.460687
1.241727
1.283392
0.907114
0.594129
0.457163
1.456279
1.406939
1.140335
1.089074
1.516592
1.236881
0.969465
0.908930
0.887806
0.978656
0.707604
1.536258
0.865764
1.155366
0.988914
0.928630
1.075796
1.268748
1.026122
0.990553
0.876977
1.339498
0.506595
0.362876
1.551431
1.142215
1.554702
1.782559
1.261249
1.948321
1.573566
1.085437
0.641247
1.854835
1.339507
1.274817
1.302362
0.868378
1.674813
1.536907
1.341967
0.910802
1.096358
1.096921
0.981309
0.834876
0.785716
0.843207
1.610831
0.540871
0.765536
1.042779
0.913289
1.221483
0.493190
1.950144
1.141201
1.251989
1.810686
2.071421
0.805146
1.193508
0.814410
1.539085
2.092713
2.317478
0.825541
1.670469
1.863291
1.963762
2.240748
0.843875
1.456918
0.731195
0.833636
1.625275
0.698726
0.826183
1.359556
0.795974
0.819355
1.789584
0.751810
0.796538
1.868435
1.403587
0.935346
1.357451
1.559922
1.748930
2.115105
1.034941
1.029253
2.190592
0.723908
2.377745
0.648750
0.544417
0.585481
0.777752
1.536135
1.605378
2.270453
2.272896
2.163530
0.657842
1.133859
1.541013
0.253054
1.188308
1.275564
0.912255
1.405543
1.116260
0.257376
1.169132
1.300874
1.458464
0.840493
1.597452
0.825786
1.328475
1.994656
0.486585
1.766048
1.562487
1.829977
0.470200
2.065033
1.412463
1.179279
1.472620
1.472414
1.062248
1.391107
1.841607
1.036203
1.634313
1.592179
0.804148
1.587869
1.629445
0.812238
1.622268
1.084593
1.282181
2.445993
1.094203
1.011134
0.916150
1.012248
0.688526
0.416185
1.580769
0.587553
1.342264
1.273822
0.711052
1.950471
0.849309
1.241262
1.480393
2.224811
1.450901
0.945994
2.294510
1.418342
1.559753
1.514591
0.666125
0.882795
1.170516
1.382232
0.675356
2.391126
0.692704
0.669466
1.570778
2.406465
1.813021
2.217520
1.497784
0.343609
1.306227
0.917334
2.507809
1.277060
1.747029
2.563459
0.564921
0.795438
0.777938
0.962104
1.336662
1.745614
1.450733
0.643831
2.043206
1.282135
2.052276
0.414687
1.381902
0.329581
1.420570
0.951538
0.545537
1.530601
1.704329
0.405611
0.741923
0.981153
1.747612
1.569671
1.872133
0.437935
1.901619
1.835934
2.440486
0.997825
0.830395
1.430347
1.373719
1.319288
1.294497
0.865549
1.189325
1.015387
1.547948
0.775449
1.704708
1.627967
1.526044
0.977649
1.175636
2.651305
2.781162
0.531956
0.593256
1.529256
1.254888
0.642400
2.753502
2.303793
0.708712
0.295823
2.255926
0.452290
1.893083
1.119155
0.846828
0.522243
1.251873
0.984760
1.418243
1.589430
2.139055
0.499366
1.381619
0.826254
2.919216
1.376485
0.837849
1.438623
1.367903
0.902648
1.284700
0.766627
1.518447
2.764203
2.087951
0.987884
2.285122
1.416547
2.227692
0.828549
2.151718
1.202556
1.262446
0.973041
1.131348
2.037608
1.090059
1.867440
1.221200
0.197141
1.424036
1.954175
1.282381
1.249878
0.893710
0.978637
0.488008
1.590443
0.673553
1.426992
0.875606
1.223959
1.385487
0.356843
0.398096
1.397938
1.101306
1.308385
1.230173
1.711656
0.913807
0.971533
1.191845
1.063708
1.326690
1.676982
1.588245
0.988096
0.877713
0.848469
0.987118
1.097444
1.599726
1.554050
0.673100
1.099932
0.730136
1.138995
2.395398
0.985982
0.928386
1.212914
2.034494
1.786156
1.027443
1.225080
1.218743
0.878799
0.959096
0.758465
1.392208
0.521240
0.728665
1.247359
0.648673
2.010824
0.764329
1.467779
1.369574
1.079476
1.953823
0.842960
0.788992
0.595375
2.010755
1.113495
1.146780
2.413973
0.402891
2.337672
2.202248
0.764085
1.580483
1.211449
1.317390
0.702746
0.855390
1.583445
2.660971
1.447013
0.947294
1.754258
1.334588
2.140901
1.594492
1.382373
1.059016
0.868867
1.592618
2.226505
1.135287
0.712190
1.857187
1.884877
2.110353
1.724395
1.037392
1.955168
1.605917
0.915995
1.865263
0.512278
1.340174
0.905357
1.654765
1.744938
0.388036
0.814326
1.622366
1.661079
0.691436
1.563043
1.114515
1.439716
0.973072
1.055300
0.516589
0.654150
1.149050
1.064244
1.448598
0.860922
1.190792
2.761760
1.733391
0.967945
1.886590
1.353874
1.454557
1.025291
1.058153
2.252240
1.129178
0.733068
1.858455
0.829978
1.204763
1.381921
0.353865
0.735076
1.574904
1.333393
0.818312
0.965694
1.925760
1.001505
0.372355
1.337966
1.477497
1.160176
0.836256
1.556744
2.151558
1.442062
2.346529
0.997312
2.404743
2.068779
1.850075
0.947931
1.404666
1.124590
1.003503
1.668571
1.279366
0.790570
1.562842
2.086858
0.782417
1.142902
1.271519
1.519073
1.827295
2.917658
0.221505
1.319523
1.128038
0.666273
1.898228
1.632456
1.630502
1.156128
1.236902
0.358832
2.271739
0.593834
0.570789
1.547574
0.814596
2.001555
1.273751
0.741912
1.635534
1.470365
1.676078
1.271849
1.723672
1.818336
0.680080
0.926283
1.446011
0.862735
1.540903
1.339129
1.423010
1.520541
1.757597
0.743394
1.282791
0.603273
1.198250
0.700979
0.497934
1.541984
2.229636
1.069583
2.649582
0.530262
1.220641
2.795843
0.821605
2.687563
1.174957
0.750180
2.425229
0.913636
1.312795
0.865477
1.790214
0.339579
1.544884
1.063179
0.723948
1.100681
0.672563
1.126194
1.305505
2.106492
0.580559
1.939163
0.777991
0.908531
1.225440
1.423471
1.107589
0.450669
1.401665
1.037078
2.474850
1.270424
1.633392
0.896183
0.717880
1.203932
2.440710
0.666876
0.633402
0.641676
0.335309
2.129056
0.782149
0.611167
1.375600
1.122942
1.044232
0.481838
1.238519
0.433148
1.184406
0.568393
0.862575
1.240269
0.646373
1.207249
0.737755
1.643566
0.592900
1.140212
1.148616
1.609444
1.564629
2.375615
2.439933
0.677199
1.935002
1.524940
1.031268
0.613187
0.693667
0.385408
0.624799
0.488803
0.969922
1.599447
1.426698
0.779856
0.856503
1.313284
1.070930
0.088605
1.945810
1.276064
0.705149
1.989212
1.478900
1.817849
1.307587
0.699999
1.875853
0.569782
1.697633
1.173686
2.261934
1.180218
2.153631
1.450578
1.902114
1.489628
1.297549
1.554927
0.457090
1.405052
0.522466
1.629865
0.302872
0.975616
0.724905
1.640318
1.306437
0.743859
2.191151
0.696674
1.088905
0.487914
2.435409
2.690868
1.776991
1.976029
0.999332
0.687148
1.203907
1.088393
0.671107
1.164637
1.690905
1.091086
0.990550
0.434194
1.475932
1.125720
1.696512
1.436597
1.272250
0.678694
2.058169
1.920054
1.073015
0.760753
1.687217
0.562607
1.326753
0.722592
1.204407
1.042669
0.800199
1.434830
1.198163
1.430927
1.959981
0.717876
1.749813
1.827119
1.347443
1.174776
1.921725
0.867768
2.923260
0.842445
1.018242
1.986282
0.600961
1.724036
1.628047
0.876133
1.566880
1.759216
1.223667
2.311519
0.405435
1.846463
2.052223
1.064708
1.018901
1.138548
0.236200
1.256854
0.860697
1.245084
1.211271
1.802369
2.351943
1.589352
0.161719
1.376808
0.620257
1.904535
1.347293
2.228137
0.476274
0.687338
1.280344
1.837856
1.439272
0.503571
1.430368
1.811423
2.007223
1.708001
0.898935
0.746515
0.408290
1.508455
1.962809
1.966788
0.535224
0.748364
1.274054
1.398744
1.805574
1.456249
1.277920
1.518641
1.078455
0.721425
1.574554
1.361009
1.593782
0.863911
0.982604
1.742581
1.086177
1.146306
0.913820
1.282429
1.564462
1.611714
1.671629
1.434524
1.093081
0.650426
1.600308
1.199012
0.857895
1.087721
0.745213
1.974013
0.714873
1.284944
2.220385
1.810645
0.638303
0.749872
2.075576
1.940103
1.741466
1.015738
2.091541
0.940650
1.518248
2.275086
2.038267
1.203004
1.340040
0.912762
0.461430
1.056057
0.757720
1.165648
1.611940
0.242855
0.875939
0.823634
1.638600
1.531798
0.449345
1.463177
0.994122
0.216128
1.206952
1.613011
1.032935
1.667315
0.545511
1.501755
2.897762
1.977358
1.648285
0.930452
2.405413
0.490054
0.730775
1.140272
1.400259
2.252225
0.960873
0.599537
1.020898
2.024439
1.166193
1.210327
1.670173
0.927836
2.639013
1.315696
1.882261
1.326094
1.077972
1.857898
1.817861
0.954342
1.200055
1.717419
0.914659
1.471346
0.976579
1.939847
1.186991
0.846821
0.873124
0.596826
1.826998
1.289221
1.217371
1.380136
1.177992
1.088380
2.388161
1.450606
1.270379
0.848054
1.863932
1.779579
0.914225
1.354790
1.131587
0.972423
0.536314
2.124704
1.700403
0.837210
0.453654
1.461189
0.874991
2.240164
1.922009
1.120493
1.186373
1.786476
2.023297
0.597162
1.427059
1.711779
1.166976
1.737017
1.128725
0.840137
0.771168
0.769601
0.496998
0.659753
1.002935
1.271678
1.359724
0.671472
1.990908
1.179213
1.875318
1.087041
1.761314
1.982065
1.782682
1.971109
0.767035
0.704499
1.370809
1.881733
3.090232
1.663947
1.446982
0.941385
0.311946
1.135549
0.828688
2.212809
0.526471
1.046723
1.336103
0.900136
1.627287
0.953330
1.288705
1.744581
1.064537
1.447616
1.646542
2.147934
1.731927
1.914703
2.727747
0.896360
1.489674
1.023039
1.186606
0.872983
1.466418
2.016657
0.509276
1.415554
0.532730
0.972926
2.232269
1.087440
1.786393
0.347833
1.090903
2.209562
1.028954
1.090305
1.203480
1.408209
1.240409
0.588397
1.550296
3.203139
1.268743
1.334900
1.048275
0.458690
1.222076
1.840866
1.968799
0.734763
1.967815
0.824136
0.537878
1.320687
0.373422
1.205205
0.732848
1.148452
2.385112
2.396304
1.218671
0.769213
1.242655
1.954099
1.210312
1.043905
2.142362
0.402567
0.828052
1.023430
1.546903
1.291267
1.178597
0.171093
1.883872
1.611372
0.806947
1.265633
1.381396
1.728449
2.601674
1.307123
1.298246
1.091469
1.176790
0.649728
2.470260
1.038946
1.251205
1.787138
1.093991
2.620583
0.593549
1.856327
0.846221
0.966160
1.213279
1.484276
2.562824
1.386575
0.747500
0.683070
0.235679
3.144144
1.762922
0.929570
1.160415
1.007925
0.998239
1.751657
0.977963
1.348770
2.151538
1.355835
0.693288
0.647709
2.276839
1.103848
0.662037
1.809625
1.097306
1.620991
0.851487
1.683074
1.913143
2.061039
1.822623
1.253517
0.445313
1.295991
1.461802
0.879389
0.753203
1.198030
1.172169
1.253224
2.261299
1.073881
1.395733
2.212733
1.191036
1.787733
1.140929
1.722580
0.803815
1.213527
1.461002
0.882442
2.018128
1.072462
1.145941
0.638577
0.205983
1.485280
1.223226
1.379221
0.661890
0.820927
0.866854
1.499983
1.558155
1.076485
1.241825
1.464992
0.863059
1.523482
0.805559
1.299904
1.164652
1.007692
0.842816
0.538150
1.231101
1.367312
1.909177
1.512314
0.931843
1.262592
1.015341
1.968447
0.775447
0.777768
0.656313
1.599379
1.351962
1.372839
1.077197
1.546074
0.525716
1.258778
0.959443
1.720134
1.564929
1.886114
1.388914
1.031542
1.584768
2.254110
2.062967
0.768847
1.274175
0.954019
1.761466
1.422634
0.791814
0.691703
1.186602
1.521428
2.056581
0.873629
1.055367
1.303052
1.295774
0.614836
1.393122
0.426333
2.792859
0.906974
0.593339
0.403947
0.970907
2.077532
0.954970
0.940331
0.267635
1.505059
1.384200
1.669318
1.281307
1.193497
1.717589
1.499946
1.516304
1.249283
1.752537
0.550463
1.508693
1.350452
1.250431
1.450327
1.368106
1.358579
0.616377
0.655504
1.390511
1.300919
0.858176
2.465980
1.689337
1.171441
1.471300
1.635758
1.257089
1.047822
1.603355
1.716353
1.365406
1.038700
1.349238
1.071267
1.425862
1.121318
1.342087
1.370034
1.649700
1.869287
1.837430
0.765628
1.134096
1.907569
0.746294
1.365401
1.001173
0.968901
1.618910
1.401489
1.378714
2.360838
1.644878
1.371899
0.976790
1.083480
1.547289
1.102078
0.702687
1.945314
1.050825
1.313981
0.512898
1.084393
0.954167
1.879485
0.237035
0.557710
0.785672
1.968079
0.576305
0.978235
1.054982
0.453876
1.475326
1.678910
0.984027
1.211233
1.896055
1.141677
1.250280
1.742952
1.542267
1.112276
1.238969
1.784188
1.330388
1.430776
1.520459
1.222821
0.525419
1.626687
1.276568
1.161758
1.172822
1.170851
1.104175
0.387240
1.544693
1.000226
0.887853
0.881154
0.644415
2.003599
0.850478
1.257354
2.178050
1.771446
1.438844
1.082154
1.155045
0.973845
1.596066
0.871410
0.792658
1.936413
2.438160
1.678207
1.138595
1.004363
1.213340
1.093149
1.518093
0.469858
0.984152
1.089052
1.165545
1.486561
2.439536
2.482500
1.945490
1.587578
2.180044
1.327271
0.716246
0.698551
1.564662
1.394920
0.898697
1.630810
0.683396
1.110377
1.241134
0.802868
1.200700
1.154105
0.868489
1.039568
1.161533
1.808377
1.283757
0.525450
0.741723
1.399236
1.188151
2.167582
1.251249
1.360379
1.213086
1.465086
0.455533
1.799425
0.725551
1.790491
2.001649
1.163499
2.189149
2.098858
1.381496
1.952565
1.201332
1.328091
1.246281
1.545577
0.560402
1.117437
0.698051
1.153537
1.265885
1.183539
1.107680
1.492805
1.224115
2.597134
1.507275
0.978953
1.135358
2.356262
1.226860
0.649203
1.073091
0.949649
1.388096
0.411691
2.579535
1.594788
1.879789
1.339054
1.087047
0.612546
1.523797
1.456568
1.224039
1.627016
0.813723
1.365095
2.560572
1.251378
0.485828
1.924026
1.128192
1.738952
0.751023
1.718418
1.403911
0.759828
1.213359
1.381658
1.086283
1.095060
2.099500
1.200636
2.401529
1.976323
2.558541
0.596022
2.017240
0.965346
1.557779
1.261128
2.238140
1.769227
1.269918
1.133078
1.307645
3.235527
1.469915
1.327904
1.207964
1.807998
0.998602
1.769864
0.855305
2.073252
1.068373
2.453534
0.740383
1.545574
1.602310
0.936080
0.399286
1.705780
1.722485
1.561208
2.287190
0.849929
1.958279
1.780617
1.380824
2.028041
1.554969
1.774940
1.491525
1.447619
1.318918
1.681877
1.846096
1.384167
0.917105
0.860842
0.803826
1.206251
1.164032
1.916792
0.608442
1.469894
0.522941
0.318768
1.057963
1.583634
1.039683
0.557442
1.887789
1.928508
1.459886
0.176629
2.166249
0.806711
1.658377
1.305282
0.894201
2.105088
2.130708
1.467141
0.935589
0.824209
2.026169
1.337005
0.957206
1.715985
0.530479
1.326556
1.008195
1.966031
0.575199
1.382160
1.710295
1.306259
1.004766
0.938705
2.159561
2.024216
1.054021
1.150743
2.414017
0.639292
1.081562
1.847932
0.943979
0.372706
1.188875
1.401017
1.971074
0.603137
0.664291
1.452476
1.526147
0.658242
1.014935
0.736732
2.247758
0.555747
0.581411
1.309437
1.435745
0.913785
1.241967
1.796326
1.668083
1.433655
1.355345
2.163828
0.548925
1.630079
0.868586
1.637662
1.470534
1.195168
1.279080
2.764627
0.380103
0.993945
0.852881
1.151991
1.069785
0.781794
0.569628
0.278775
2.232315
2.104067
1.289908
1.468323
0.869611
0.705471
0.238750
1.782887
1.929208
1.280878
1.176352
0.905426
0.784943
1.096429
0.360573
1.788490
1.355567
1.298181
1.553888
1.749982
0.926022
1.089027
1.538759
1.170630
2.050955
1.745505
0.997562
1.204407
0.669687
2.371510
0.986713
1.318675
1.471961
1.042723
0.533677
1.545518
1.348601
1.629218
2.207214
1.259068
1.109232
1.143361
1.570744
1.131480
1.532520
1.565693
1.437360
1.625279
1.214468
1.261931
1.571375
1.620780
1.040102
1.924951
0.927403
1.050227
1.393867
1.952539
1.510652
0.886666
1.190400
0.523126
2.562969
0.703889
0.521680
1.636618
1.296232
1.239765
0.682596
0.591113
1.124794
1.448116
2.457296
1.229864
1.214295
2.727275
1.939869
1.514918
1.545384
0.962775
1.460024
0.718579
1.316832
1.060962
0.401446
1.471892
0.661161
1.037734
1.892838
1.235263
1.580894
1.206581
0.989026
2.855102
0.996858
0.840500
0.557645
1.533348
2.137399
1.373279
1.062877
1.883522
0.444687
1.167622
0.822991
0.766460
1.065066
1.446368
0.494482
1.550483
1.016473
1.257543
1.151758
0.943261
2.096182
0.642499
2.426107
0.869811
1.442560
1.185205
0.804578
1.074551
1.124764
1.396198
0.620704
1.273379
0.995470
0.588755
1.403089
0.511978
2.165876
0.693463
1.772352
0.641629
1.155682
0.937563
1.277786
0.111657
1.562604
1.019210
2.057699
0.755893
1.338455
0.887354
2.606248
1.927931
1.768132
0.578117
1.479064
2.271516
0.759312
1.874550
0.885632
0.280282
2.050923
2.022503
1.555248
1.108929
1.583565
1.255698
1.095507
1.934668
1.160634
1.408947
0.874300
1.023491
1.335055
0.904747
1.560863
1.566674
1.098604
0.893679
1.568684
1.323799
0.510280
0.374846
1.091765
0.297916
1.808805
1.086481
2.102252
1.174773
0.809352
0.838569
1.830548
0.609054
1.413854
0.582577
1.316675
1.319764
1.172926
0.492533
0.572850
0.522555
1.414683
1.297438
0.685221
1.885403
1.444609
0.649677
0.873976
1.193657
1.736985
1.246686
0.966102
1.720330
0.856573
0.849358
0.910709
1.694256
1.250543
0.205337
0.622249
1.181114
0.691076
1.211394
0.976225
1.681996
1.103701
1.345923
0.912505
0.694568
0.711073
1.166295
1.176015
1.185084
2.119247
1.397403
2.548909
0.526244
0.960536
0.295712
1.394208
1.078763
0.850111
2.212051
1.114905
1.947042
1.090918
1.418421
0.973807
1.035087
2.240872
1.842824
0.799378
1.393794
1.674275
1.937523
1.945243
1.544565
0.418256
0.372600
0.413083
0.504459
0.884617
1.405827
0.749315
0.875012
1.984795
2.400087
1.764717
1.338731
0.927294
1.430735
1.461456
1.488840
1.099469
2.449387
0.892358
2.098451
1.551113
1.311406
1.452545
0.842205
0.818875
0.410875
0.585446
1.492400
2.506481
1.252090
1.015589
1.669156
1.170006
1.507707
1.054937
1.670243
0.975229
1.032320
2.573292
1.375260
0.425279
2.336826
1.375870
1.330636
0.840662
1.240245
1.175676
1.032414
1.127289
1.646271
1.581728
1.573201
1.376653
1.848371
1.744049
1.099141
0.585506
0.190092
1.007110
0.695236
1.720311
0.868538
1.625680
1.742706
1.720346
2.242098
1.571082
1.118094
0.648847
0.859090
1.107297
0.420207
1.015968
0.680251
1.612215
0.874067
1.916976
1.166626
0.859144
1.426411
0.530763
1.392878
1.124445
1.550891
1.472852
2.683136
1.778490
0.499995
0.297315
1.673511
1.086031
1.705021
1.165416
1.296185
1.381792
1.039775
0.449903
0.353113
1.135710
1.505092
1.740059
3.153720
1.057476
2.046298
1.020715
1.621333
0.961763
0.632447
1.163817
1.250559
2.006361
2.123829
1.139052
1.159253
1.807785
1.449390
1.127654
1.643183
2.246328
0.738983
1.813887
0.794334
1.120863
1.053219
0.637847
2.691568
1.620360
0.917605
0.550871
2.039234
0.734532
1.209026
0.487670
0.773455
2.180335
2.318461
1.303089
1.854137
1.123522
0.817177
2.059901
0.936428
1.610213
1.217674
1.017491
1.491575
2.456087
1.214826
1.685658
2.595404
1.101220
0.453933
1.105611
1.480211
1.444638
1.614367
2.373288
1.943920
1.445134
1.035541
1.294760
0.526772
0.475534
2.150750
0.485360
1.071078
0.609181
1.868564
0.653305
1.678511
0.723679
1.003025
1.825825
1.752777
0.869698
0.363700
1.927516
1.518215
0.746432
1.056937
1.063244
0.253756
1.141289
0.271576
2.050127
0.753858
2.281457
1.508766
1.103011
0.636885
1.262418
0.687593
1.996906
2.240944
1.074216
1.265843
0.644699
1.424611
0.917818
1.533493
0.638677
1.565175
1.610829
1.129548
0.489064
0.869788
0.313343
1.453212
1.030732
1.557142
1.106487
0.860160
0.688250
1.779992
0.769412
0.430154
0.843290
0.381785
1.836267
1.256988
1.650907
2.041107
1.584825
0.847362
1.264135
0.446370
1.653255
0.874291
1.376711
0.796063
0.669444
1.265579
1.542405
2.866276
0.584671
0.955760
1.033920
2.574951
0.332468
0.697302
2.047661
0.779584
2.635966
1.451772
0.863850
1.951498
1.615773
0.608690
1.212943
1.381496
1.112113
0.780830
1.101871
1.803811
2.285290
1.726195
2.083996
1.295155
0.987103
1.003470
1.755083
0.905950
0.954530
2.936361
0.859225
1.153725
0.862130
0.728665
0.214232
2.225173
1.110213
1.681807
1.485147
2.513787
0.629266
0.510973
1.295490
2.178970
1.958962
1.686355
0.975362
1.436400
1.677575
0.582063
1.601811
1.149494
1.804635
2.151946
0.988832
1.225455
0.773555
1.529477
1.467068
1.696479
1.735949
0.615204
2.163749
1.348386
0.763917
1.199389
1.451933
2.149621
1.387235
0.984645
1.226308
2.247915
1.323831
0.396713
1.579956
0.346123
1.687809
1.908646
1.450449
0.501716
1.669087
0.734128
1.528564
1.032069
0.709832
0.785914
1.545845
1.754880
0.889815
0.964550
1.903932
1.542002
1.470205
1.897018
1.066604
0.915540
1.709605
1.662086
1.566116
1.495810
1.493106
1.972010
1.528314
2.333656
0.596886
0.901424
0.529543
1.537848
1.699799
0.627642
0.886775
0.968173
0.706556
0.919950
0.955759
1.009732
1.807705
1.296910
0.920221
0.957018
1.174587
1.317260
1.543916
1.385778
0.786343
1.591941
2.118727
0.698025
0.878702
1.596404
1.707390
1.130223
0.699738
0.544899
0.461320
0.832927
1.809322
1.557371
1.072495
1.468170
0.613940
0.503081
1.219265
1.281524
0.759373
0.390196
1.466181
1.208154
0.695855
1.136306
2.810310
0.987457
1.519356
1.078724
0.603402
1.251109
0.615436
1.823599
1.362340
1.023720
0.649013
1.507841
0.292905
2.080095
1.045780
0.627430
0.649200
2.874050
0.558220
1.945487
1.426378
1.836779
1.874628
3.083113
0.865269
0.403486
1.687064
1.921655
2.047413
0.733389
1.652098
2.171414
1.220718
0.830517
1.267663
0.803601
1.720621
2.362220
1.988397
0.279838
1.215747
2.155039
0.587894
0.145778
1.434405
1.424555
1.637469
0.651982
2.781177
1.204019
1.519627
1.957102
2.803323
1.242448
0.461615
1.979761
1.151815
1.112323
0.683570
0.909748
1.453754
1.355596
1.513637
1.310505
1.019481
1.221837
0.865738
2.677726
1.382689
1.421529
1.503840
1.622760
0.773173
1.120556
1.349852
1.079810
1.937236
1.010522
1.064513
1.247533
0.571514
1.527841
1.053768
1.072487
1.220025
2.167639
1.302091
0.803368
0.675066
0.576992
3.316577
0.268943
1.526950
0.720672
1.644790
0.919691
1.563936
0.781854
1.126901
1.425555
0.910185
0.907911
1.665992
0.989123
1.536858
0.699004
1.628452
0.387489
0.938819
1.532280
0.998942
0.975251
0.986028
1.748234
1.112265
1.459563
0.533823
1.032289
1.107767
0.543507
1.154742
1.695600
1.347002
1.211513
0.851080
2.868770
1.440546
1.450227
0.496849
2.312063
1.009637
1.074152
2.505422
1.346051
0.879574
0.982806
1.377680
1.768941
1.218104
1.591427
1.335094
1.337343
1.758868
1.633558
1.048030
2.785189
1.632018
0.549889
0.763448
1.310399
1.357392
1.599345
1.080787
2.407289
2.468580
0.911629
0.961373
2.149284
1.520655
0.707275
0.860746
1.020268
1.044618
1.111179
1.115134
2.853548
1.228302
1.284739
0.989239
1.703963
1.506300
1.344779
1.497682
1.798167
1.866428
0.766450
1.354055
1.051398
1.897377
0.952508
0.416072
0.770296
1.073517
1.146242
0.635842
1.371510
1.083730
0.982721
1.542895
1.256052
1.249635
0.751786
1.162275
1.779428
1.572179
1.164521
1.524860
0.534634
1.639357
1.482980
1.585268
1.597081
1.920784
1.051285
1.528210
0.640961
1.497913
1.484770
0.911169
1.159177
1.364018
0.281239
0.783534
1.584567
1.652123
0.987949
0.673053
0.736125
0.708860
1.820281
1.995340
1.814419
1.027097
1.562004
1.024589
1.377687
1.606316
1.236111
1.297998
1.440563
1.369344
1.264558
1.845996
0.725039
0.979273
1.365625
0.900645
1.649775
1.457480
0.891096
1.412390
1.078255
0.806592
1.269682
1.775123
1.320999
1.631458
0.939072
0.796661
1.904919
2.122095
0.938567
2.043178
2.120726
1.480901
1.450355
0.772780
1.741071
1.928884
2.057177
1.523061
1.026362
0.998112
1.902073
1.260350
1.184757
0.918160
1.083565
1.481898
1.317743
1.098237
0.605925
1.579947
0.460073
1.326510
0.662560
1.522039
0.994587
1.110396
0.980094
1.327563
1.497613
1.424955
0.930464
1.418106
0.775430
2.489999
1.304328
1.332865
0.624980
2.101602
0.642149
1.490864
0.217428
1.151984
0.343972
1.079952
0.632982
0.230075
1.573525
1.905942
1.583401
1.410187
1.569889
1.233807
1.346814
1.030626
1.768811
1.483578
1.486883
1.128439
1.291249
1.323372
1.143903
2.139819
1.059482
0.303769
1.243712
0.448705
0.690909
1.858636
1.057274
1.409513
1.329439
1.590828
1.941122
1.052542
1.513155
0.782839
1.591195
1.847082
0.616081
2.261874
1.502617
0.975383
1.736135
0.782254
1.002785
0.809565
1.024346
1.545699
0.610952
0.929100
1.251306
1.448321
0.836408
2.423422
2.322550
0.507370
1.134887
1.134184
0.777302
1.021804
0.545506
2.637258
1.186833
0.771614
1.764148
1.826288
0.689328
2.371504
1.172208
1.279602
1.377882
0.686582
0.963945
1.264202
1.086666
1.280256
1.868018
1.585690
2.340895
0.882573
0.295771
1.409375
0.826391
1.904160
1.283192
0.640202
2.383958
1.659595
0.328165
0.834569
1.054908
0.669714
1.357140
1.748044
0.815829
1.223363
1.630131
0.903289
2.339060
1.565090
0.931668
1.380040
0.971549
0.370966
1.814558
1.526718
1.690319
0.590655
1.010416
1.542113
0.495783
1.734266
0.789993
1.023191
1.577765
1.890510
0.903274
1.489741
0.431836
1.877859
1.455841
0.819654
1.001635
0.827633
1.370609
2.818799
1.121264
0.833863
0.614454
1.021197
1.832581
1.536640
0.613150
1.165353
0.503278
0.618348
0.992853
0.364778
1.386470
1.787986
0.578917
1.690862
1.223316
0.808361
1.951067
1.302542
1.221833
1.172811
0.715881
0.694538
0.928337
1.202085
0.918298
1.263379
1.407087
0.189367
1.945194
0.856376
0.812990
0.591821
1.818449
0.930652
0.614034
1.627446
0.698121
1.737246
2.625290
1.909900
2.079344
1.770612
0.704329
1.687678
1.269416
1.733407
1.213180
0.847101
1.701024
0.922323
0.792903
0.248531
0.870622
1.175648
0.556781
1.358394
0.412946
1.830514
1.900838
1.337970
0.513223
1.233891
0.680601
0.979106
1.317780
0.946858
1.233851
1.497683
0.957847
0.693533
1.787916
1.203086
1.130857
0.878395
1.551396
1.232044
1.081428
1.032850
0.530852
1.349204
1.041837
0.118979
1.137579
1.471750
1.875867
1.496701
0.996463
1.324931
1.347263
2.309657
1.348842
1.187526
1.632647
1.154313
1.199108
0.735876
1.530796
1.238560
0.917132
0.810864
1.744049
1.195429
1.382340
1.516337
1.078833
0.935184
2.371221
1.829029
1.268036
1.176199
2.030304
2.197744
0.922533
1.645088
0.350760
1.841530
0.683006
1.243558
1.347214
1.261906
1.048153
1.404688
1.952878
1.716950
0.357235
2.300108
1.810065
1.948383
1.120553
1.098063
1.786531
1.839168
1.612597
1.060499
1.305834
1.462263
1.622276
0.434891
0.548690
0.748829
0.650568
0.882760
1.297523
0.487744
1.473493
1.318482
1.376506
1.142730
1.036435
1.627471
2.126749
1.071298
0.991876
2.245346
0.353720
1.024408
1.949051
1.100280
1.217631
1.669929
1.515565
1.798542
1.338973
0.862425
1.676083
1.365574
0.496444
1.117959
1.326902
1.149019
1.665381
1.446716
0.980087
0.840354
0.705101
0.614931
1.781393
1.356356
0.887268
0.691945
0.313838
0.869721
2.480168
0.522262
1.014944
0.650158
1.198489
1.589446
2.219085
1.174366
0.984735
0.796949
1.139724
0.600852
1.916641
0.278043
1.490582
0.656945
0.552043
0.932624
1.231525
1.171265
1.332399
0.888805
1.508067
1.706164
1.076419
2.025741
1.060315
0.829550
2.125098
0.134398
0.605318
1.123324
2.144076
1.516905
1.900859
2.076121
1.105634
1.314579
1.129791
0.669147
1.158960
1.506309
1.432805
2.319026
0.659866
0.974674
1.570022
0.418976
1.312128
1.186113
0.554015
2.148715
2.078848
0.421549
1.416398
