1.163126
1.011325
1.584531
1.396383
0.684968
1.273241
1.772184
1.077917
0.463235
2.313263
0.617145
1.198682
1.554135
1.410734
1.734777
1.635024
1.781519
1.126768
1.722947
1.947584
1.998428
1.557850
2.306519
2.414537
0.964711
0.463179
2.195065
0.706893
2.269033
2.160946
1.725726
1.686363
1.566886
1.765266
2.001260
1.143797
0.940620
1.439545
1.333970
1.781872
0.813620
1.512391
1.586498
2.530177
1.748155
3.293703
2.486074
1.414739
1.136024
1.109823
1.652790
1.839402
1.915574
2.335460
0.992934
1.385413
1.519329
1.812450
0.582750
0.223875
1.709866
1.336392
1.157538
1.391973
1.158060
1.078235
1.057733
1.403596
0.602740
1.303458
2.325821
1.342412
0.581394
1.595337
1.909868
0.925562
1.062572
1.350309
0.552494
1.709638
1.777648
1.227225
2.031608
1.430112
1.185090
0.378890
0.728297
1.230124
1.012927
0.764284
1.477605
1.657406
0.822591
1.601324
1.499313
1.544138
1.496375
0.666139
2.131140
1.688997
1.346336
1.271489
1.444570
2.278871
1.598163
0.904135
2.359364
0.903966
0.469454
2.063226
1.349515
1.553489
1.753755
0.762112
0.808692
2.168308
1.296302
0.724395
1.199226
0.379430
1.139799
2.040643
2.470707
1.108764
1.660756
0.612247
1.309452
0.642440
1.255468
0.976448
1.484451
2.057625
1.174292
1.085234
1.990993
2.567788
0.975339
1.488642
1.504245
0.546877
0.680826
0.900188
2.095716
1.756315
0.389986
1.057257
2.028064
2.020919
1.183329
1.503445
1.930119
1.438786
0.861820
1.364136
0.890144
1.322500
1.504865
1.448617
2.297620
0.420770
0.803666
2.107707
1.356895
1.482647
2.233659
1.039635
1.816410
2.073198
2.291799
1.797541
0.603130
1.957621
1.893706
1.461838
1.340595
0.819129
0.977765
1.377513
1.133976
2.249751
1.302690
1.238215
1.228586
1.131749
2.371853
0.927942
1.343527
2.397197
1.285423
0.969064
2.236658
0.911417
1.389686
1.787101
1.665742
0.430434
0.706634
1.329654
1.808246
2.282892
1.193387
1.791522
1.230498
2.229011
0.646902
1.917168
1.447395
1.559150
1.289465
0.981220
2.846495
1.651700
2.330518
1.915583
1.644491
1.044155
1.300422
1.312129
0.887338
1.494768
0.805138
1.564292
0.552915
2.728774
1.712941
0.864386
1.658014
0.990722
1.225646
0.865588
0.578789
0.646251
0.502502
0.605333
1.515934
1.246746
1.178160
0.880452
1.495400
2.492500
1.345815
0.815006
0.471274
1.321632
1.183594
2.088424
2.351532
0.875249
1.476224
1.289701
1.439614
0.618932
1.484471
1.736569
2.582517
1.750453
0.911108
2.707862
1.363925
2.618129
1.958393
1.541183
1.532201
0.978458
2.853251
1.299323
0.844604
1.713776
1.988039
1.427799
1.766844
2.445050
1.806248
1.761858
0.960198
1.915823
2.332201
1.941056
1.908853
2.198028
0.559601
2.108211
1.690526
2.439025
2.047057
1.395817
1.349530
2.681220
0.834048
1.737952
1.464868
1.638198
1.999511
0.973474
1.677974
1.889814
1.096516
2.120974
0.800004
0.561164
1.473903
0.522279
0.913206
1.350530
2.121615
2.396092
1.937791
3.499891
0.956815
1.390965
1.427167
0.499104
1.200297
0.766657
1.055224
1.256498
0.687105
1.811801
0.475418
1.436104
2.431591
1.423720
2.645765
1.361546
0.612902
1.681396
0.793960
1.312585
1.116106
0.593313
1.355588
0.495629
1.393134
0.400441
1.379894
2.336889
0.885723
3.627949
2.286612
0.712305
0.546391
1.205112
1.939084
2.138585
1.078890
2.032106
1.157955
1.708129
2.235070
0.467381
1.662445
2.812972
2.003125
1.688612
1.408001
0.466164
2.359950
1.393703
1.348962
1.178634
1.910038
1.002875
0.594290
1.455340
2.820885
3.381964
0.379310
1.665012
1.417596
2.465216
0.759039
1.453068
1.682834
0.660852
1.465379
0.474623
1.536346
2.298533
1.015882
1.145322
1.089671
1.680185
1.491908
0.431514
3.356801
2.169986
0.644951
2.333061
2.868749
2.512729
1.358191
1.828356
1.696020
0.738396
1.710372
1.600978
1.799149
1.053835
1.217784
2.489796
0.990081
1.661605
1.440512
2.350933
1.712626
3.090493
1.758096
1.850295
0.650513
1.503252
1.718084
2.274552
0.757453
1.931182
1.296992
1.331544
1.972282
1.304442
1.525167
0.162815
1.004168
1.650505
1.078567
1.959296
1.621976
1.252617
1.782796
1.896808
1.801788
1.543521
2.315250
2.018997
2.034528
1.919028
2.156894
2.672502
0.745523
1.705318
1.327746
1.306881
2.295121
1.846435
1.996796
0.888177
2.259929
2.079815
0.959311
1.168844
2.505299
0.595607
0.978941
1.451296
1.942952
1.346593
0.765879
1.921101
0.880439
1.966820
0.997776
2.846643
1.599793
1.361477
1.716333
2.537727
1.791133
1.337651
1.367855
0.614272
0.745818
0.373613
0.777991
1.980092
2.240313
0.865058
1.077540
0.881595
1.454339
1.287213
2.751125
0.616632
1.166588
1.069022
2.606947
1.072475
0.657249
1.144846
1.623672
0.743410
2.172085
2.041772
3.118925
1.627971
1.509733
1.484410
2.021575
1.087796
1.762202
0.871403
2.431449
1.178453
2.218987
1.681907
2.322677
0.532185
0.889690
1.487195
1.471080
3.063428
0.928288
1.226560
0.887913
2.661555
0.434558
1.219179
2.908991
1.036477
2.022123
0.654087
0.992622
1.224717
1.005275
0.717759
2.349980
1.670459
1.519718
0.477927
1.354229
1.788677
1.521319
2.129053
0.828080
0.677494
2.884917
1.402024
1.143666
1.345818
1.595161
1.596735
1.851459
1.948330
1.342991
3.528414
1.363435
1.473892
0.502988
1.264574
1.043861
0.182770
1.646180
2.062725
1.013198
2.347744
0.752058
0.806665
1.352815
1.214814
1.486302
2.490215
1.525247
1.861613
1.021969
1.977071
1.955473
1.922804
0.369541
1.960227
0.985521
0.902254
0.952862
1.762190
1.710520
0.664632
2.145578
0.895325
1.292272
1.761847
1.847490
2.049304
1.247025
1.520323
2.093196
1.555773
1.585374
1.769300
1.739982
1.862822
0.618085
1.398083
1.723038
1.680556
1.589580
1.368205
0.351849
1.877313
0.681931
2.152948
1.916169
1.535422
1.098472
1.640875
1.879155
1.486572
2.291297
2.036517
1.619388
1.714274
0.784303
0.997572
2.378488
0.444833
1.740283
0.533294
1.109891
1.738760
2.564208
0.555760
0.609016
1.380621
1.459480
2.521967
1.532241
1.199506
2.643807
1.977492
2.011521
1.182360
1.046077
1.320901
1.037789
0.500651
1.558758
1.632274
1.052456
1.482112
2.167586
0.686920
2.699584
3.838647
2.013443
1.962886
1.266514
1.099718
1.033109
1.699335
1.714951
0.731238
1.637109
1.426004
2.089962
2.064244
0.848646
1.782830
1.986640
1.447836
1.244594
0.986372
1.033311
2.029119
0.811381
2.470940
2.088991
1.636343
2.345593
0.487469
1.843857
1.626127
0.712827
1.691799
2.843534
1.025021
0.941110
2.150756
1.987722
1.630342
0.946191
0.457869
2.688084
1.604933
0.914016
1.847268
1.044381
1.284992
1.059335
0.892343
0.899300
0.646114
0.572947
0.844654
1.516070
1.060824
2.078432
2.511638
1.483168
1.595295
1.010227
2.021499
1.152029
1.073354
1.222941
1.328394
1.637242
1.756625
0.739548
0.665212
2.174848
1.869073
1.249980
1.494852
0.987669
1.295176
2.106297
0.975324
1.444045
1.419548
1.524101
1.705990
1.364501
2.262326
1.983940
1.398972
2.107487
0.632603
1.765359
2.272417
0.932254
1.076414
1.044960
1.937445
2.334020
1.750408
1.304795
1.764481
2.205449
1.553485
2.123260
1.370720
1.232089
1.138857
1.395717
0.652265
1.260541
0.793742
3.228898
1.037552
1.057097
1.973269
1.708943
1.741171
1.455514
1.878657
1.548634
0.998197
1.699741
1.590322
0.595459
1.432531
0.976141
1.603067
2.467767
0.620716
1.723753
1.788017
2.474611
1.771992
1.382821
2.057846
1.934321
0.983196
0.856471
1.398797
0.899647
0.424717
1.084204
1.865174
1.320429
1.768551
1.043055
1.199980
1.339532
1.586160
0.639731
1.804525
1.490151
1.362364
1.870801
1.741448
1.554728
2.161184
1.138243
1.087395
1.713490
1.028879
1.672703
1.596542
0.662272
0.482559
0.896726
1.517513
0.831768
1.979286
1.217629
1.598661
1.619181
1.991777
0.341295
0.402770
0.709897
1.517285
1.745719
1.957953
1.319060
1.065074
1.112953
2.040248
1.955249
0.954258
1.279750
0.505520
0.938235
1.461183
1.133944
0.976274
0.819838
0.899504
1.050926
1.657230
1.188636
1.009456
2.309451
1.147170
0.131523
1.244013
1.516648
0.833526
1.120602
1.027130
0.813290
1.971153
0.658200
1.238460
0.704114
1.025780
1.506902
1.302644
2.046918
0.551346
1.171810
1.039075
1.961663
1.401165
0.970461
1.098386
0.912364
0.654745
1.782997
1.201402
2.077876
1.265939
0.862030
1.098647
1.146829
1.516694
2.028688
2.067305
2.201209
1.551365
1.654521
1.851343
1.551730
1.325554
1.269573
1.265715
1.435830
1.633500
1.737847
1.664180
3.018345
2.165270
0.856930
1.499871
2.134043
2.015249
0.830379
1.743677
1.747095
1.271995
1.813230
0.581678
1.584342
0.957496
1.799670
1.688482
1.137364
1.303907
1.334230
1.299000
1.545011
0.440354
1.645133
1.339109
0.958752
1.000272
0.542056
1.770712
1.815395
0.565735
1.066410
0.583120
2.246821
1.168222
1.047190
2.114239
1.652584
0.496089
1.465749
1.705143
0.331333
1.230859
2.529840
0.348258
0.908087
1.352044
1.740028
1.456827
1.555632
2.428437
1.173354
1.488225
0.947134
0.742544
1.733689
1.037977
0.597566
0.672417
0.677910
3.702619
1.320209
0.930864
1.612384
1.653623
1.247830
1.693227
2.094330
1.391392
0.987510
0.581007
1.013823
1.887964
2.278336
0.817162
1.602674
1.138214
1.670427
1.129417
1.968497
0.709727
1.453284
1.223248
1.778719
0.956328
1.381002
1.007634
1.893703
0.891139
1.952893
0.432743
2.195722
2.305570
1.680421
2.174482
1.722457
0.497585
1.006336
0.972402
1.003324
1.042463
0.950079
1.225339
2.405300
0.644156
2.056619
1.612220
1.197763
1.608910
1.688425
1.150895
1.626115
1.443850
1.391629
1.515211
1.453135
1.795113
1.746666
1.158474
0.736295
2.456442
0.851590
1.408602
0.497797
1.075596
1.562899
2.275640
0.902733
1.996280
1.703584
0.672716
0.686496
1.247963
0.841003
2.198777
1.376894
1.338156
2.399910
1.028438
0.694292
1.056547
2.142068
1.350550
2.683438
1.893229
1.978049
1.207918
1.299694
0.658861
1.816223
2.424879
1.738549
1.383671
1.025505
0.928806
1.772725
1.150644
0.756341
1.539764
1.581164
1.902414
1.499351
1.529827
0.619566
1.835128
1.667289
0.710986
1.330112
1.809064
1.303166
1.434919
2.293720
1.094316
1.278931
2.073916
2.315868
1.987262
1.047752
1.737183
1.355725
0.834463
1.948300
0.410721
2.208945
1.138380
1.717097
0.785026
1.815040
1.457122
1.844717
1.486563
1.057215
0.787939
2.151153
1.386734
0.971670
2.554575
0.757770
0.791531
1.558929
1.484556
1.460212
2.534504
1.209888
1.699596
1.297461
0.677835
1.277341
0.795698
1.514631
1.643846
0.733436
1.240052
1.495824
2.251307
1.207055
1.616361
0.424216
0.895761
1.032707
1.626641
2.238502
1.455559
1.729823
1.040087
2.598855
1.194576
1.692923
0.483492
1.617290
0.958898
0.860639
2.084129
1.660807
2.195654
0.933153
1.930721
1.269649
1.685450
1.965584
0.888037
2.416394
1.706473
1.736467
3.011806
1.709046
1.390076
0.833710
2.185417
0.875776
1.873358
1.910553
1.090822
1.321602
0.841191
2.109340
0.790038
1.066380
0.997272
0.822919
0.508468
1.954871
1.950467
0.547913
2.039367
1.775451
1.564106
0.912587
1.959959
1.768357
1.023385
1.446037
0.821070
1.534540
0.523098
1.082219
2.038204
0.852763
1.223068
2.640422
0.597597
1.529564
0.856892
1.909974
1.062237
0.915431
2.222397
1.477870
1.186599
0.653804
1.762807
1.011086
0.574575
1.890559
1.157120
2.909121
1.393647
1.115913
1.752210
0.662804
0.994643
1.802233
0.965509
1.580316
0.787755
1.435747
1.628873
2.029405
1.800438
0.992139
1.694872
1.172706
1.186487
1.484730
1.998963
1.811679
1.393932
2.030271
1.258181
2.629177
1.217313
0.597894
1.200294
2.908351
0.589893
1.233694
0.521036
1.859704
1.985889
1.324755
1.415946
1.065638
1.111648
1.251001
1.618744
0.846291
2.520497
2.532892
1.680278
1.069413
1.020922
1.319875
1.278723
1.531823
1.542094
2.520925
0.591496
1.051403
0.765926
1.337763
0.790568
0.222826
0.880242
1.860016
1.400925
1.272253
0.389499
2.285793
1.717845
1.234044
2.002882
1.327934
1.037231
2.050421
0.126453
1.385457
2.849418
1.417748
1.911506
0.858261
1.602252
1.522218
1.486215
0.530075
1.896157
0.871628
2.742858
1.944234
1.601702
1.544163
2.452433
1.069250
1.984774
1.080660
1.100831
0.707212
2.459064
0.341935
0.929858
0.815182
1.379928
0.376036
0.620759
1.361977
2.537257
1.725959
0.725303
1.892129
1.633587
1.660102
1.184207
1.717759
2.297684
1.764129
1.584359
1.283655
0.719455
2.069585
2.179798
1.029331
1.650666
1.474516
1.621132
1.832065
1.065844
1.636188
0.662674
1.912890
2.045409
1.859524
1.418753
1.637631
1.742832
1.699935
2.020681
0.991201
1.200582
1.431827
2.753299
0.673489
2.763632
1.734917
1.171468
1.129074
2.127760
1.310182
2.219541
1.472222
0.937584
0.994587
1.402815
0.909725
0.798478
1.800150
2.267833
2.019759
1.201500
1.195782
1.497303
0.435148
1.253734
2.555466
1.050870
0.442838
2.973661
1.143982
1.114937
0.443315
1.710526
1.316420
1.397463
1.983512
1.345472
0.815988
2.036496
0.816293
2.423632
0.591754
1.371449
3.342909
2.310854
1.097706
1.286955
1.234881
0.598243
2.388749
1.027804
0.973568
0.618208
0.815887
1.472062
2.092260
1.539676
1.861640
1.576165
0.942452
1.748801
1.616505
2.347411
1.544670
0.411368
1.343469
1.615989
0.737660
0.719071
2.210866
2.196944
1.681187
1.399091
0.613741
0.639955
1.963714
1.799881
1.010150
1.005934
1.208254
1.658704
1.621348
1.029301
2.344665
0.484506
0.755005
1.680450
1.057805
2.305289
1.909245
1.257723
1.385796
0.747282
2.075578
1.657421
2.285598
1.898885
1.803075
0.397717
0.654266
2.015472
0.523314
1.709969
2.145410
1.152367
1.954499
1.972777
1.596883
1.278260
1.407019
0.893089
1.271971
1.083637
1.477825
0.548884
1.296596
1.812184
2.190993
1.492622
0.686486
1.199659
1.336945
1.269983
1.351562
1.776256
1.290420
2.880526
1.147859
1.136729
1.891819
0.240457
0.888839
1.845149
2.607083
1.651395
1.344939
0.633216
1.584069
0.282326
1.283049
0.827822
1.763967
1.096795
2.529395
0.724192
1.801810
2.129340
0.964777
1.320138
0.863789
1.416104
0.885742
1.157044
1.632960
1.630169
2.009243
1.917857
0.425281
1.686869
1.007213
1.916633
1.073047
2.020453
1.768910
1.984445
2.035657
2.442270
2.562689
1.969183
0.321479
2.019536
1.126137
2.374934
1.643688
1.351121
2.143954
2.256465
1.687360
0.204762
1.883594
1.880355
1.260755
0.416143
0.608475
0.977888
0.650168
2.278595
2.453825
1.609402
1.307961
1.402630
1.281493
1.202779
0.683081
1.265040
1.805764
1.134888
1.741484
0.713267
1.963890
0.373078
1.342078
0.881464
1.720078
2.206247
1.068180
1.655635
1.579963
0.865113
0.439419
0.482265
1.585413
1.192922
1.924604
2.034809
1.725031
1.800059
1.892303
1.737840
1.664366
1.067008
1.173131
1.084068
0.801612
3.273919
1.900555
2.290660
0.940425
2.162332
2.195714
0.910635
1.063263
2.321556
1.129515
0.621497
2.164424
1.475238
2.817103
2.146786
1.659861
1.455543
1.535962
1.862978
1.529684
1.532581
1.989095
0.878370
1.779712
1.059070
1.437360
1.701909
1.221670
2.048815
1.976403
2.383588
1.300031
3.056806
0.829656
0.434293
0.780296
1.102937
2.260952
1.741398
1.284916
1.289039
1.514355
1.152972
1.654415
2.113319
1.814085
0.585958
0.832566
0.944064
3.331876
1.105532
1.471647
2.202525
2.135358
1.200758
1.312552
0.558381
0.640166
1.056941
1.067612
2.487678
0.846717
1.350979
0.802983
2.042842
1.141047
1.343333
1.317744
1.889853
1.357354
0.973449
2.185763
1.407256
1.743215
1.528041
1.335989
1.448343
1.446871
1.961157
1.344178
2.347167
0.926308
1.732687
2.411409
1.317000
1.285357
1.343539
1.475337
0.688888
1.551515
1.481778
1.936143
1.884630
0.830199
1.581391
1.822803
1.974982
2.283265
2.080662
1.335248
1.789625
0.966890
1.555445
1.471161
1.198169
1.527736
1.116246
1.284019
1.869667
1.429498
0.926439
0.701775
1.133530
0.540388
1.836375
0.377167
0.921655
1.058067
0.850455
1.395299
1.228387
1.537085
0.544630
1.930402
0.528020
0.927901
1.328024
1.045222
1.221488
2.687348
1.500790
1.407301
2.271270
1.182278
2.608358
1.554332
2.429941
0.790495
3.048437
1.113203
1.701057
2.114638
0.694933
0.809708
1.395325
2.124586
0.848072
1.545991
1.014665
2.007995
1.616797
0.801236
0.320679
2.301470
2.153775
1.083154
1.535302
0.617863
0.668144
1.685600
1.577277
1.108662
1.171329
1.644177
2.372141
1.146965
1.566277
0.947599
1.777181
1.468919
1.196428
1.302940
2.036621
2.148678
2.080081
1.464411
0.965080
1.804825
0.690030
1.408557
1.619900
1.053775
1.377718
0.443125
0.719854
1.025169
1.299425
2.547914
0.726410
1.214038
0.747170
1.472991
0.712834
0.987841
0.389173
1.156396
2.152026
1.145357
0.987869
1.151893
1.842389
1.660865
0.717940
1.510972
1.267470
0.285537
0.813392
2.436550
2.118507
1.164023
0.737433
2.811091
0.747310
2.191068
1.400436
1.412175
0.814551
1.529718
0.860758
1.803596
0.952455
0.738977
1.100735
2.293947
0.985447
1.843731
1.397911
1.561552
1.675363
1.370825
2.036164
2.389883
2.612834
1.940609
1.818988
2.033260
0.973847
2.254016
0.498822
0.571663
1.306860
1.875309
1.041705
0.934872
0.457667
1.404458
1.389482
1.383090
0.513653
1.487167
1.419363
1.034859
1.555756
2.422238
0.731407
1.650801
1.647336
1.344512
1.016552
1.212050
1.281043
2.718893
0.995963
0.262300
1.209902
1.938592
0.332075
0.692575
2.638981
1.667366
1.707879
1.044315
1.276229
1.358770
2.152516
1.673197
1.552555
1.767886
1.541996
2.180303
0.428372
1.317858
2.082418
1.974116
1.353743
0.677901
2.301643
1.992689
2.049062
1.931176
2.347656
2.116737
0.592444
0.999127
1.430657
1.687255
1.419428
2.142358
0.677409
1.183954
2.362727
1.695878
2.249906
1.876404
0.689823
0.633274
1.150212
1.295046
2.511620
1.055680
2.106711
1.460480
1.015356
1.627278
1.828777
1.549868
1.765634
1.684923
2.462797
1.216971
1.216276
2.136073
1.372222
1.493404
2.367894
1.868875
0.944477
0.881709
1.786578
1.745712
1.475009
1.777722
1.248502
1.485458
0.673172
0.974070
0.604134
1.090145
0.638787
2.374097
1.013445
1.958608
0.668737
2.336190
1.727264
1.956371
0.940761
1.878991
1.860626
0.893870
1.262297
1.490890
1.794735
1.518238
1.454332
1.530577
1.852201
1.859974
0.917131
0.633627
1.073689
1.565168
2.307563
0.687246
0.741955
0.894310
0.889767
1.197072
1.642380
1.081480
1.373583
1.473740
1.512873
1.614943
1.457716
1.829002
0.914628
1.661505
1.524386
0.985216
1.765825
1.095953
0.933336
0.681370
1.534122
1.234263
1.167716
1.019368
1.026168
1.205602
1.347477
1.151084
1.345282
0.809394
1.088174
1.194454
1.282169
1.931880
0.985747
1.353828
0.516566
0.905059
1.095675
1.795284
2.227161
2.632247
2.095704
1.915563
1.355923
1.072187
1.232540
2.189576
1.203331
0.777423
1.699455
0.571594
2.030611
1.217950
0.907822
1.363191
1.280418
1.811849
2.030709
0.648223
1.612009
1.044625
1.524039
0.585163
1.148876
1.723978
1.400998
1.283380
1.301023
1.431452
1.298639
1.180311
0.952478
1.151439
0.567789
3.093798
2.541952
0.263775
0.804474
0.701897
1.936233
1.383507
2.171547
0.825890
1.219903
0.976002
1.328601
2.666844
1.359737
2.242940
3.086821
1.975345
2.435460
1.325136
1.780781
1.370086
2.326776
0.776588
1.641025
1.452491
1.346144
1.129319
1.099033
1.673748
2.683283
1.623767
1.231101
1.222592
1.356860
0.659252
2.610877
0.877149
1.090877
1.980095
1.369180
1.768690
1.604657
1.912348
0.278135
1.155488
0.816856
1.612624
0.949660
1.794234
2.326286
0.754825
1.414682
1.225865
0.607399
1.564904
2.059648
1.676153
1.386767
0.383474
1.664983
0.642462
0.360098
0.978351
0.840000
0.525848
1.056711
0.685721
0.966578
1.695728
1.474747
1.333915
0.713413
1.545114
2.377144
2.698996
1.310189
1.993301
1.605782
2.178819
2.016191
1.088674
1.248704
0.746389
1.935568
0.714669
1.242903
1.423541
2.919108
0.608498
0.891436
0.810376
0.512964
1.359053
0.466445
0.508039
2.467332
1.167357
1.663620
0.957040
0.681854
1.977262
1.933697
0.869430
0.766438
0.912343
1.810225
0.896939
1.089256
0.882332
1.751341
1.402642
1.612867
1.491707
1.208544
1.219749
0.637813
1.118100
0.987593
1.744356
2.042184
0.883867
0.945072
1.741706
1.172833
1.366764
0.617580
1.549533
1.822118
2.111411
0.450153
0.508636
0.294333
2.853314
1.068379
0.985938
0.695957
1.756675
0.475118
1.054727
1.261241
0.979177
2.255665
1.546496
1.594145
1.014748
1.534379
0.473756
1.058274
1.410419
1.482129
0.368264
0.905668
1.432959
2.075905
1.115655
0.921278
0.971776
0.615109
1.474784
1.820173
1.695718
2.294706
1.877811
0.957992
1.748863
2.525465
1.099490
1.667394
1.827544
1.923374
0.989007
0.378431
1.586234
1.788739
1.329915
0.712080
0.918044
2.151480
1.883589
0.822669
1.667780
2.121243
1.123640
1.279280
1.170480
0.743603
1.317266
2.580761
1.473422
0.876039
2.391316
0.637522
1.179913
2.110660
1.212169
1.205389
1.233053
2.660018
0.909204
0.577791
0.773587
0.766948
1.735098
1.984352
0.572318
0.724027
1.903834
1.530620
1.798000
1.189284
1.524654
1.286625
0.956258
1.556165
2.466873
1.275457
2.296933
1.241387
1.019258
1.239008
2.555662
1.269304
1.807766
0.868347
0.992397
1.449968
2.065173
1.538960
0.335192
2.056789
0.664296
2.597758
0.894243
1.822019
1.509448
0.891598
2.068155
2.149226
1.363681
1.298023
0.778779
0.581564
2.063994
0.363113
1.583911
2.396174
1.060534
2.118704
1.503047
2.700451
2.096150
0.414066
0.570850
1.250047
1.045716
1.300775
0.713811
1.720524
1.818907
2.608746
0.929941
0.745493
0.344766
1.167625
1.545480
1.785087
1.221390
0.607606
0.722842
0.654988
1.466733
1.307716
1.349508
1.283973
1.229563
0.654966
1.207863
1.243803
1.302526
0.926373
2.181165
1.752909
0.902198
0.381665
1.850544
2.503641
1.563091
1.477148
1.728001
1.913967
0.956250
0.858376
1.273299
1.014094
1.413460
1.995152
1.401284
2.381987
1.202209
1.533227
0.449074
0.893995
0.722996
2.256504
0.652204
1.665217
0.904264
2.194556
1.018283
0.284795
1.798299
1.588686
0.641389
2.417991
0.600732
1.294501
1.282677
2.634235
1.678754
1.345447
1.029987
2.476843
0.550203
0.511422
1.176482
0.944065
1.672254
1.613778
1.015680
0.757447
2.006464
1.512145
0.602766
1.561832
1.762339
1.914536
1.803492
1.115237
1.235406
1.243917
0.889554
1.232365
1.011281
1.850474
0.990202
0.508913
2.591990
2.589466
1.322866
0.795097
0.920456
2.078523
0.596868
1.839309
0.880792
0.634299
1.577243
1.376872
1.720478
1.046692
0.957122
1.410023
1.681907
2.197497
0.912809
1.938534
0.639731
1.900299
0.700212
1.443106
1.589150
2.291440
0.712141
2.469889
1.413714
1.530565
2.509841
0.896856
0.812826
0.977443
2.556507
1.991544
1.466134
2.943120
1.265321
2.261858
1.567742
1.286504
1.355491
1.248508
1.261286
1.243275
1.493274
1.222707
1.570401
0.862966
1.814937
1.773693
2.315209
2.040974
0.853463
0.553498
0.542543
1.434292
2.088830
1.544447
1.503923
1.779247
2.335300
2.360406
2.139728
1.505517
1.182167
1.940584
0.951989
1.598670
1.236927
1.533497
1.210743
1.779696
1.351225
0.855472
2.280333
1.747370
1.711415
1.517116
1.177209
2.377436
0.944296
2.196672
1.573012
1.507032
1.425543
2.954704
0.710021
1.748653
1.082039
0.253180
0.365273
0.993712
1.511914
0.899278
1.428418
2.484008
0.803093
1.143842
1.027999
1.048500
1.615249
1.833724
1.750696
0.736991
1.231034
0.539746
1.606187
1.344121
3.196866
1.934267
2.273726
1.197372
0.900340
0.611162
3.033923
1.371835
2.029402
1.141979
0.777677
1.500401
0.677392
1.808970
1.084645
1.573322
1.092194
1.285035
1.801747
2.782723
1.668975
1.727107
0.420763
2.531891
1.546996
1.651452
1.661381
1.595694
1.136456
2.440805
1.895859
1.812123
1.661234
1.072413
2.472730
1.531123
2.794317
1.358582
1.271114
0.370165
1.070653
1.887202
0.699960
0.892867
1.528705
1.158911
1.148954
1.582861
1.196849
1.657209
1.042186
1.573918
1.641401
0.943118
0.954720
1.575071
2.284986
1.387810
1.808882
1.149890
1.234965
1.233189
0.690456
1.149470
0.928394
0.993529
1.947604
1.168520
1.230214
1.840864
0.553548
1.325660
2.420170
0.962468
2.306019
0.891796
1.321363
1.056271
1.447251
1.870602
1.982158
2.094639
1.349356
0.693206
1.254434
0.869787
0.835963
1.892058
1.951990
2.055555
1.241707
1.097515
0.745383
0.681704
0.704734
1.782201
1.597051
0.513780
1.451081
1.740932
1.003060
2.157995
0.791534
1.493009
0.697585
1.769672
0.681958
1.198877
1.014954
2.385298
1.057356
0.897676
2.877310
1.784003
1.864119
0.728464
2.878504
1.792081
1.086282
1.266181
1.966132
0.613498
1.052093
2.171046
0.983871
2.420085
1.211848
0.472720
1.439120
1.364443
2.297902
0.744647
1.666158
2.047022
2.063463
0.772643
1.108899
1.068929
0.627174
1.342062
0.978167
2.916575
2.691784
1.456425
1.657893
2.328046
0.582129
0.884630
1.869654
1.487045
1.890488
1.635884
1.609824
1.124282
1.915361
1.302045
1.700099
1.844142
1.401752
0.909433
2.101700
2.544927
1.822684
2.603379
1.175375
1.166668
1.038675
0.627677
0.938642
1.312576
1.684703
1.027500
1.818017
2.229446
1.113949
2.478416
2.138938
0.977039
1.996553
0.684259
1.449198
2.032950
1.064674
1.984532
0.533810
1.136752
1.361474
1.722559
1.330859
1.449302
1.261353
2.682658
1.821601
2.241296
2.029950
1.519825
3.423790
2.129579
1.655625
1.722699
1.260364
0.592889
1.377732
1.306826
1.539433
1.934103
1.004501
1.654912
1.695168
0.938279
0.913844
1.229420
2.067693
2.057778
2.403503
1.756891
0.716931
1.413744
1.071072
2.152578
2.592840
2.530352
2.180544
1.318159
2.136097
0.907728
1.516669
1.869995
1.735867
2.778461
1.447545
1.750607
1.595036
1.809737
1.903143
0.807104
0.943639
1.328991
2.122765
1.476775
1.241820
0.970860
2.632748
2.027881
2.132030
1.926087
1.605782
0.631931
0.864647
1.651856
1.164775
0.713766
1.730334
1.932439
0.827558
0.625779
1.684038
3.403274
1.196633
1.097108
1.767467
0.532967
0.602441
1.148813
1.572418
1.435516
2.242448
1.843168
1.260357
1.732957
1.649278
1.545437
1.318398
1.712447
1.871631
0.983797
1.117844
0.956244
2.219472
0.808919
0.789983
1.169803
1.127858
1.561064
1.960392
1.640485
1.333438
1.724511
0.626725
1.016859
1.972835
1.086432
2.148128
1.581014
1.728034
2.506480
1.254325
1.596473
2.520951
1.577876
1.889380
1.375895
2.619469
1.203281
0.885284
1.655134
2.112240
1.661656
1.282663
1.328135
2.384228
0.807080
0.725753
2.078159
1.303057
0.494729
0.204733
0.447294
1.503859
0.930682
1.901856
1.474143
2.074420
1.563011
1.426444
1.431861
0.796333
0.799727
2.577257
1.214384
1.406171
1.863426
1.361910
1.178827
1.728763
1.160456
2.664443
2.730036
0.905679
2.130054
1.275957
2.228550
0.854476
0.610085
0.972827
2.014887
0.857596
1.028032
2.086949
1.888458
1.164927
0.778013
1.961340
1.310265
1.105228
2.414664
1.183223
1.746164
1.797121
0.873044
1.324151
0.704559
1.868168
0.505084
0.935631
1.303306
0.781541
0.375249
0.643920
1.032668
1.946479
2.615447
0.660788
1.280185
0.905603
0.933175
1.197349
1.623026
1.897320
0.908911
1.669316
0.955731
2.191045
1.055317
1.228617
1.659058
0.980544
1.838362
2.188074
1.029006
2.320172
2.103134
1.163429
1.512133
2.356800
2.841602
1.507806
0.823691
2.257670
1.176517
1.874480
1.497970
1.171555
0.808886
1.024745
2.784805
1.464734
1.404785
1.749347
1.893627
1.616346
0.996416
0.482285
0.716643
1.707246
1.564462
1.229154
0.883246
2.046824
0.409032
0.771153
1.126345
1.789243
1.515055
1.636268
1.934712
1.625588
0.955957
1.149199
0.358840
1.711582
2.552320
1.008677
1.423356
1.781702
1.836913
1.615424
1.939257
2.135055
0.867954
0.627901
2.567960
1.114964
2.096157
2.565480
1.476386
1.514242
1.248226
0.398238
1.497792
1.055107
1.066525
1.016383
1.991150
2.094585
0.741964
1.237902
2.403672
2.227073
2.146576
0.924116
2.417069
0.795791
0.482483
1.952773
1.819786
0.695431
1.580547
1.858967
2.129393
0.974629
1.858817
0.973078
1.162434
1.539126
0.517545
2.333561
2.018396
0.894934
1.931803
0.598772
0.943205
0.500793
1.082747
1.648974
1.867423
1.579687
1.404363
2.001335
0.545006
1.725265
1.256006
1.783986
1.753626
0.885160
2.350939
1.658514
0.856401
1.932612
2.189139
1.644288
0.929512
1.896718
2.200140
0.623143
0.957001
2.122105
2.057976
1.610271
1.399018
2.685228
1.341323
1.858265
2.172339
1.293404
1.261731
1.301786
1.556302
0.784066
0.917709
2.488668
0.609425
1.025433
1.440282
1.198922
1.750451
0.961466
1.331623
0.689249
1.418339
1.672250
1.957222
0.793774
0.966312
1.224253
0.840449
1.040332
1.426767
2.276570
1.656237
1.120405
0.872639
2.586291
1.354048
0.889718
3.022606
0.761737
1.618003
1.370021
2.029241
1.600317
1.508011
1.028732
0.816572
2.846746
2.516656
1.215059
1.521557
0.918149
1.451206
1.427639
1.561137
0.921319
1.641351
1.348338
1.722249
1.276813
1.299460
1.376345
1.454413
0.487811
0.874199
1.648183
0.534801
1.449407
2.488826
0.562638
1.528564
2.013699
1.330584
1.531038
1.083934
0.814496
0.617153
1.157646
2.083023
0.938240
1.972375
1.102175
1.151056
1.116480
1.580109
0.389861
1.723400
2.176467
1.954348
1.808533
0.892804
2.452820
1.445419
1.655726
1.094956
1.286186
1.282115
1.202402
1.437417
2.320719
0.627513
1.030366
0.810238
1.492939
0.937323
0.487384
1.851573
0.594788
2.172859
1.947620
0.970835
0.733078
1.352611
1.493179
0.630819
1.155281
1.558396
1.365279
0.935735
1.336192
1.694929
0.998134
1.782734
1.975138
1.493676
1.886568
0.686776
1.046345
0.565137
0.716051
2.028723
1.572911
2.296624
1.995790
2.659358
2.270649
0.482075
1.514260
1.947483
0.481347
1.355918
0.866115
0.565488
1.321792
1.909565
2.502056
0.932212
0.733291
1.362466
1.457993
1.235240
0.940132
1.535595
1.134574
1.889895
1.337281
0.971936
1.469349
1.469012
1.131828
1.719912
1.670419
1.220589
1.199190
1.689152
1.860810
1.525566
1.127943
1.458994
0.886778
0.794038
2.105441
1.334628
1.761220
1.933316
1.021980
2.021851
1.463790
1.486107
1.807497
1.132118
1.410200
1.033704
1.521492
2.102965
1.438485
1.364830
2.416500
1.916779
0.976593
1.516068
0.672553
1.742623
1.748333
2.053669
1.510335
0.663327
1.056857
1.443909
0.928420
0.949100
1.771548
0.559993
1.807868
1.245133
1.311234
1.318669
1.958035
1.717184
1.374087
2.867579
1.489371
0.768051
1.841369
2.031174
1.180427
0.567602
0.440764
0.604152
0.932823
2.421029
1.103257
2.029793
0.815597
1.406638
1.257262
1.732335
0.762015
0.609084
2.223702
0.848040
1.704133
1.773320
1.433100
1.924408
0.980583
2.317208
1.369897
0.906312
0.953101
1.819808
1.547104
2.201524
1.675270
0.836657
1.440889
1.857855
2.047842
2.223107
2.094987
1.817127
1.416794
1.095604
1.521169
1.823680
3.176991
1.500018
2.099201
1.402942
1.035584
1.925148
1.928914
1.468111
1.924183
0.554769
1.405930
2.854471
0.970576
1.791420
1.359195
1.937669
1.366698
2.308288
1.286771
1.223917
1.486393
1.464167
1.416045
0.549134
1.059860
1.148763
0.922674
1.632244
1.526932
1.327027
1.380105
1.055372
1.328942
1.489601
1.292166
1.273436
0.549256
1.670419
1.151695
1.075978
3.170445
1.361490
1.325504
0.941910
2.224161
2.699112
0.872249
3.280042
2.495758
2.119615
1.951837
1.311887
1.076251
0.548259
1.349505
2.120650
1.638828
1.152044
0.550219
1.698641
0.890913
2.430495
1.251296
1.275515
1.039344
1.180423
2.040654
0.850519
1.058671
1.345603
2.184296
2.647770
0.751362
1.784920
0.600592
1.523779
0.716065
1.149690
1.037185
1.835274
2.466982
1.203046
0.827154
0.729461
1.850536
0.682262
1.972135
1.946294
0.951691
2.501513
1.203277
2.395879
1.480515
1.397685
2.104401
1.047323
0.899224
1.798069
0.707588
2.023767
1.574070
0.740032
0.830741
2.020926
1.111341
1.550987
0.687017
1.678758
1.439772
2.575033
1.261827
1.489633
1.397996
0.848776
1.499916
2.277971
1.264142
1.346909
2.115344
0.489378
0.674369
1.232473
0.894863
1.439070
1.065512
2.206157
1.080457
2.286371
1.264513
2.524614
0.905282
0.882653
1.839191
1.630368
1.593141
0.988944
1.532298
0.651359
0.472146
2.406650
3.664991
0.705049
0.840511
1.525202
1.101042
1.342710
1.709104
1.130215
0.772147
2.258597
0.623092
1.054589
1.086097
1.303360
2.073028
0.812564
1.635614
0.718328
1.027569
2.479106
2.421464
1.971245
1.513427
0.786575
1.857510
2.107371
2.311000
0.937904
2.580863
1.186918
0.748800
1.627514
1.737879
2.052922
0.696145
3.169150
1.069604
2.064903
1.472447
1.049632
3.248859
1.289980
1.565461
1.541815
1.557254
1.453450
2.174890
1.700883
0.818800
1.538770
0.312772
1.896242
0.982890
0.874827
1.702950
2.616182
1.564106
1.405975
2.385765
1.618753
1.299768
1.220820
1.765039
0.938890
2.477956
1.888081
1.080286
1.733662
1.202397
1.014412
0.851174
0.567622
2.410683
1.037567
1.152415
0.286367
0.710886
1.234565
1.019685
2.417203
0.336173
0.576620
0.914100
0.489039
1.809330
1.114869
1.894118
2.257984
1.625211
1.129502
1.996630
1.065341
1.614195
1.159429
0.826366
1.067540
0.496992
1.317108
1.792225
0.783639
2.517314
2.148434
1.508813
1.205231
1.395863
0.818211
1.586492
1.073341
1.962862
1.244641
1.219254
2.164284
0.839130
1.586382
2.520112
1.104104
1.023668
1.323732
0.668444
0.820395
1.112590
1.142519
0.873117
1.350105
0.926564
0.476830
1.404889
1.497341
0.444875
0.817753
0.518271
1.294943
0.938292
2.330819
0.819146
1.809434
2.240602
1.199326
1.063136
1.076026
0.486691
1.906506
1.945831
2.228306
2.966869
1.916029
1.086656
1.608870
2.713640
0.333674
1.112582
1.568096
1.369685
2.006186
1.193499
1.951739
1.861176
2.372950
1.242297
2.028723
1.573775
1.944117
0.509199
1.112566
1.161744
1.761768
1.100567
1.166441
2.181911
1.125306
0.694072
1.761551
2.437592
1.737485
1.486352
0.705452
2.803659
1.284559
1.277883
1.393502
1.220050
0.394929
1.162687
1.523186
2.152886
0.910486
0.978342
0.746038
1.761316
1.427033
1.623468
1.071467
1.498077
0.790351
1.960942
1.327037
2.233795
1.632857
0.425370
1.363696
0.983364
1.279583
1.889004
0.680460
1.309918
1.448770
0.749920
2.131068
0.497936
1.473270
0.799629
1.436750
2.715436
1.888613
1.356402
1.261154
0.486765
1.840095
2.144106
2.149465
1.324044
0.609856
1.030779
1.342809
3.146882
1.686111
1.158084
1.595874
0.867806
1.623935
1.599295
1.578732
0.646803
1.504974
1.051999
1.570642
1.148119
2.830146
1.397231
1.546347
1.197519
0.508214
1.276161
1.025499
2.145752
1.928888
1.314576
0.994767
1.110195
1.451176
0.952963
2.077521
2.105747
0.790178
0.819207
2.341605
0.666216
1.690979
1.803411
1.596711
1.702798
1.050043
0.619026
0.675395
1.823281
1.440528
0.658454
1.949411
1.807653
1.574956
1.754793
0.675954
2.108914
1.448383
2.219681
1.151440
2.924803
1.567598
2.009479
1.210931
1.588114
0.708248
1.823285
2.091711
1.103350
2.099456
1.227137
1.290941
0.657365
1.746769
1.078517
0.854190
0.871297
1.332134
1.231473
1.707192
0.775633
1.426806
1.214520
1.191239
1.024050
2.123158
0.728981
2.402185
1.810525
2.032844
1.975593
1.003507
1.545116
1.793501
1.436005
0.757451
2.202905
1.364683
1.681799
1.439532
1.989655
2.211484
0.960310
1.119739
1.289278
0.645344
1.039797
1.979870
0.645900
1.560625
1.687564
0.844267
1.892414
0.902839
0.883704
1.516650
1.141141
2.539776
2.309088
0.791535
1.636143
2.000304
0.702016
1.358438
1.017393
1.294018
1.088800
0.794057
0.465946
1.369872
1.348015
1.392358
1.608691
1.506325
1.088754
1.038686
0.577089
1.673874
0.646841
0.713512
1.109955
1.031979
0.707098
1.970593
1.961195
1.628662
2.484112
2.363927
1.623466
1.739962
2.175923
1.416076
1.454340
1.496127
3.834597
1.964325
1.123626
2.339462
0.753221
1.717257
1.519197
0.581590
1.161324
0.936675
0.402427
1.379862
0.689030
2.140302
0.674272
2.167825
0.717377
0.898604
2.134953
2.037159
1.147203
0.647020
2.734334
3.083925
1.245508
0.737153
1.463282
1.104817
0.675787
1.208501
3.495627
0.780560
2.217181
0.819320
1.572005
1.428184
0.977278
2.875734
1.851363
1.268206
1.368901
1.432532
1.421831
1.256028
1.191260
1.655082
1.520932
1.657217
1.480219
2.659548
1.938363
3.140348
1.197751
2.014400
2.402701
1.351394
1.114488
1.579579
2.536313
1.678776
1.333330
1.902903
1.377288
0.971626
1.894688
2.287360
0.808309
2.269197
1.211916
2.582197
1.882626
0.801698
1.481549
1.814860
1.255178
1.685997
1.464075
2.473027
0.743976
0.518703
1.438972
1.206744
1.748129
1.633025
1.105724
1.810301
1.007405
1.436379
1.711213
0.984430
1.110839
1.306177
1.129757
1.633109
2.118114
1.083230
1.354297
0.914224
2.109005
1.305238
0.655077
2.209700
1.332064
1.268831
2.228110
1.223511
0.591278
1.939097
2.673337
1.764336
1.185685
1.080000
1.207876
1.903380
0.590693
0.528828
1.431496
1.389782
1.262283
0.544502
0.791985
1.551071
1.574521
0.130518
1.435772
0.956998
1.196196
0.787348
1.072812
1.362782
1.022158
1.334305
1.591111
1.168168
0.352335
0.424069
1.666696
1.072163
2.504610
2.414403
0.234794
1.335326
2.424360
0.962457
0.755363
1.468133
1.017780
1.778958
1.654708
1.428342
2.099177
1.176016
1.449810
2.400233
0.858972
1.272201
2.287416
2.451681
2.900296
0.678539
1.372379
1.238914
1.309516
1.226682
0.964068
0.516381
0.419314
0.860863
0.656431
0.410915
1.962168
2.344453
1.422247
1.695182
1.828983
1.116586
0.867056
1.015200
1.637251
1.406143
2.263043
1.071543
0.575153
1.413009
1.887462
1.261983
1.267180
0.537831
0.978329
0.877731
1.712464
1.198492
1.848937
1.223752
0.782910
1.403852
1.471672
1.423270
1.132076
2.388284
0.716698
2.177123
1.831749
2.251583
2.062546
2.603732
1.972805
1.576795
0.960340
2.845252
1.566565
1.085983
0.793881
1.756071
0.973976
1.999651
0.359233
1.668434
1.998215
1.594857
1.518184
1.574453
2.265296
1.740152
1.904337
1.409767
1.238683
1.428060
1.384039
1.392451
2.336901
1.761770
1.410805
1.486628
0.991030
1.560716
1.284066
1.577115
1.480418
2.403637
0.921749
0.971975
2.614162
1.257340
0.829787
1.506270
1.248506
2.165643
1.020043
2.534354
2.220280
0.503929
1.454677
1.553570
0.806489
1.072773
0.967829
0.411402
1.950356
2.717220
1.212199
1.184249
1.025543
1.419419
0.683987
0.807709
1.188763
1.766246
1.797719
2.664381
2.258080
1.707236
0.906013
1.631595
3.124230
2.243520
3.110047
1.246999
1.273914
2.660857
1.182238
0.759543
1.810449
1.928625
0.500486
0.715615
2.162668
1.620752
1.657843
1.223013
2.390129
1.561214
0.539023
1.475114
1.864006
2.862201
1.763158
1.150290
2.050643
0.835301
1.240687
1.457091
0.737736
1.863036
3.138564
1.904109
0.258090
1.338852
1.808530
1.614890
1.722974
2.206739
1.694159
0.955714
0.782906
2.367065
0.938653
2.542438
1.215860
2.233798
0.607117
1.450377
1.410934
2.240326
0.692581
1.122667
2.256505
0.941038
0.903736
0.654378
1.527309
2.085798
0.770602
2.153562
1.792549
3.447902
1.673943
1.876310
2.768295
2.338587
2.309565
1.484422
1.360222
1.087488
1.663509
0.809540
1.304024
2.477528
0.609807
1.570026
1.274793
1.810800
0.759217
1.307799
1.632474
1.179344
2.099512
1.064673
1.739509
0.871247
1.697260
0.693480
0.792021
0.938490
1.341919
0.711127
1.017360
1.164433
1.372263
1.953969
1.199718
1.117984
2.224855
2.248697
1.374503
1.917264
0.359225
2.008956
1.079970
0.781397
1.951649
1.255071
2.025876
0.861772
0.849602
1.032343
2.026248
0.969357
0.591384
1.889512
1.174240
1.183988
1.876744
1.308543
1.645177
1.787002
1.171185
1.839218
1.656342
2.236785
0.281590
0.701892
1.510634
1.571122
1.679195
2.158109
1.717550
1.591202
1.407446
1.350187
1.519096
0.750957
1.706886
1.135939
2.093098
0.596155
1.408730
1.140924
1.443685
1.640821
1.437279
0.408137
2.601379
0.732375
1.141169
1.470796
2.999478
0.938525
1.517819
1.113502
0.588522
1.041224
1.166577
1.287773
1.212803
0.626446
0.540483
1.044901
1.798019
1.907538
1.949983
2.252970
0.984866
1.983296
2.626646
0.866849
3.120189
1.094533
2.926167
0.941879
1.373207
1.440309
1.878511
0.581789
1.196373
1.183866
1.244607
1.196610
1.735118
1.888858
1.844851
0.973813
0.802926
0.965933
1.398809
2.913773
0.785162
0.967510
1.988540
3.006882
1.271718
1.441435
1.199395
1.428786
1.494438
1.039905
0.785031
2.401112
1.093978
1.370741
1.461437
1.735956
0.384851
1.163689
1.439501
1.776651
0.320263
1.169674
2.235181
1.197773
1.841768
0.798572
1.853676
2.388057
1.092655
0.479585
2.433430
0.649303
1.015390
1.712059
1.668952
1.020991
2.004217
1.214166
1.700659
2.158338
1.462817
1.169453
0.962158
0.923166
1.470759
1.662657
1.770981
1.703322
2.487555
1.846205
2.164327
1.231709
1.429799
0.825141
0.653263
0.760400
1.062529
2.529844
1.429139
1.346241
0.949563
0.872187
1.184716
2.120065
1.267845
2.113872
1.470894
1.223815
1.574775
1.045354
1.816954
0.530502
1.729907
1.146440
1.691351
3.066202
1.391361
2.115114
2.107449
0.737000
0.836587
0.996667
1.782948
0.549405
3.465628
1.493563
0.821259
1.877048
1.389431
1.428112
2.257990
2.006246
2.328075
1.088924
1.498572
2.096018
1.540842
1.224776
2.504199
0.574018
2.214807
1.728425
1.010925
1.619645
1.249936
1.435028
1.369682
1.513309
1.274118
0.675878
1.653514
0.664116
1.107922
2.024660
0.579209
1.750802
2.220686
1.306688
2.698731
0.993361
1.654220
1.144831
0.732324
0.872792
0.981476
1.156633
1.479727
1.532894
1.094409
1.462826
1.228125
1.145128
1.364100
0.910033
1.856758
0.819278
0.726294
1.346557
0.607110
0.829534
2.054055
0.796908
1.550562
1.640341
1.780836
1.993233
2.055480
1.035841
2.221517
1.016953
0.897964
1.355804
1.754915
1.596177
1.354074
2.892536
1.946962
1.008202
0.865825
1.807717
0.439721
0.601107
1.476998
2.726458
1.838006
1.472163
0.870823
0.728664
2.459021
1.585633
1.962962
2.241011
1.979678
2.001144
2.088470
1.515304
0.609885
2.540921
1.660427
2.201782
1.494377
0.978094
1.264936
3.008704
2.072034
2.534882
1.406762
1.974636
1.083687
1.217559
1.352277
0.772297
1.882849
1.150293
1.515258
0.107454
1.683252
1.493020
1.767647
0.888037
1.790456
2.070769
2.009593
1.726927
0.371143
1.518688
1.932283
1.320335
1.151516
2.299118
1.419311
1.494570
0.747198
1.477297
1.313214
1.199272
1.201348
2.052130
1.548198
1.024221
1.518062
0.983162
1.371328
0.763301
1.342041
1.556858
1.005031
1.476146
1.088533
3.062275
1.457166
0.812946
2.750160
0.732514
2.197614
1.382498
1.265580
1.107425
1.826795
0.934816
1.704121
2.401857
1.871521
1.737132
1.489642
1.187607
1.272120
2.057839
1.288305
1.302508
1.989507
1.988829
1.743119
1.814199
0.704857
1.488183
1.039675
1.286462
1.204487
1.794272
0.956337
1.407067
0.645097
1.045563
1.001992
1.140732
1.022561
1.699283
1.157093
2.128757
1.156874
1.508831
1.401115
1.648015
0.372487
2.530335
2.398662
0.588657
2.568279
1.642076
1.482327
2.149369
2.035760
1.566531
1.466850
1.647510
1.091437
1.174246
3.264398
0.630172
1.567887
1.377634
1.464766
1.163068
1.031657
0.727262
2.463585
1.416472
1.148995
0.705370
1.987974
2.205597
2.282605
1.201359
1.922230
0.766289
1.203928
0.503798
1.417438
0.319752
1.397647
0.820268
0.948031
1.586122
2.211642
0.842845
2.635220
0.417520
1.286519
0.812340
1.195827
1.523694
1.085659
0.532350
1.201026
1.793261
0.986513
0.791185
1.579058
1.791337
0.341385
1.592156
0.431818
1.099713
1.267026
2.697916
2.228135
0.565883
1.980054
1.649488
1.942596
0.586491
0.536019
2.567328
2.541247
0.966486
1.784352
1.783290
1.858454
0.525821
1.858826
1.412658
0.993618
1.680923
1.657005
2.886532
1.914437
1.215813
1.338912
0.160901
1.194037
1.224556
0.393716
0.497902
1.635711
1.739854
0.595694
1.845379
1.902128
1.862004
1.981156
2.970088
2.046609
1.624720
1.876767
1.422416
0.568502
1.605279
0.918070
1.518773
1.429931
1.986590
2.398055
1.198358
1.284751
1.705370
2.163271
2.087128
2.843280
2.406449
0.756534
1.314077
0.720338
1.544012
2.092515
2.154298
0.453095
0.438469
0.914099
1.283627
1.590666
1.538342
0.927133
1.526269
1.736226
2.222520
1.459994
1.348103
1.093100
1.657640
1.786882
1.819910
2.308948
1.466560
1.067678
2.410967
1.564398
1.373260
1.772045
1.214054
0.718359
1.200545
1.148731
0.966854
0.833001
1.621124
1.218187
1.780714
1.318927
0.733358
1.458566
1.432587
1.367627
1.698960
1.729559
1.702330
0.220374
1.676808
2.095348
1.239085
1.339458
1.750733
1.012983
2.778478
2.578039
1.764098
1.197623
1.455332
1.395771
0.876668
1.342053
0.957383
1.346272
1.307554
0.538029
2.053086
1.853531
1.300303
0.678079
1.383302
2.512950
2.666037
2.303388
0.459743
1.336887
0.901961
1.130518
0.946078
1.194307
1.610789
1.150936
0.907777
2.401419
1.076983
0.522005
1.255296
2.271583
1.683064
1.691196
1.118548
1.077186
0.906965
1.448220
1.503585
2.284140
1.272009
0.539186
2.097828
1.876508
2.019619
1.041823
1.370447
0.984538
1.172907
1.871823
2.711366
2.263616
0.815250
1.593890
1.898609
2.184033
2.204070
0.868286
2.183864
1.344465
2.232745
1.337624
2.075160
2.289828
3.199183
2.051842
2.319107
0.657252
1.208063
2.235578
1.659266
0.167335
1.783843
2.468695
1.763802
2.914720
0.899113
1.317893
2.213191
2.586184
0.988978
1.998290
0.563140
2.724065
0.776206
1.021680
1.087948
2.672476
0.638271
1.106279
2.018375
1.617071
0.982523
1.202756
3.232060
0.479368
0.986026
2.092673
1.263691
1.342607
1.733541
0.901352
2.372765
2.345397
1.719750
1.665156
1.995447
1.495269
1.791006
1.434270
0.440449
0.854843
1.491965
1.587541
2.125492
3.038178
0.737049
0.764928
1.993005
1.029314
1.143978
1.740185
0.403317
2.024741
1.895346
2.247996
1.554510
0.409873
1.983673
1.403526
1.605794
0.867091
1.782111
1.227883
2.287635
1.505715
0.631062
3.568014
2.670335
1.387028
0.994454
1.557300
3.028649
0.673112
0.956447
1.264398
1.429399
1.617008
2.485841
1.408376
1.800748
0.728403
2.031274
0.884382
0.726723
3.047762
0.558731
2.126852
1.967286
0.349737
1.994401
0.518502
0.841953
1.717113
1.016191
1.095250
1.113599
1.079851
0.329239
1.079608
0.967582
1.947527
3.506569
0.510948
1.577792
1.404343
1.565683
1.693698
1.067519
0.588232
1.331643
1.094379
0.579806
1.366709
1.291428
1.608794
1.345510
1.376752
1.448697
1.096434
0.939670
1.083271
2.823771
1.037154
0.787296
0.971839
2.529877
0.737664
1.488093
2.197464
1.779813
1.684773
1.381348
0.660438
1.241202
1.378450
0.264377
2.076650
2.572201
1.084829
0.971242
1.482439
1.331621
0.700790
2.185626
1.549914
0.839508
0.744972
2.282845
0.273333
2.559238
1.121991
1.446953
1.850609
1.227707
0.766299
1.569784
0.980557
1.135967
0.519982
1.425402
2.506840
0.818591
1.616410
0.934760
0.577658
1.548592
1.031179
1.715965
1.391615
0.964535
1.062779
1.798559
0.662561
1.861211
1.072751
1.209605
0.956452
1.910175
1.883326
1.134217
2.552640
2.002632
1.795104
1.514438
0.690476
2.795806
1.697965
1.535573
1.778778
1.048501
1.507228
2.585362
1.809994
1.049071
1.842311
2.373749
2.003152
0.471369
2.333294
1.909609
1.412555
1.473098
1.346507
1.886646
1.341105
0.946355
1.487171
1.625210
0.449192
0.435942
0.975630
0.711223
0.689315
2.837324
1.417571
1.431941
1.485204
1.321118
1.095947
0.943788
2.150459
1.077594
0.336122
1.207765
1.513927
2.107884
2.377270
0.912874
1.814293
0.693729
1.447407
0.626609
1.829407
2.314022
2.272545
0.779427
1.547389
0.692629
2.141543
0.870544
3.126249
0.948314
0.964628
1.468419
0.730638
2.454770
1.019915
1.581299
1.950626
1.694114
1.056975
1.893360
0.988169
1.320049
1.262080
0.968064
1.871039
2.621753
1.539615
1.912545
1.644994
1.396630
1.306968
1.254870
0.504302
1.466478
0.222777
2.032085
0.683563
1.106595
2.140073
3.016291
2.609290
1.903623
2.323009
1.832664
1.013663
1.420577
1.354172
1.601890
1.035730
1.276268
0.275525
0.296069
0.798603
0.198021
1.080979
1.712898
1.809673
1.093889
1.745428
1.714351
1.533012
1.674786
0.953281
0.602239
1.773749
1.858928
1.518757
2.304767
0.837454
1.528416
0.932876
1.952953
1.237776
1.247331
1.028476
1.212176
1.334721
1.910843
1.213026
1.656794
1.515689
0.775521
2.228738
1.291341
1.853988
2.592777
1.509627
1.605938
2.193459
2.372371
1.526246
0.773132
1.208828
1.847445
1.869509
1.013834
2.169274
1.512317
1.418189
0.935961
1.543722
1.396040
1.310132
3.527314
1.095486
1.171192
1.134772
2.349614
2.614350
1.465689
0.747606
2.049835
1.893035
2.378913
1.295484
0.438984
1.851864
1.033972
1.612697
0.875145
2.163473
1.321627
2.044821
1.891966
1.215796
0.348580
1.344912
2.250955
1.034758
2.113045
1.064654
1.189324
0.795141
2.241251
1.553499
1.365529
1.550604
1.672766
0.863047
3.166739
0.793250
1.693299
1.196761
2.187156
1.923124
1.143844
2.696409
2.361937
1.123845
2.292760
0.597204
2.217585
1.750339
2.412595
1.982838
1.407748
1.234773
0.610913
1.307314
0.646799
1.580434
1.906287
1.023204
1.526176
1.458241
1.589089
1.587440
2.370251
0.937068
1.666852
1.213562
0.835114
1.837498
2.137449
1.078979
0.869423
1.540288
2.012314
2.327158
2.318188
0.924195
0.745857
1.512501
1.528867
1.501385
1.254184
1.119293
0.588157
0.779083
2.084775
1.791159
1.336076
0.456784
1.829447
2.035930
0.882428
1.433183
1.107825
2.328565
1.357147
3.202479
2.266625
1.916304
0.798069
1.164710
0.785761
1.902619
1.902379
1.712091
1.187608
0.871651
1.583919
1.545816
1.901927
0.596066
1.262705
0.916696
1.162337
2.407295
0.982419
2.202357
2.706354
0.706874
0.639889
0.784134
2.264010
2.011681
0.794957
0.736504
1.505230
0.641775
1.447848
0.466211
1.851892
1.298661
1.334782
2.105835
1.075036
2.056479
0.809304
2.860474
1.406562
1.912630
1.931154
1.614961
0.945721
0.995014
1.253800
1.025921
0.989448
1.992002
0.963287
1.735007
1.505394
0.797818
1.970597
1.673795
1.546111
2.624180
0.920519
0.935126
1.648712
1.817138
1.567233
0.835387
1.482607
1.617147
0.424148
0.753079
1.758540
1.356803
1.100408
0.909512
1.227834
1.120941
1.641074
2.079634
1.316950
1.379849
2.993719
1.463610
1.541452
0.989993
0.435223
1.300326
1.627235
2.184018
0.907422
0.870168
1.934144
2.590514
2.088180
1.193796
0.829569
1.950187
1.988068
0.795101
1.845234
2.253118
2.191140
2.685114
0.984703
0.896686
2.336945
1.390646
0.707232
1.166867
1.096919
1.960120
1.151927
0.875670
1.026081
1.886172
3.258535
1.922707
0.636042
2.426095
1.744611
2.139257
1.746651
1.549107
0.906598
1.263721
1.985482
1.993543
1.109600
1.805954
1.357499
2.216303
1.735352
0.908105
1.302925
1.324237
2.276807
0.973541
1.140424
0.888585
1.957916
2.274193
1.272420
1.629674
1.114719
1.429426
1.120456
1.647314
1.410215
0.740216
1.836020
1.689132
1.433343
0.970616
1.324389
1.426552
2.201438
1.216551
1.318288
1.733140
1.525541
1.131679
1.785683
0.526615
0.928039
1.604212
0.936110
2.494694
1.348507
0.630192
1.383523
0.922551
0.873639
1.249538
0.932083
2.035904
1.842153
1.130626
0.941922
1.295153
0.895141
2.110051
1.065818
0.495392
1.251758
0.648048
0.838269
0.992689
1.828880
2.203256
1.114271
2.284230
0.505849
2.803135
0.476730
1.117374
2.977714
1.941781
0.872549
1.285675
1.560237
1.451406
2.255261
1.816227
2.867698
1.167868
2.015945
0.555946
1.182816
1.512251
1.500081
2.205149
0.858864
1.472862
0.314591
1.459363
0.888147
0.983216
1.786536
1.507927
1.561062
0.744689
1.210120
2.008894
2.230075
1.149642
0.842923
2.484928
0.633688
0.880087
0.753011
0.745567
1.772214
1.688333
0.957622
1.947612
1.358177
1.645056
1.387416
1.403910
0.825049
1.786119
1.794408
1.715304
1.650287
0.950914
1.606317
1.013340
1.570572
2.048266
1.232209
1.545116
0.616718
0.965156
0.608008
2.068003
1.377481
2.693136
1.264266
1.886636
1.004171
1.070461
1.096240
2.583598
1.333286
0.906283
2.101662
0.727451
1.586153
1.280726
1.033005
1.245971
2.113921
0.978240
1.074949
1.450070
1.832880
1.515703
1.116042
0.945220
1.369098
1.090475
1.997792
1.063252
1.053757
0.920792
0.470392
1.088106
1.258863
1.000715
2.031946
1.127982
1.381611
1.684831
1.541417
0.563405
0.540164
1.909269
0.156680
2.063876
1.476108
1.332359
1.546663
0.756400
1.455910
1.808234
1.786889
2.040428
1.512086
1.059964
0.986715
1.154690
1.572883
0.725702
1.842946
1.623691
1.251266
2.224336
1.751160
0.303763
1.373890
0.689334
1.132993
1.055408
0.874449
1.059287
1.770689
1.968726
1.777729
0.833779
0.794823
0.716269
1.605257
0.760861
1.880993
1.121550
1.375509
1.728756
0.215307
0.742034
1.120021
1.196106
2.192548
1.846682
0.551675
0.688119
0.394276
1.335759
1.842121
2.366817
1.908444
1.777622
2.136670
2.469202
0.749901
0.973805
1.306399
1.384002
2.549225
1.090913
1.052612
1.257733
1.327474
0.849028
0.875971
1.698911
2.031023
1.750014
1.670355
0.731044
2.724641
2.162993
1.549979
2.090199
1.578762
1.288543
1.692548
1.121722
2.364864
1.953777
0.541534
1.433838
1.325345
1.982310
1.746245
1.734824
0.893910
0.618546
2.732760
0.943593
1.643559
1.129021
1.957204
1.293197
1.477554
1.390578
1.091229
1.211149
1.328449
1.278650
2.281731
0.885799
0.847745
2.896540
0.836624
1.985763
2.290207
1.530408
1.651001
1.318525
1.365887
1.795575
0.679075
1.895450
0.808429
1.819794
1.440247
1.250541
1.448064
2.660744
1.735054
1.268284
1.739057
1.498254
0.891292
0.933608
1.335272
1.863464
1.571564
1.417899
2.885629
0.842572
1.806835
2.100745
2.731271
2.744642
2.105535
1.781109
1.885873
0.922766
1.927489
1.109139
0.953045
1.516765
1.663226
2.207607
1.129173
1.612764
2.492609
1.614082
1.109296
1.005422
0.847072
1.515097
1.348850
1.139361
0.787107
0.975877
1.386888
0.763246
1.970933
0.888221
0.640593
2.154124
1.845458
1.674172
1.171644
2.223908
1.850749
1.382997
2.252438
1.995881
1.231157
1.033158
1.989581
0.807418
1.592002
1.376408
0.595831
2.026754
0.575780
1.205622
1.288417
0.782321
0.398306
1.478538
2.210197
0.655628
1.581994
0.803847
1.270327
3.254385
0.857686
0.535369
0.819493
2.135659
1.274187
1.538046
2.743693
1.311814
1.165615
2.648570
1.364429
2.128727
0.743338
1.401903
0.688211
0.541097
1.218775
0.971480
1.086231
2.600530
1.058348
3.303894
2.140820
1.088567
2.633098
1.062090
1.507124
0.666855
1.589665
1.062454
0.480038
2.067773
2.812444
0.543206
0.916484
1.257977
1.109422
1.395698
1.624248
1.172330
2.035031
0.659971
1.334210
2.336816
2.508129
1.780512
0.827515
1.227021
1.296447
1.703961
1.968540
0.040291
2.274363
1.527038
1.031818
1.425303
1.211377
1.346916
1.023915
0.637472
2.496519
1.413894
1.497597
1.033140
1.321598
1.274248
1.863710
1.118088
1.522926
1.111990
1.488742
0.815527
2.151634
0.870364
1.239572
1.251419
1.585409
0.389512
1.334062
0.599239
1.430140
0.982312
1.195896
1.927310
0.924733
1.260766
1.929643
1.486495
0.562133
1.333200
1.759876
1.883065
1.281378
1.777903
0.745129
0.496214
2.319524
2.978508
1.085411
1.565927
1.822815
2.083350
0.645113
2.002230
1.425255
1.349247
2.995019
0.962404
1.314495
1.597215
0.990243
0.952360
1.569715
2.021487
2.756386
2.387558
0.795815
1.533422
2.307500
1.460651
0.854227
1.435958
0.651229
2.860492
1.162354
0.540464
0.734701
1.492176
1.725347
1.246398
1.441029
1.294124
1.701710
1.270951
1.490554
1.509814
1.757078
1.989043
0.573526
2.005958
3.080843
1.092857
0.467206
2.378735
1.207700
1.695719
0.429807
0.888508
1.009133
1.045571
0.909217
1.150352
0.400789
1.228961
1.033417
1.302459
1.405808
1.001477
1.732016
1.264873
1.400436
2.347172
2.143282
2.499442
1.976546
1.650394
0.918075
0.868012
3.612238
1.584273
2.158018
1.672947
0.979688
1.037245
1.103518
1.562002
1.561210
2.364619
0.961379
1.455696
0.575950
1.241275
1.814068
0.884165
1.134530
1.506468
1.601786
1.103626
1.176009
1.035001
0.493693
1.623148
1.756179
1.916809
2.321027
1.010819
0.715556
0.763254
1.701430
0.388705
0.618779
2.635005
1.495375
2.119815
0.726679
1.289693
2.443890
1.613815
1.584688
1.424406
0.912575
2.503226
2.234686
1.421044
1.091527
1.777176
1.157316
1.602174
0.704178
1.506124
0.611865
0.927809
1.022432
1.372591
0.919271
2.017463
1.561308
1.011086
1.241651
1.211411
1.614794
1.043724
1.449991
1.390536
2.535055
1.932812
1.046881
2.422816
1.026577
0.785164
0.847805
1.131066
2.061156
1.678018
1.444002
1.144768
0.395569
1.332931
1.578592
1.811377
1.552227
1.691693
0.638532
1.983589
2.105430
0.728147
2.901261
2.574521
1.465220
1.454362
0.360041
1.228987
1.571766
2.622374
2.529473
1.422656
1.494980
2.751519
1.415422
1.544388
1.731048
1.764792
1.811151
1.460533
1.223425
2.922233
1.331229
1.312839
1.696390
2.220887
2.451785
1.325774
0.591488
2.089801
1.592559
1.242074
1.874436
0.922674
2.744040
1.836341
1.623986
1.778658
1.799945
1.383839
3.224389
0.983097
1.419044
0.764610
3.068761
1.880871
2.250439
3.013167
0.312309
1.819063
0.884995
0.917137
1.519388
2.067249
1.424405
1.030780
1.730917
1.827509
1.585182
1.645078
1.852549
1.558200
1.786196
1.109637
0.709217
0.684118
1.242693
3.745996
0.629534
0.459375
0.994049
1.261784
1.065585
1.648251
1.491625
0.757113
0.800767
2.059881
1.058755
0.818761
2.409316
1.660538
2.475968
0.796843
0.701664
1.104235
0.654124
1.253947
3.812545
1.424154
1.592447
1.353823
1.675362
0.831516
1.376796
0.980350
1.929420
1.491266
1.502298
2.823913
2.210624
1.507437
1.408881
1.612739
1.446395
1.584968
1.571146
1.819559
1.699541
0.911295
1.373296
1.450932
1.725872
0.900782
1.554756
1.235250
1.586051
1.148496
2.039043
1.849450
0.813640
0.706754
0.343765
0.911303
1.564333
1.404269
2.244447
0.966901
2.669916
1.161613
0.443598
1.563500
0.954174
3.125012
2.063712
0.777733
1.282782
1.312378
1.972471
1.155338
1.020208
1.386148
0.697211
0.647217
2.437388
0.822455
0.377199
1.479169
1.406790
1.896649
2.277009
2.035138
2.210246
1.501398
1.369711
1.400272
1.980089
2.608594
1.307596
0.756253
1.481030
1.764902
0.736583
0.854333
0.876327
1.357943
1.057148
0.755019
1.197292
0.622035
1.620796
0.708160
2.077467
3.572163
2.030693
0.589834
1.230683
0.568238
0.763228
1.241005
0.640055
0.561930
0.893749
0.274216
0.925781
1.763697
1.247831
1.336188
0.931746
0.191335
3.493594
1.227023
1.100870
0.316528
1.107210
1.137779
1.030059
1.337981
1.277725
1.712160
1.620724
1.593364
0.885440
1.559558
2.964923
0.920780
1.761169
2.230022
1.472605
1.237046
2.185592
0.742664
0.370130
1.506890
1.947934
0.553239
0.899598
1.882834
1.438544
1.599713
0.824844
0.982416
1.935191
1.251440
0.898875
2.277128
1.204215
1.321154
1.510305
1.044229
1.870509
1.495775
1.284505
1.066318
0.787695
1.106577
2.589202
1.578476
1.129283
0.403263
1.318018
1.372820
1.814502
0.541953
2.127154
1.342831
1.076570
1.704974
1.090688
1.759520
1.377863
0.800985
1.631806
1.336201
1.472219
2.187434
0.771999
1.898843
2.899182
1.168217
1.567597
1.451347
1.736673
1.667979
1.344059
1.706862
1.179649
2.464227
1.782092
0.477085
1.108794
1.545099
0.803469
1.208445
1.014630
2.124516
1.254128
1.481284
1.142462
1.632633
0.503558
1.510865
0.988536
1.041030
2.270368
1.732566
1.125821
2.371718
1.780871
0.715575
1.798369
2.253211
2.002502
1.076804
0.489094
0.598414
1.271469
1.089608
1.972793
1.778825
0.684847
0.246743
1.080580
1.176548
1.233092
2.094287
0.868549
2.130764
1.115202
1.276736
1.181140
1.151274
1.513834
0.828824
0.623910
2.544862
0.853036
2.010591
2.408741
1.100994
1.014713
0.978260
0.613758
1.245071
1.551743
1.102054
1.499541
1.195548
2.166236
3.132804
0.823691
0.435010
1.282012
0.988418
0.709878
1.997088
0.745334
1.424315
1.116189
1.166424
1.547715
2.227625
2.212065
1.345861
0.875861
0.723850
1.122678
0.880523
3.258944
1.582721
1.263898
0.855728
1.171921
1.882784
0.191154
1.241600
0.913505
1.199710
0.604069
0.850864
2.324008
0.925832
1.497211
1.002784
1.178480
1.475527
3.205968
1.478768
1.281987
2.141180
2.794071
1.408158
1.936703
0.533323
2.008608
1.572570
0.702100
1.456384
2.431406
1.368150
1.579062
1.101455
1.574624
1.569116
1.932847
1.904280
1.279712
1.188434
2.111818
0.654933
0.726537
1.583508
2.821382
2.369426
2.929911
1.470610
1.830888
0.958234
2.668953
1.512168
1.186035
1.292593
1.715242
1.821528
1.043409
0.986735
1.931343
0.779737
1.764082
1.317108
1.261518
1.281416
0.571619
0.729984
1.375427
1.748632
1.042417
1.364747
1.032900
2.186453
1.665095
0.947853
1.330722
0.948755
1.227120
0.620105
1.781681
0.878466
1.891580
1.100710
1.598081
1.419618
3.147761
1.834290
1.688324
1.275039
0.594015
1.971959
0.990201
2.519487
1.599281
1.277241
1.365156
0.302134
1.080775
1.826936
0.836739
1.193268
0.634154
1.122241
1.762078
1.257394
1.386125
1.525335
2.434111
0.916371
0.878574
1.492844
1.825959
2.271794
2.139551
1.098700
1.449327
1.291558
1.123699
1.676459
1.176575
2.096661
1.219612
1.804747
0.942550
1.470206
0.951147
1.286459
2.235912
1.474011
0.566647
1.539213
1.824551
1.104895
1.518043
2.856260
1.758493
1.575103
1.219163
2.531360
1.604944
0.601470
1.412720
1.971520
2.940670
1.216332
1.743072
1.429881
1.641695
0.943833
1.241849
1.079721
1.071556
1.715168
0.864312
1.421818
1.478662
1.195629
1.034767
0.801603
1.257629
0.617713
1.588637
0.532730
1.086380
2.023418
0.468826
1.326976
0.500262
1.530005
2.006419
1.406306
1.321130
0.383123
0.711278
2.668731
1.417205
1.116269
1.474705
1.767272
1.578568
1.401370
1.347256
0.835498
2.441300
1.477224
1.188247
0.827076
1.138349
0.875212
2.144571
0.203302
1.727869
0.661380
1.925741
2.525205
1.780564
1.795558
2.087139
1.828865
1.131712
0.898359
0.790631
1.899453
0.527231
1.627444
0.664050
1.464059
2.301831
0.638488
1.210005
1.325159
0.947109
0.842883
1.454906
1.135906
1.581807
1.861526
2.709338
2.102928
1.575925
1.343118
1.067447
1.999889
1.039431
2.254269
2.227478
2.321406
1.926018
2.424134
1.390517
2.024201
1.192564
2.352168
1.247246
0.737405
0.359214
2.099915
1.299272
1.365937
1.434545
0.658389
1.512238
1.719593
1.547240
2.298020
1.282097
1.283530
1.204331
1.875374
0.493816
0.928353
0.713506
2.474651
1.318418
1.475308
0.738598
1.206791
1.304151
1.174447
1.170891
1.257853
0.658721
1.408468
2.229607
1.266807
1.169597
0.410773
1.681188
2.045946
1.581086
0.444823
1.431816
0.615331
1.784014
1.002831
2.663333
1.571838
1.673863
0.789534
1.116980
1.359880
0.984311
2.728356
1.895981
0.697212
0.350664
1.235812
0.358973
1.485145
1.534893
0.991132
0.989936
1.792270
1.595498
2.667894
1.738318
1.141109
1.719509
1.416199
2.358612
0.696081
1.565704
0.981546
1.473384
1.203501
1.133484
0.905547
0.797927
0.726307
1.219458
2.084248
0.931530
0.494495
1.769804
1.141583
2.378677
1.286823
0.827605
2.162042
1.130263
0.636309
1.646341
0.507951
0.767204
1.011442
2.230702
1.043611
1.967867
1.314568
1.479552
1.309264
1.445706
1.938483
1.803496
1.370078
1.175428
0.547195
1.520522
2.290607
0.731856
0.378207
1.615620
1.976016
1.414725
0.484735
1.743836
0.885368
1.709916
0.836498
0.948560
0.859880
1.221800
1.385776
1.174902
1.167543
1.941269
2.236951
1.286373
0.992377
0.757485
1.538459
1.620960
1.308710
1.336306
2.224073
0.505443
1.027932
1.108127
1.393346
2.118304
1.529332
0.918993
1.178896
0.720219
1.643894
2.532701
1.530685
1.107218
1.567696
1.157315
2.784535
0.603863
1.587799
2.639360
2.408746
1.580181
1.708056
1.719582
1.332216
2.008495
0.582270
1.735683
1.161558
1.079774
2.449052
1.408105
2.044843
2.427301
2.145392
3.314075
2.345282
1.396743
2.049059
0.677568
2.293536
0.582499
1.754397
2.126720
1.257774
1.180525
0.554407
2.369244
2.442039
1.418604
1.151710
2.749857
2.714237
0.594433
1.477500
0.717767
1.386955
3.162217
1.117345
1.316584
1.584622
0.848366
1.322959
0.841394
1.244925
1.938285
1.077203
1.807754
1.393948
1.568578
1.479517
2.559734
1.046772
0.750291
0.791050
1.437646
0.938934
0.290453
1.374978
2.500397
1.732036
2.224469
1.331987
0.577615
2.146238
1.125979
2.569496
1.184624
1.752414
1.698030
2.234683
1.789988
1.869286
0.884718
0.490554
1.116465
0.544114
1.104696
1.239842
1.141133
1.444754
1.408984
0.921822
0.295930
0.488564
1.232297
2.252129
1.629122
2.382828
0.434528
1.086829
0.554403
1.232509
1.332089
1.137665
2.512972
0.973118
2.130269
1.131710
0.604157
2.409239
1.287775
1.481880
0.832007
1.859871
0.669387
2.133143
0.177342
2.831548
0.962571
0.865785
0.942434
0.579953
0.693110
0.996834
1.687088
1.523075
1.148990
1.177100
1.136166
1.677072
1.956202
1.660116
0.884845
0.733733
0.950465
1.986689
2.159932
1.011480
2.156299
2.099249
1.111555
1.324001
0.786640
0.710994
0.484323
2.234344
1.367919
1.742224
1.330278
1.157492
2.032609
2.083100
1.398018
2.255999
1.305978
0.795889
1.632729
2.023936
1.290652
2.851040
0.792607
2.669191
1.123488
0.701452
1.801318
1.476861
2.637970
1.784877
1.941080
2.314762
1.067418
0.643524
0.751928
1.878546
1.775455
1.454753
3.292033
1.241208
1.498509
0.740082
1.953720
1.639663
2.412980
0.935051
1.274903
0.540610
1.800108
0.615921
1.602579
2.194123
0.709492
0.511812
1.982440
1.477191
1.440050
1.288227
2.476836
1.077338
2.740080
1.512422
0.446613
1.263285
2.427247
1.039651
0.544652
1.266710
1.498535
0.862871
1.388074
1.867052
0.721694
1.989429
1.624810
0.903380
3.323012
0.720153
1.757368
0.567390
1.755905
1.397541
1.005869
0.761820
1.467635
1.398311
2.182446
0.804735
2.278602
0.966457
1.961609
1.009110
0.876917
1.111795
1.425878
1.195033
2.517429
1.185482
1.090599
2.022314
2.130838
3.130742
0.901544
2.326155
1.679665
0.619965
0.794433
2.176344
1.694728
1.675163
3.356719
1.574755
1.288355
1.281049
0.862328
2.069601
1.329286
2.013705
1.010050
0.760907
0.909805
1.268881
2.361823
1.040472
0.791260
1.002637
0.715311
2.739142
1.288946
0.372863
0.999951
2.023141
1.882019
1.770297
0.884124
0.707465
1.086334
1.198652
0.869471
0.928326
1.357241
2.844877
1.753327
1.938025
1.529025
1.948931
2.026061
1.855138
2.061847
0.682361
1.065841
2.033952
1.781838
0.993133
0.472458
1.643941
1.429668
0.794138
0.865578
1.272233
1.789031
2.064484
1.259223
2.558049
0.992673
1.525347
2.610909
0.986866
2.065100
2.991507
0.829509
1.150845
1.627657
2.205765
1.420885
1.299308
1.519506
1.017183
0.603838
1.621371
2.443716
0.823982
0.963609
0.639097
1.546785
1.064621
1.731359
1.114934
0.783983
1.666480
0.922481
1.299281
1.091516
0.493901
1.810166
1.320139
2.127308
2.217526
1.345020
1.676528
1.430414
0.418446
2.404982
1.427748
1.623890
1.110092
1.708674
0.849673
1.450785
1.126706
2.452918
1.369490
0.799367
1.008708
1.329606
1.208001
0.896439
2.646487
1.630524
1.837371
1.260765
0.737017
1.882262
0.730531
1.922111
1.822900
2.302412
0.661091
0.222424
1.491668
2.245650
0.889998
0.707126
2.603194
1.756115
1.397873
1.459453
1.014972
0.292442
1.312029
0.947650
0.791872
1.221413
2.141032
1.217189
1.784245
0.789936
1.233035
1.184730
1.645859
0.481821
1.560125
0.911069
2.071063
1.372445
1.983235
2.332100
1.658527
0.595021
1.910333
0.048758
0.957841
1.817294
1.666725
2.309579
1.024688
2.176072
2.660898
0.570552
1.325323
2.328672
1.718271
1.755897
0.481106
1.039791
1.786747
2.449484
0.999160
1.099082
0.994607
1.275082
1.893466
0.642476
0.485939
1.992720
0.689484
1.765281
1.659230
1.705786
0.941443
1.031425
2.199195
1.530504
1.660900
1.248361
0.506307
1.662122
2.520657
1.518399
0.907383
1.069680
2.281547
0.746220
0.976272
1.654969
1.480788
0.750928
1.823886
0.798055
2.415440
1.925088
0.905896
1.711591
1.697536
2.031665
0.758678
2.529934
1.534630
1.579911
1.762340
1.121807
1.559214
0.950149
1.659943
1.722286
1.446480
1.148300
1.744392
1.434933
1.222970
2.238750
1.887163
1.446380
1.779833
0.863387
1.036430
2.985771
2.086708
1.722061
1.282142
0.223741
0.786921
1.706046
2.839513
0.995432
0.773535
1.711843
1.455115
0.612794
1.756406
1.271045
1.253373
1.420216
1.990567
1.055626
1.088240
2.622339
1.153638
0.442018
0.823307
1.468099
2.329639
0.712573
0.579290
1.739455
1.418383
1.365438
1.083406
2.695113
1.610762
1.042716
1.130578
0.637095
0.576744
0.664533
1.165555
0.963594
1.229311
2.475874
3.040098
1.466666
1.246066
1.688576
1.269740
1.827726
0.631931
1.321120
2.181636
1.160846
2.595387
1.745431
0.994157
2.497486
0.856492
1.422051
1.493426
0.997931
1.540195
1.171295
0.903300
2.363676
1.235438
1.041730
0.498000
0.765203
1.393666
1.016028
2.036184
1.213434
1.046652
1.894256
1.920515
1.022063
1.317303
1.218820
0.738192
1.593060
1.624424
2.820984
1.453257
0.757447
1.629971
1.192628
1.298137
1.592642
0.262855
1.188135
1.926620
1.537726
1.161851
0.312768
1.424951
0.868812
0.832526
0.403867
1.148889
2.064457
0.957475
1.393435
2.140564
0.778558
2.199348
2.089457
1.963376
1.234371
0.623613
0.693884
1.360669
0.621451
1.690945
2.709082
1.070886
1.783955
2.030873
1.123087
0.802309
1.723607
1.370455
0.619810
1.111135
1.478005
2.128320
1.425557
1.833672
1.110579
1.611044
1.559684
1.079512
2.083525
1.502402
1.434244
2.118540
0.484449
1.183168
0.807764
3.544820
1.721005
2.592652
2.551741
1.301052
1.995226
0.850586
1.849005
1.576697
1.090002
2.323228
1.080880
1.836415
0.802724
0.960584
2.161297
1.666749
0.810536
1.651237
1.026145
0.746419
1.146104
1.400099
0.913817
0.471090
2.354350
1.561511
1.908510
1.946054
1.675656
0.948541
2.091354
0.666199
2.145482
1.323045
1.621821
0.872069
0.210067
1.890357
1.418191
0.473300
2.695501
0.724158
2.592198
1.542769
0.629786
1.240195
1.460457
0.826388
0.869132
0.523843
1.154403
0.681667
0.850261
1.054643
1.174886
1.286846
1.247999
1.948273
0.915899
1.896192
0.860807
1.413274
2.112275
1.934246
1.848714
0.997030
0.878106
2.305480
1.146227
1.833617
2.604682
1.660055
0.744903
2.660609
1.317979
0.502631
0.841865
1.595910
1.395907
1.769171
2.810805
0.974499
1.371323
1.924587
1.654677
1.155219
2.813559
2.385767
0.815441
1.796298
0.983679
0.634186
1.837346
1.441668
1.367596
1.461748
2.873032
2.065789
2.277682
0.741345
0.816928
1.455851
0.812552
0.639646
0.938064
0.406871
2.341589
1.275108
1.090617
2.269702
0.947098
0.696889
0.220316
0.783113
1.624071
2.811330
0.422654
1.734012
1.544597
0.622094
1.298029
1.573492
1.536124
1.609627
1.749910
1.440317
0.704683
1.976902
1.299101
2.005694
1.136680
1.265199
0.863403
1.902886
1.059813
1.461470
2.070712
1.668785
2.521340
1.709339
1.887676
1.018328
0.868876
2.121747
2.360047
2.334588
1.797674
1.543016
1.414821
1.774270
2.558826
1.872517
1.910074
2.064491
0.736367
1.493818
1.031974
2.030920
0.845303
1.017930
1.227965
0.817201
0.944427
0.862100
1.623890
1.603123
1.964350
1.070202
2.117383
1.551712
0.692419
1.958758
3.237557
3.130476
1.092414
0.155457
1.626065
1.418732
1.595684
1.911168
0.623672
1.874834
2.876830
0.394529
1.384701
0.746671
2.007230
0.835349
2.032634
1.303888
0.583938
2.182111
1.717368
1.829707
3.085300
0.800803
1.167282
1.838503
0.983964
1.076914
3.400038
1.865939
1.942454
2.525294
0.944002
1.692138
1.857693
0.690078
0.905737
1.796929
1.334569
1.023904
1.664467
2.369046
1.543667
1.909618
1.311419
0.572035
0.421134
1.135916
1.528742
2.021804
0.639585
1.323312
0.878983
2.231131
0.936360
1.956434
0.954154
1.377730
1.587283
0.922155
2.016748
1.445239
0.770831
1.443079
1.184332
1.080726
1.501714
1.731117
0.595548
1.101962
1.783124
1.423569
0.609915
1.239468
1.098430
1.453638
1.034485
2.162913
1.551322
0.542131
2.202774
1.149624
1.505646
1.509708
2.163207
1.346762
1.596731
2.207443
1.002282
1.004991
2.900570
1.807522
2.207867
0.821652
3.084431
1.386665
1.221905
1.204963
1.112284
1.470608
2.015512
1.411183
1.344527
0.837902
1.297150
2.572847
2.605526
1.283720
1.446635
0.466183
1.685726
0.844077
1.820697
1.626859
1.215367
2.481226
0.858821
1.366922
1.619892
1.460050
1.056497
1.145204
0.924073
0.856129
2.409149
1.894515
1.464766
1.019533
0.866284
0.557814
2.345709
1.891119
2.367694
0.612546
1.458493
0.798325
2.157370
1.578472
1.197635
1.206232
1.436805
0.504696
3.055669
2.356569
0.706564
1.500850
0.554273
2.052258
0.695640
0.985374
0.572008
2.061938
2.433803
1.117883
0.778422
1.915658
0.855732
0.714387
0.786315
1.845148
1.034753
1.251105
1.834413
2.179729
1.315186
1.787901
1.680245
1.588137
2.884766
1.128097
0.577734
1.459449
0.943110
0.820947
1.056582
1.894106
0.673684
0.594142
3.335203
1.316643
1.715912
1.730544
1.032335
0.501416
1.791789
1.345372
1.562654
1.420645
0.706284
1.176707
2.699455
1.741329
2.883631
0.907062
1.126881
1.249673
1.800736
1.897329
1.285261
1.343323
1.619352
1.310921
1.162684
1.173189
1.262641
2.490462
1.421032
1.929275
1.138963
0.596764
1.638931
1.527320
0.984979
3.053674
1.864943
1.485455
2.499034
1.616100
1.272512
1.814212
0.284830
1.407191
1.522025
1.889721
1.243698
1.538270
0.666425
1.314782
1.791474
0.944303
1.073521
0.448528
1.608271
1.379898
0.460716
1.043550
1.584470
2.255502
1.353210
2.376360
1.117964
1.632730
1.353735
0.659344
1.169823
0.617056
1.363130
1.351771
3.041788
1.741412
1.144037
1.307973
1.127164
1.520976
1.934307
1.867952
0.322171
0.657826
0.485198
2.481503
1.739043
1.645339
2.902625
1.735264
2.074009
2.780811
0.823982
1.565220
1.182869
0.791667
1.158951
1.766930
1.712137
1.133295
2.165542
1.362450
1.121454
1.182607
0.875656
1.746995
1.162635
0.513990
1.098681
1.298047
1.303096
0.951777
2.553501
0.767676
1.552396
0.984282
0.223131
0.693806
1.720188
0.520666
1.264365
1.683055
1.128994
1.380931
1.858254
2.188843
1.659058
1.259241
0.815410
0.526167
1.357767
1.937729
1.963795
1.531197
1.111897
1.336366
0.914350
1.776247
1.468616
2.048591
1.014286
1.160450
2.257735
2.062047
1.957834
0.980362
1.997601
2.110224
1.032361
1.160856
1.804946
1.413841
2.048465
1.121560
1.070309
0.699737
1.661522
0.967304
0.881954
0.919210
0.350533
1.053551
0.707219
1.344011
1.704648
1.338698
1.025779
1.134742
2.030378
1.753795
1.626629
1.266222
2.897177
0.394865
0.771446
1.003742
1.881869
1.116087
1.421306
0.758513
1.330575
1.341412
1.827049
0.936487
1.457216
2.316465
1.355743
1.009975
2.486879
0.860429
1.749232
1.218546
0.919487
1.579695
0.383865
1.117329
1.733993
1.953629
2.597797
1.985383
1.493518
0.785677
2.093358
0.665685
2.430236
1.491784
2.078059
0.690789
1.656369
0.801496
1.363687
0.844729
0.398341
1.263099
1.046952
1.121372
0.995091
1.262038
1.099182
2.193452
1.838034
1.009571
0.391950
2.517620
2.221453
1.209490
1.821160
0.561531
1.569927
0.778978
1.327211
1.458447
0.500693
1.816420
0.890931
2.304495
0.797692
1.099549
0.678269
1.136956
1.033449
1.640218
2.171257
1.761795
1.147170
0.888747
3.066432
0.259045
1.848899
2.362014
1.114837
2.819406
0.530309
1.638102
1.436127
1.398434
1.067045
1.209162
1.289526
1.868538
1.336339
1.648952
1.655130
1.272526
1.326543
1.213254
0.882003
2.081900
0.942020
2.442566
1.653121
1.766676
0.778663
2.338819
1.611784
1.533916
1.226632
2.020142
1.107679
1.839900
1.367674
1.426429
1.683794
2.117683
1.519520
0.543953
1.658496
1.227331
2.453507
1.331137
0.952922
1.355624
0.983719
1.035707
1.531613
0.552469
1.532868
0.997369
1.729040
2.090240
1.573539
1.804778
1.029431
1.836139
0.673657
0.789226
1.014259
1.900864
1.180420
1.330722
2.114556
1.606816
1.409155
1.681869
1.618301
1.191119
0.730868
0.407906
1.722232
1.360287
0.865807
1.080525
0.672615
1.399107
0.469036
1.671401
1.317730
1.888340
1.430465
1.488319
0.756983
1.239084
1.425119
1.672753
1.097278
0.482986
0.575254
1.747418
2.386328
1.125482
1.242169
0.909573
1.972317
1.256684
1.001846
1.928015
1.447594
1.647149
0.961949
0.924694
0.842404
1.344976
0.937498
2.887520
2.613188
1.050178
0.885834
0.908759
1.747358
1.369000
1.300999
0.766833
1.708014
1.981454
0.743847
1.129840
0.944464
0.399935
0.904681
1.812228
1.796148
0.377651
2.922693
1.286098
1.175299
1.601870
1.821713
0.805724
1.787213
1.289449
0.617136
2.965585
1.574351
2.071224
2.895807
1.437726
1.229201
0.956417
1.390194
1.015046
0.984108
1.528230
2.337133
1.510111
1.262895
1.979995
2.137463
1.232131
1.862826
0.333980
0.952753
2.091214
1.002378
1.394641
1.763849
1.481708
2.091381
1.291392
2.165877
0.439299
1.647461
1.249290
1.488211
1.747130
0.874040
1.685086
1.144212
1.375199
1.094859
1.541755
0.680596
1.615267
1.293304
1.016730
1.084735
0.770551
1.653439
1.527040
1.149220
1.825485
1.697138
1.649362
1.205932
1.101578
1.500297
1.351189
1.554010
1.577584
0.948246
1.937915
1.548950
1.208030
1.390804
1.406735
1.143195
0.279189
2.409351
1.347064
2.305308
1.047717
1.207275
1.351218
2.564554
3.563412
1.957518
1.052111
1.762959
1.217322
1.167377
1.215249
1.036728
0.361632
1.072882
1.085867
2.118722
0.626518
0.703618
0.741833
2.278121
1.479471
1.826560
0.697133
1.759730
1.496729
3.346130
1.602899
1.138241
0.987953
1.222690
1.508489
0.850299
1.446880
2.090397
1.367981
1.056095
1.996483
0.877731
2.296782
0.920122
1.969828
1.969006
1.475954
1.250245
2.468152
1.488558
0.934371
1.969695
2.118798
1.649988
0.556848
2.390119
2.502844
1.659892
1.072625
2.347698
2.996594
1.303776
1.145909
1.189021
2.123777
1.474466
0.792273
1.585306
1.905475
1.324206
0.874571
1.695044
2.014103
0.669302
0.998649
1.415075
0.817606
1.732964
0.182575
0.872489
0.883785
0.607972
1.850262
1.817040
0.945724
1.631954
1.565915
1.325190
0.830649
1.392737
0.986154
0.643992
0.583500
1.403113
1.567046
1.021116
0.620342
1.187013
1.374141
1.475801
1.028902
1.697940
1.112870
2.038017
1.264878
1.450291
2.696028
0.617644
1.782934
0.437167
1.882603
1.971471
1.211213
1.250111
0.895250
1.108775
0.888168
1.980107
1.142366
1.133586
0.968548
2.310074
2.298655
1.587667
1.198820
1.044250
1.220505
1.357151
1.750043
0.736778
0.455090
1.936469
2.865094
1.381318
0.531688
1.463429
1.810229
1.455789
1.240796
0.938652
1.168581
0.805048
2.347646
0.926437
1.233510
0.469663
0.526839
0.587259
1.319692
1.742858
1.607725
0.669349
1.306563
0.522989
1.384124
0.805563
1.227585
1.142243
1.370633
1.991996
1.841240
0.716226
1.256329
1.576687
0.975325
0.664987
1.824892
1.176389
1.480575
1.626376
0.936448
1.046186
1.054546
0.960384
1.443123
1.225343
2.022624
1.281373
1.423451
1.391740
2.252753
1.018403
0.836980
1.738371
1.039734
1.347949
1.187567
0.617218
2.371303
1.650080
1.928061
2.316951
1.604431
1.118602
1.551546
2.899420
0.144174
1.502115
0.436602
1.460271
1.324160
1.691613
1.431960
1.065262
0.952518
0.714105
1.079211
1.641243
1.150529
0.785275
1.404885
1.731123
0.719697
2.122990
1.110810
2.273306
2.477690
1.008444
0.633207
1.041488
0.575546
2.382597
1.470785
2.145959
0.949121
2.067949
1.355205
1.452510
1.511159
1.274657
1.550074
1.604359
1.966820
2.018868
1.026096
0.658392
1.839472
2.551934
1.927610
2.803028
0.810070
1.261770
1.383852
0.504653
1.128404
1.546931
1.646069
2.800983
1.383872
1.397749
0.510595
2.271544
1.428551
2.123729
1.448511
0.879917
2.158570
2.808962
2.107366
1.708580
1.438747
1.205628
2.177465
1.647199
0.966842
1.142089
0.631246
0.456731
1.127526
1.105607
0.522250
1.697301
2.181076
1.013149
1.944222
1.177445
1.979862
2.497707
2.541386
2.141287
1.117804
1.613498
0.721271
0.550712
1.781924
1.699899
1.017665
1.866506
1.644264
1.475422
1.440940
2.694077
0.895883
1.584641
1.440966
1.497307
0.331288
1.635506
1.528550
1.329393
1.575402
0.907458
2.683112
1.207184
1.734768
0.521277
2.242627
2.006675
1.377778
1.234423
0.382409
1.274282
1.439421
0.924010
1.938464
0.974186
0.884644
1.252307
1.385013
1.674047
0.717174
0.593905
1.216832
2.974566
0.885028
1.067047
1.235793
1.155166
2.035947
1.488091
1.342360
2.685010
1.878929
2.354845
0.731704
0.905183
1.151426
2.291015
0.738121
1.674504
0.406671
1.939713
1.329010
1.962605
1.240300
2.600177
2.605331
2.210141
0.582811
1.449552
1.688404
1.060907
0.516469
1.557912
1.045819
0.797424
0.744427
1.757472
1.667251
1.174091
2.500030
1.568797
2.020134
1.442944
1.632256
1.331870
1.949248
1.035941
1.094295
1.119042
0.988687
2.288696
2.663426
1.076521
2.254945
1.294363
1.470087
1.587427
2.493856
3.018159
1.396373
2.102416
1.302869
0.728687
1.105329
0.264208
1.116989
2.348246
1.761643
0.520327
1.511014
1.952672
0.543788
1.006572
2.006772
1.792928
1.098932
0.808401
2.306041
2.195898
1.592884
1.016036
1.132886
1.123843
1.922041
1.521021
0.773441
1.234587
0.989667
1.691125
1.638302
1.242443
0.422997
2.191406
0.964650
1.601903
1.459481
1.719243
1.114212
1.973705
1.386156
0.611680
2.024714
1.904433
1.898995
1.769989
1.497620
2.031188
1.057995
0.379305
2.188346
1.929614
1.845334
1.015645
1.913951
1.485396
0.536095
1.243428
2.270869
1.768937
2.325528
1.085437
1.239108
0.617908
1.410348
0.537926
1.187672
1.767631
1.972036
0.866057
1.194736
1.839722
2.766110
1.396858
1.203096
0.699575
0.922340
2.248575
1.758328
2.243139
1.448803
1.569191
1.909683
0.747800
0.874556
0.918106
1.931557
0.773018
2.058224
0.572473
0.703512
1.221004
1.265574
1.165752
0.660169
2.045194
1.197298
2.210817
0.983794
0.500684
2.228795
0.994964
1.646693
1.019955
1.631842
1.727495
1.323027
0.468600
1.045970
1.455261
0.869113
2.545520
0.698697
1.094624
1.522822
1.031887
2.455677
2.050617
2.130107
2.195241
1.404094
1.896877
0.566647
0.807928
0.852823
0.981115
0.699560
2.129039
0.924013
2.713387
1.058008
0.904312
0.921377
0.971889
2.102019
1.497184
1.004376
2.127989
1.568494
1.809567
1.392542
1.158895
2.079572
1.008436
1.958079
1.255458
2.125054
1.379491
0.883350
1.946216
2.304705
0.881307
1.517157
1.661339
1.491109
1.291830
0.435267
2.169924
0.871398
1.150457
1.014969
1.602360
1.326574
1.503681
0.857752
2.414321
1.186950
2.476248
1.115923
1.086513
1.877695
1.873422
1.897783
0.956377
1.855670
2.614687
1.872629
1.685756
1.307727
0.860082
1.869117
0.817859
0.909712
1.485355
1.506209
1.464297
1.603411
1.583867
2.103702
2.175281
0.894902
1.252987
1.202212
2.564771
1.155664
1.149957
1.783936
2.539141
0.765132
1.794020
0.944468
2.439162
3.049922
1.208728
1.356150
1.561980
0.701768
1.285823
1.139408
0.910043
1.160175
1.449002
0.936591
1.210499
3.071695
0.222277
1.129475
1.777459
3.340028
1.207484
2.072470
1.056563
1.270520
1.295701
0.814401
0.793815
1.740751
1.025625
0.938846
2.262108
1.226108
1.760102
1.938076
2.212544
1.965810
1.514393
1.752890
2.359935
3.216219
0.929542
3.064101
1.350029
2.026202
0.831624
0.697929
2.151435
1.063549
1.201379
1.055828
0.979978
1.221179
0.966115
0.896914
2.071580
0.943630
1.111645
0.892335
1.287746
0.926609
1.663613
1.360327
1.934619
3.462537
1.714178
1.418550
1.757343
1.534393
1.510543
1.725403
1.732069
1.171049
1.190259
1.311176
1.533948
1.152434
2.340141
2.554548
1.315701
1.613040
1.022202
1.910774
0.875528
1.116040
1.800407
2.055254
1.206860
1.424016
0.431691
0.924593
1.283896
1.982752
1.742530
1.303846
1.459796
0.577981
2.227162
2.117179
1.172321
1.775819
0.892635
1.725553
2.016521
1.745516
1.870465
1.825060
1.247874
0.829915
0.153148
1.606793
1.770110
2.143593
2.366173
1.744080
0.560015
1.978117
2.015650
1.936917
0.935163
1.732281
1.168018
1.367505
1.253948
1.891549
1.072835
2.479725
1.311095
0.633729
1.267597
1.709278
0.539315
0.829560
1.881525
1.943408
0.586421
1.466130
1.201120
1.230052
1.463227
1.771384
0.979926
2.443667
1.468382
1.056630
1.068218
1.079886
1.985561
0.979402
1.232226
2.232669
1.817867
0.732405
0.766581
1.492689
1.085784
1.873815
1.388902
1.472930
0.504887
1.435067
1.560819
1.162171
1.089286
1.170827
1.577380
0.944915
1.400626
0.659461
0.655340
1.726231
0.967686
1.141371
3.159967
0.413415
2.720423
1.389907
0.885393
1.780649
1.556328
0.925211
1.142057
0.985250
2.884462
1.833193
2.672109
0.921742
2.494071
0.604775
2.237237
1.813134
0.435655
1.798231
0.678139
1.726893
2.005855
1.706472
1.032658
1.270249
0.766177
1.933042
1.183566
1.608979
2.985199
1.517322
0.709286
1.354930
1.851334
3.164160
0.979310
1.203664
0.838881
1.705213
0.723157
1.655408
1.749750
0.610619
1.755817
1.382027
0.624858
0.858050
0.655459
0.919662
0.573080
1.789967
0.882709
1.548018
1.911902
1.968353
2.281555
1.279201
0.918910
1.818583
1.762405
0.991871
1.346698
1.630369
1.381827
0.357235
0.890235
1.710472
1.196217
1.773894
0.865078
0.806431
1.993847
1.117048
0.632959
1.423598
1.478632
1.198095
1.221801
0.920314
0.605519
0.826062
2.349216
0.281592
1.774842
1.111937
2.035328
0.914324
0.886633
0.765462
2.242522
1.094354
2.163989
1.103855
1.118971
1.666418
0.977150
1.248219
1.125611
1.085192
2.055224
1.177413
2.755846
0.538201
1.298943
1.480909
1.587011
0.988097
1.448372
0.993148
1.160521
2.090593
1.875721
1.599194
0.328128
2.255733
2.215395
1.368124
2.486475
1.210288
1.016677
0.644590
1.631607
0.590490
1.713753
2.385970
1.919194
2.153383
2.104413
1.755673
1.920953
0.301099
0.736512
1.640765
0.920102
1.483605
1.985172
0.379380
1.842442
0.729885
1.535292
2.066345
1.806473
1.776191
0.910636
1.234059
0.956754
2.240413
1.736456
1.120302
1.681689
0.229024
1.058180
1.213477
1.152308
1.437130
1.286333
1.957160
1.621382
1.347723
1.266333
1.618631
1.392972
1.287026
0.622683
0.647163
1.327316
1.775204
2.450463
0.842937
0.386910
2.498049
0.679650
1.597707
1.317870
0.584369
1.277106
1.205514
1.516622
0.980606
1.633674
2.265500
1.967831
1.879565
0.819222
1.308440
1.237458
0.881794
1.741964
2.057161
1.517503
0.991418
0.979193
1.638938
2.322240
0.720915
1.497692
1.765916
1.883358
1.665925
0.654120
1.872130
1.106937
1.436891
2.293823
0.838126
1.169740
0.307386
1.480904
1.554822
0.918556
1.318565
1.317265
1.510228
0.282361
2.592253
1.865256
1.274264
0.895292
1.236502
0.798687
0.706772
0.256866
1.580275
1.624759
1.386290
1.298504
0.711785
1.312271
0.914331
0.683429
2.024886
1.326608
2.963507
1.699275
2.008850
2.555737
1.159851
1.881837
1.177406
3.981507
2.091338
0.486791
1.436194
1.306047
0.828990
1.860673
0.548213
1.560653
1.418631
1.279877
1.835356
2.459504
2.723124
1.604681
0.578072
2.378703
1.529623
2.142843
0.925442
1.015479
0.782486
1.051697
1.323447
0.886636
1.904856
1.402343
1.260932
1.089586
1.224123
0.673133
1.440103
0.748702
1.438807
1.007681
0.383196
2.508061
1.254098
1.235070
1.571534
1.387237
0.311697
1.160815
0.475101
1.489094
1.195277
0.836929
0.892646
1.682436
1.286032
1.218073
1.164760
1.770082
1.920395
1.507743
1.551576
1.301599
1.194776
0.891442
2.650939
1.082024
0.847875
2.009750
1.487800
1.523598
0.153616
2.130249
1.527713
1.042446
1.097449
1.423059
1.001456
1.352596
1.818971
1.197219
0.705161
0.773453
0.731407
0.930876
1.774569
2.302745
0.530757
2.548649
0.636410
1.461626
0.659703
1.534718
1.247146
0.407877
1.958416
0.283539
0.730176
0.980444
0.461094
1.338304
1.251894
0.830269
1.524202
1.052153
0.446778
1.733039
1.426849
2.822983
0.519207
1.297041
0.527946
0.972971
1.275268
1.867211
0.275718
0.946969
0.996353
0.559455
2.533231
0.779993
2.096303
2.644639
1.688038
1.636139
1.714461
0.708842
0.745089
2.467383
1.633609
0.962743
2.048444
2.512634
1.794280
0.660190
2.199086
0.456481
1.398245
0.709504
1.347835
1.308685
1.655881
0.831039
2.776648
1.941521
1.295837
1.248796
1.283985
1.248674
1.201297
0.908662
1.111333
0.752176
1.096905
0.890183
0.273254
1.075177
1.502821
0.698782
1.088964
1.616609
2.584271
2.857199
1.808379
1.478699
1.984427
2.049759
1.298304
1.846557
1.594695
1.013936
1.191808
1.167534
1.634002
1.628711
1.790422
1.422013
1.856991
2.453973
1.423212
1.292812
0.677924
1.553140
1.432865
1.912979
1.195015
2.275521
1.754986
0.560455
1.301960
1.043421
0.661806
1.850512
1.682404
1.931764
1.914490
1.020274
0.709729
1.406106
2.015872
0.963229
1.523083
1.620197
2.082898
1.694411
0.818187
1.115796
1.823137
1.248150
0.691506
1.324935
2.344306
0.863197
1.666223
1.249446
1.213714
1.272125
0.982911
1.362465
1.862162
0.864294
1.358538
1.176084
1.745170
1.248743
1.674247
1.268901
2.730138
2.228378
1.628279
3.235765
1.070782
0.687699
0.941798
0.995743
1.715006
2.573709
0.969520
0.989634
1.121881
1.634454
1.741495
0.215995
0.748883
2.304464
1.315289
1.292152
1.556922
1.562982
0.926502
1.475604
1.249055
0.612394
0.593833
0.584988
1.533150
1.899970
2.035861
1.645117
1.021610
0.646628
1.693046
1.540983
1.937379
1.238807
1.206654
2.214355
1.798933
0.719626
2.712419
1.759437
0.777977
1.432838
2.143994
0.634982
0.971649
0.624570
0.447590
1.562824
1.514070
2.654339
1.156021
2.583723
1.190334
1.482509
0.582776
1.318583
0.999162
1.941370
1.051479
1.100404
0.733631
1.819736
1.349918
1.896611
1.333246
0.708072
1.883564
1.022528
0.739946
1.838834
0.708600
1.284097
0.616327
0.564929
2.451253
1.685146
1.315130
1.423440
2.424241
0.942643
1.296255
1.830716
1.326759
1.691695
2.251064
2.288175
1.972782
1.117233
0.713015
0.818116
0.715590
1.502243
1.756478
0.972751
2.915710
1.441742
1.284731
1.840916
0.711938
1.259803
2.718917
1.107924
1.997964
1.285101
1.932732
3.096496
1.646883
1.743485
1.113460
1.953541
0.677585
1.205866
1.878515
1.094396
2.217104
1.190429
1.845574
1.479755
1.352335
1.399580
1.553989
1.260908
2.306493
0.714646
1.191438
1.301584
2.254687
1.551880
0.650691
2.107534
0.634932
1.289404
2.030797
1.366737
1.514383
0.439918
1.449218
0.959536
1.111622
0.705145
1.110187
1.911577
2.381558
2.217161
1.471877
1.719833
2.249111
1.061990
1.532324
1.081686
0.724092
1.373262
1.480657
1.869131
1.287840
1.135180
1.112611
1.088570
1.133367
0.712881
0.438741
2.042835
0.381016
2.136348
0.800391
2.673151
1.497921
1.552286
0.877753
1.897801
0.644132
1.974450
1.377841
1.545824
1.527765
0.412526
0.648373
1.214907
1.137300
3.060462
1.463597
1.012295
1.034057
1.060308
0.584715
0.638434
2.197160
2.236350
1.164604
1.456807
0.864995
1.123162
1.996781
0.756177
1.408567
1.670801
1.359471
2.380624
2.973928
1.160821
2.619084
0.965674
2.503045
0.854749
0.793248
1.468333
1.771296
1.733677
1.396161
1.389869
1.500553
2.562435
2.979752
0.583948
0.484568
1.311205
1.741162
0.928504
0.952318
0.828660
1.383699
0.947815
1.981256
0.768284
0.866563
1.288942
1.369743
0.610034
2.101755
2.250947
2.030365
1.533125
1.003677
2.130146
1.004292
2.652571
1.136243
2.158448
0.852602
0.896233
1.362597
1.468960
1.860685
1.375186
1.900409
0.951666
0.645391
1.940374
1.051697
1.769718
1.890272
1.963777
1.529299
1.502897
1.113377
1.666186
2.212563
0.978401
0.920616
1.497706
0.541634
0.616019
1.286301
2.292903
0.512421
1.275248
1.299651
2.383031
2.522657
2.032040
2.061005
1.417191
1.206749
1.452132
1.149855
1.953906
0.886029
0.963068
1.815004
0.996862
3.146734
1.123827
1.167272
2.248722
1.215813
2.139780
0.597393
0.880076
0.903166
0.455247
2.350055
0.929088
1.260446
1.261780
0.560795
1.142635
1.289334
0.974713
1.097441
1.226139
0.091916
1.232835
1.534784
1.410738
2.601261
0.525880
1.954827
1.690167
1.965158
2.119371
1.730571
2.642864
0.372810
2.734327
2.915448
1.639187
1.254150
2.405224
1.436264
0.928778
1.189471
1.441617
2.329675
0.962733
0.781474
0.365560
1.972465
1.196942
2.089124
1.783069
3.624229
1.737492
1.282250
1.953031
1.582508
0.575926
1.456738
2.721605
2.006343
0.628341
1.826867
2.035936
0.995513
0.820627
2.233877
1.129449
1.001240
1.425417
1.021411
0.625765
1.271345
1.422718
1.048186
1.489010
1.129517
0.602288
1.377657
0.778299
1.069369
0.543839
1.693130
1.499176
1.813234
1.923516
1.170578
0.988099
1.423300
1.930066
1.430453
1.725755
1.264749
1.833077
2.703385
1.434202
0.361288
1.151107
1.170658
2.401194
0.978630
0.721448
1.034369
2.217958
0.591521
1.419598
1.855772
1.477534
0.829144
1.499599
0.614124
1.182422
1.276500
1.460574
0.934340
1.607646
1.095885
1.802185
2.320741
0.837575
1.326527
1.925213
0.786445
2.049693
1.668470
0.935077
1.710218
1.524983
0.606470
1.034477
0.724149
1.945056
0.615585
1.147715
1.099490
1.725262
0.922598
0.832374
0.721860
1.986968
1.244497
1.382723
0.693196
0.851317
1.130760
1.540572
0.370271
1.849117
2.356152
1.880328
1.578131
0.877550
1.067289
2.495430
2.086840
0.935648
1.435124
0.994775
1.970762
1.298240
1.269304
1.517148
0.445111
0.768622
1.403251
0.662890
0.838231
3.389787
1.332300
1.040805
1.674755
1.851569
1.346074
1.343056
1.751755
1.660770
1.311490
1.410465
1.442060
1.410887
0.781700
1.624213
1.149607
0.930496
1.228330
1.302471
1.465304
2.003977
1.430668
1.646297
1.939139
1.158491
2.209462
1.597345
0.819520
2.386558
2.460108
0.646546
1.187427
1.093792
1.555859
2.382964
2.454327
1.627937
1.470777
2.217595
1.871611
0.945127
1.061853
0.994060
2.162722
0.246299
1.292785
1.946795
1.004496
2.182582
0.178922
1.206091
1.114034
1.523080
1.390217
0.901276
0.428663
1.088905
2.658256
1.188426
1.497511
1.272061
0.972460
2.217639
2.408098
1.497160
0.484197
1.529960
2.003118
2.017188
0.694805
1.846274
0.727667
1.293820
1.008380
0.532921
1.695473
0.120633
1.573637
1.311073
0.273371
0.750139
2.383131
0.770861
1.108752
1.168651
0.462736
1.313698
1.711875
2.754926
2.808100
0.385272
2.441616
1.075590
0.111368
1.352067
2.359255
2.182837
2.984088
1.698497
0.888528
1.845755
3.131809
1.560006
1.104628
0.913593
1.893052
2.397683
1.771218
2.260293
1.861836
2.545754
1.668090
0.791067
1.953441
1.605767
1.659191
1.700663
1.379615
0.160908
1.328766
1.907889
0.976624
1.788685
2.658971
0.295457
1.480456
1.539230
1.171378
1.221287
0.337484
0.581306
1.444209
1.455362
0.929197
1.678754
1.213979
0.879666
1.680584
3.616936
2.037078
1.639856
1.666912
1.846689
0.918306
0.385199
1.450470
1.673120
1.651530
1.412458
1.925146
0.810397
1.367166
0.307930
1.532789
0.989761
2.788985
1.765277
1.373552
1.282199
1.593597
2.337630
1.318532
2.227015
1.371369
0.604175
1.573433
1.008729
0.500808
2.557068
0.845818
0.991957
0.935800
2.611100
2.202634
1.181201
1.971885
1.059379
1.558530
1.798290
1.877925
0.538476
1.177032
1.696880
1.663877
1.953298
1.152200
1.708518
1.071147
0.789963
2.956884
2.123924
1.390778
2.155790
1.572509
1.713078
0.737443
0.448615
2.386950
0.703622
0.791180
1.514227
1.367937
1.671307
0.912640
1.019267
1.627688
1.055157
0.928417
1.715555
0.953081
1.370825
2.262346
1.437390
1.448848
1.937545
1.024612
1.488485
1.002195
1.636946
0.394817
0.743665
0.876938
0.917910
1.569622
0.790998
2.183687
2.130669
0.250862
1.949011
1.662643
0.880756
1.589736
1.740851
1.406093
0.874007
1.037715
0.293519
0.796555
1.417458
0.639111
1.171085
1.197899
0.915257
1.798310
0.835930
1.014255
1.671073
1.616243
2.179526
1.498142
0.200203
1.592838
1.233706
1.631286
1.605582
1.838850
1.964591
1.952470
1.658191
1.364228
0.876908
0.841031
0.819354
1.620710
0.905272
1.452668
0.730730
1.049818
1.726088
0.780248
1.106973
1.997253
0.740234
0.567906
1.171486
1.184314
0.415791
1.789977
1.161047
0.691360
0.678046
1.247273
1.183277
1.850722
0.776475
1.614129
0.853979
0.912978
0.995523
2.194960
2.153804
0.947579
1.153379
0.758224
1.413130
0.503411
1.974004
1.422354
1.087700
0.504488
1.852603
2.713297
0.189013
0.822772
0.947555
1.245553
0.923673
1.025482
1.229727
2.364386
1.128259
1.849040
1.218453
0.950101
0.946469
1.017024
0.524811
1.282216
1.640006
1.186313
1.134364
0.697935
1.477327
1.601796
1.470956
1.521648
0.674230
0.389998
1.407088
1.436538
1.995800
1.458950
2.094281
1.612464
1.279141
1.749475
0.742519
1.526783
2.212919
0.760905
2.125405
1.485120
0.541029
1.068619
1.330917
0.853827
1.257316
2.745219
1.454472
1.317994
0.703993
0.752137
1.497000
1.587608
2.452012
0.279004
2.952143
1.513112
2.133296
1.163491
0.815976
2.302725
1.149556
1.629742
1.303024
0.739324
1.057872
1.533174
2.855027
0.731480
0.705641
1.260976
1.227689
0.672950
1.470164
0.683281
3.231090
1.384980
1.939985
0.548652
1.596023
0.987928
1.466291
1.093478
0.259369
1.247663
0.667338
0.609749
0.797083
1.497580
1.657448
2.337314
1.117033
1.556022
1.409555
1.492126
0.924883
1.386599
0.572421
1.762153
1.749494
0.880505
1.212112
0.552743
1.331381
1.687720
1.360125
1.541804
1.205092
2.122017
2.054873
0.958962
0.750182
1.212588
0.531180
1.406391
2.074077
1.619883
1.906470
1.259967
1.432653
1.459609
0.577267
1.670069
0.971077
2.138142
0.535829
1.289610
0.748666
1.814055
1.576830
1.519381
1.037577
0.666073
1.450851
2.561492
1.073741
1.399815
1.172624
1.413085
1.288356
1.297751
3.122461
1.918171
1.063212
2.086266
1.706827
0.943937
0.464565
3.045106
2.698295
1.369716
1.773846
0.966317
1.575563
1.450737
0.746078
1.574682
1.320045
1.775054
1.052890
1.424049
0.658799
2.600977
0.629313
2.400500
1.940547
0.723918
2.403147
1.852017
2.023076
0.891885
0.798981
1.056862
0.674519
0.977942
1.235669
0.654386
1.051682
1.634914
2.041985
1.163046
2.223722
1.319100
1.209086
1.297818
1.865137
1.343641
1.507648
1.003680
1.047301
1.690775
1.963926
0.705854
1.273889
1.924650
1.247965
1.126694
1.512252
1.667335
1.157922
0.804364
1.363333
1.121965
2.080099
1.019931
1.730719
1.719665
2.088491
1.546792
1.771383
1.109671
1.119616
1.289519
1.896844
2.235242
0.929214
1.073309
1.470546
3.042323
0.987386
1.183589
0.725864
1.184805
1.001457
0.900528
2.348655
1.311466
1.010997
1.255206
1.419733
1.454926
1.449674
0.951797
2.029513
0.846639
0.940469
1.106354
1.307370
0.984480
1.328938
0.824258
1.943497
0.658375
1.102691
0.970116
2.556416
1.627138
1.054223
1.319354
1.583123
0.583190
1.459197
1.546204
0.943538
1.245383
1.916782
0.839699
1.642923
2.274130
0.758560
1.581713
1.710015
1.319634
1.033104
1.602646
1.769725
1.361486
1.196728
1.723342
1.627341
1.174203
1.841379
1.677538
1.468035
1.604272
1.342665
2.317864
1.566972
1.650824
1.435874
0.828300
1.732873
0.794571
1.380995
2.012922
1.141480
1.976256
0.482627
1.340813
2.242895
1.679216
1.341469
0.656422
0.791767
0.939495
2.403991
2.063827
1.820838
0.996227
1.227917
1.811656
1.071742
1.662935
2.483917
1.351499
1.669319
0.987874
2.353481
2.404903
1.154355
0.390712
1.506335
0.703306
1.632059
0.322330
1.161372
1.518304
1.545532
1.215668
3.185186
1.303023
0.733707
1.689428
1.885269
1.360355
1.091706
1.413790
1.778875
1.740480
1.783687
0.809651
1.025864
1.262955
1.292444
1.744994
1.145930
1.923172
1.660506
1.901707
1.713334
2.500398
1.435734
1.347792
2.837909
0.738816
1.374909
0.711695
1.195190
1.781894
1.598532
0.988658
1.095914
1.406332
1.596123
1.141700
0.788881
1.532922
0.472556
1.768590
1.793949
2.957888
1.246940
0.413107
1.194924
0.254650
1.242200
0.812778
1.113823
1.280321
2.815278
1.252401
1.430957
1.002261
0.592444
0.553764
1.288504
2.131956
1.340003
2.033235
1.040550
1.369056
2.376304
2.857438
1.551584
0.497189
1.020557
0.984706
1.422969
1.936295
1.404079
0.920114
1.230268
2.433207
0.563677
1.098333
0.689013
1.557284
1.468847
1.037961
0.971348
1.464562
1.127656
0.891468
1.657997
1.363903
3.392837
1.349658
2.204053
1.146533
0.727285
0.537674
1.228866
0.947972
2.523494
1.426040
0.858298
1.434531
0.850632
2.274801
1.517990
1.670595
0.911895
1.227401
1.851046
1.582811
1.996343
2.033555
0.740432
1.720111
2.400919
1.483932
1.095886
1.039567
2.432105
0.894873
0.224139
0.761585
2.371045
1.106787
1.403820
3.042602
2.160523
1.972487
1.846506
2.209581
1.312637
3.250270
1.364666
2.263900
0.974690
0.929933
0.492412
2.080836
2.804092
1.554430
1.298427
0.802175
1.711878
0.970672
1.715580
1.441099
0.928190
1.681025
0.400774
2.763008
1.134256
1.921057
0.705482
2.216795
0.637716
2.640092
1.679776
1.320647
0.599269
1.694180
0.631940
2.334143
1.572432
1.281867
0.578501
0.350594
1.630576
2.073258
1.142443
0.711780
0.994165
1.080146
1.744355
1.037578
1.283166
1.258994
1.706060
1.490033
0.772957
2.258132
0.849606
1.443840
1.324286
1.825475
1.361042
2.512725
1.974813
1.816106
2.946552
1.053744
1.697693
0.745343
1.520806
2.604267
0.873151
0.869985
1.909569
1.105167
1.984542
1.453278
0.798850
2.597675
1.734401
1.716891
0.039004
1.472726
0.962367
1.198499
0.732102
1.224455
0.791987
1.645147
1.317865
2.048589
1.566590
1.547588
1.607638
1.365748
1.081613
0.921088
0.804321
0.958111
1.697302
0.469258
1.631321
1.706327
0.582991
1.335834
0.936089
0.896804
1.285510
1.419465
1.798609
0.442750
0.907865
2.263007
1.243924
1.785722
1.430854
1.239204
1.302782
0.787696
3.037025
1.498819
0.818102
1.360885
1.341918
0.606469
0.534885
1.648137
0.764360
1.937790
2.179230
0.708025
0.750889
1.865851
1.174759
1.919601
2.107494
1.888407
1.437829
1.406165
1.727165
2.214459
1.085570
1.278379
1.172599
0.778649
0.563364
1.799580
1.276383
1.118746
0.450760
0.922080
1.088204
0.686266
0.311097
3.155049
1.417304
0.941869
1.821529
0.752526
1.310447
1.056013
2.767843
1.464829
1.682187
0.837300
1.158183
1.111528
1.784988
1.202490
2.463268
1.496261
1.644568
1.201463
1.494716
2.223340
0.675549
1.471433
1.229190
0.596676
1.792608
1.548449
0.769166
1.681321
1.200495
0.855098
0.624658
1.830499
2.162590
2.243573
1.200774
0.517883
0.676166
0.943829
1.068186
1.195565
0.976198
1.034013
1.823137
0.670417
1.213470
0.378651
1.434153
2.614762
1.064796
1.837651
1.018269
1.178847
2.085199
1.993745
0.836122
2.950111
0.945679
2.704176
2.632279
1.165058
2.631570
1.335468
1.751157
1.673912
0.897834
2.678078
2.298085
2.825887
2.757744
1.552151
1.716050
0.839651
1.271936
1.541218
1.840395
1.381502
0.721631
0.865464
1.534488
1.743008
2.007860
1.345434
2.585031
0.795755
0.583099
2.280751
0.489866
1.718295
1.673125
1.690862
1.620884
2.154102
1.029309
0.698088
1.528491
1.418054
0.273816
1.252221
0.719442
1.787475
1.004080
1.438137
0.769668
1.544950
1.876249
1.212134
1.329847
0.889224
1.170660
1.420946
1.087153
1.954653
1.525551
0.862179
1.021034
3.265681
1.410450
1.296616
1.020686
1.676990
1.243325
1.412159
1.589699
1.060348
0.403716
1.689106
3.077853
1.777582
1.198538
1.252474
1.522572
1.338882
0.464119
0.352928
1.697214
1.283124
2.143189
0.598186
1.175460
1.230946
0.353298
1.493295
1.549363
1.462516
1.933269
1.191849
1.534528
2.898540
1.753473
0.757066
1.972611
1.283951
1.488364
1.411416
1.222350
0.902921
1.716219
1.027168
1.735880
2.162564
1.269065
0.153861
2.791213
1.391677
0.989120
1.191605
1.637716
1.643500
1.144828
1.078034
1.097023
2.359990
1.628358
1.847786
1.396310
1.589250
1.428497
1.630005
1.599571
2.786918
1.044532
2.167571
1.024692
2.224505
1.432743
2.582923
0.980452
1.577957
1.040497
1.259061
1.260874
2.264185
0.694170
1.855041
0.344642
1.298003
1.043889
1.859499
0.808716
0.952735
2.043478
1.852797
2.896932
0.955363
0.602225
1.439916
1.701398
1.508351
0.710240
1.156172
2.025994
1.416744
2.886565
1.570115
1.236546
1.371658
1.272762
1.252103
1.264255
2.455342
2.426916
0.682193
0.497449
1.332371
0.473136
1.122543
0.491811
1.292964
2.276807
2.109686
1.466276
1.271056
1.857634
2.174524
1.964258
2.059430
1.685045
0.500680
1.425877
1.458141
1.710445
1.680029
1.935975
0.962333
1.731168
1.895399
1.339821
1.745968
1.685099
1.170874
2.259834
1.144982
1.782022
1.553356
0.371621
2.341695
0.746130
1.208168
2.107714
1.530907
0.898003
1.702869
1.173369
2.215256
1.185635
2.200868
2.069151
1.598524
0.775514
0.934628
1.487238
1.151895
1.284100
1.396548
1.621097
1.472116
1.883223
1.042799
1.920497
0.926587
1.194125
1.047209
1.824447
0.743978
1.671823
1.451452
1.434211
2.395590
0.667607
2.330456
0.979558
1.612817
0.621070
1.601830
1.560261
0.903679
1.368593
1.880363
0.873084
1.840209
0.684160
0.722135
1.850776
0.725027
0.939955
0.884849
1.056651
2.164194
1.230170
1.161104
1.648390
2.157173
2.039609
0.974453
2.514233
2.403509
2.198567
0.692068
0.574041
2.062396
0.462403
2.327330
1.316275
1.223967
2.124988
0.746720
1.587263
2.979232
1.449569
0.891684
1.707058
0.735470
1.065710
1.202002
2.756379
1.450460
1.674554
1.932794
1.970567
0.950673
0.841470
1.228800
1.903374
2.894709
2.027299
1.364641
0.735968
0.994761
1.366550
0.844951
0.874709
2.615286
1.890626
0.853351
2.028309
0.715878
2.551255
2.143520
2.028952
1.056770
1.404217
0.889776
1.123513
2.667910
0.505168
1.157486
1.534342
1.217024
1.500383
2.042560
0.730999
2.316261
1.299612
1.563017
1.709074
1.215290
1.035499
1.035254
1.393986
2.702623
1.888741
1.222375
1.795965
0.950225
0.687403
1.627336
1.049679
1.378819
2.900435
1.297965
1.091450
1.463258
0.913435
1.245606
1.591116
0.874807
2.048543
1.449100
2.291409
2.551053
2.489553
2.259620
1.082582
1.053726
0.582219
1.835472
1.839495
1.070802
2.562519
1.220315
1.917348
0.363839
1.056715
1.546407
1.618465
0.876027
1.590900
1.803914
1.972401
0.686076
2.498856
0.398650
0.745085
1.098933
1.460364
2.473534
1.484199
1.202117
0.720652
1.749093
1.182470
0.827385
0.687093
0.619865
1.657637
0.997145
1.181323
1.477583
1.756559
1.123749
1.125081
1.722269
1.518848
0.387122
0.243780
