0.835984
1.151458
1.486585
1.249677
0.840651
1.094124
1.949987
0.925770
1.049723
2.222735
2.556380
1.594390
1.396483
1.321733
1.269252
0.977602
1.797201
1.381354
0.526777
2.072662
2.208530
0.753983
1.150105
0.919296
0.538600
2.298963
0.657639
0.838251
0.941738
1.369350
1.940942
2.031288
1.561148
0.582516
2.173653
1.430003
0.863035
1.345895
1.562909
1.577365
1.685365
2.462910
0.772423
0.558481
1.844400
2.442178
0.772171
0.838358
1.291968
1.622932
0.806886
1.069226
2.579953
1.811693
1.742206
1.373170
1.784212
1.325531
0.788181
0.669055
1.049448
2.379223
1.076651
2.151321
2.410652
1.111804
1.340335
2.551666
2.102547
0.936216
1.698577
2.941638
0.534038
1.146715
2.180913
1.186951
2.056366
1.498089
1.499686
1.416937
1.742234
1.640287
0.746134
1.346229
1.961378
1.936168
1.551269
1.459858
2.307798
2.337640
0.520146
1.583498
1.768902
0.568103
0.288230
1.428423
0.644357
1.682549
1.223679
0.263482
1.148751
1.444687
1.212082
1.714910
0.505653
0.572125
1.375460
0.805262
0.934655
1.219456
1.363366
1.871045
1.414990
1.219993
0.531131
0.982268
0.678339
2.037891
0.762372
0.601259
1.630051
1.255182
1.457667
2.839981
2.308393
0.181721
1.574777
2.040947
0.698197
1.937009
1.842432
2.147913
0.827935
0.921263
1.689659
0.943795
2.070470
1.378485
3.862751
0.701973
2.183194
0.860487
0.976470
1.905344
1.091059
0.508761
0.996187
1.624718
1.872729
1.205190
1.899485
1.473588
1.030344
0.685122
1.954495
2.270928
1.122547
0.954915
1.564170
1.093504
0.744331
0.654969
1.415697
0.292058
0.861406
1.063997
1.151737
1.281022
1.833339
1.002632
0.894664
0.627701
1.334384
2.429468
2.203501
0.566990
1.675576
1.652666
2.471259
1.160279
1.649433
1.617923
1.365724
2.590143
1.187965
1.064226
1.474581
1.688768
2.056113
2.215630
1.860090
2.162339
1.197455
1.277643
1.279597
1.919685
0.601198
2.000702
1.653043
1.320224
1.917257
1.064333
0.915733
1.282604
0.678856
1.646261
1.788486
1.131370
1.672536
1.515539
1.676752
1.030532
1.539557
2.612271
0.731641
0.737462
1.312439
2.348613
1.076151
1.245370
1.820822
1.053114
0.889790
1.257261
1.544046
1.714526
1.472124
1.958981
0.860072
1.050812
0.763718
2.083365
1.500400
2.327094
0.803668
2.107500
1.445215
1.426549
0.556540
1.740228
1.675617
1.435355
1.381553
1.776511
2.319718
1.339994
0.875407
0.277904
0.849626
1.614654
1.625301
1.235451
1.114931
2.025231
0.944469
2.138959
0.697047
1.759364
0.365334
0.229068
2.883089
1.965979
0.639550
1.154051
0.994176
1.566847
1.272415
1.379881
0.902397
2.135502
0.745982
1.075134
0.930347
2.158869
1.603580
0.245536
2.530193
0.868987
0.731578
1.781084
1.637554
2.613217
2.408284
0.856572
1.249230
1.098114
0.842259
1.339385
1.415187
0.924708
1.872257
2.339269
2.449599
2.326215
1.647583
2.053567
1.305195
2.507721
2.039141
1.832577
0.677998
1.422990
2.779880
1.667658
1.117233
2.052706
0.981170
1.931863
0.842171
1.122058
2.418968
1.182939
0.894139
2.019276
1.541191
0.290662
0.695787
0.984659
0.926480
1.187344
0.863330
1.363601
2.265529
1.524455
0.787938
1.573571
1.310296
1.331691
1.317136
0.619061
1.858007
1.191446
0.610688
1.882990
1.528945
1.449596
1.321859
0.932759
1.309282
2.182447
1.068567
1.970869
1.351439
0.912507
0.502068
1.887530
1.339027
1.565738
1.325157
2.470049
1.636311
1.543318
0.630900
1.104283
2.055140
0.497970
0.928947
1.024840
0.790852
1.290668
1.198357
0.900541
1.821697
1.255480
1.096843
1.862779
1.482650
1.226191
1.066660
1.844254
1.275336
0.805372
2.855840
1.755029
1.127980
1.893021
1.777414
0.456115
1.149099
1.035589
2.096163
1.305240
0.995102
1.873982
2.071586
1.519383
0.744197
1.261689
1.813039
0.438431
1.238577
0.508001
1.867852
1.724707
0.401731
1.628759
1.908872
1.062875
1.191805
1.562437
1.542657
1.369349
1.422935
0.662551
1.493142
1.259596
0.788299
0.963086
1.227773
1.089492
0.511181
1.008724
2.244359
1.116314
1.425570
0.835519
2.510747
1.795265
1.440886
1.259971
1.151413
0.396947
1.584796
2.920697
1.986596
1.781662
1.014443
1.426594
2.036234
2.138896
1.866843
1.451014
1.759558
0.371005
1.092134
1.697833
0.524207
1.918707
0.910339
1.108440
0.930116
1.161409
3.063738
0.747014
2.025339
1.500341
0.843478
1.237092
1.149485
0.467638
0.563939
2.223538
3.091358
0.261145
0.659453
0.633111
2.272241
0.727322
2.015967
1.555806
1.118107
1.619463
0.677997
0.509425
1.426700
2.886190
2.037041
1.320976
0.867715
1.091586
1.858108
0.952186
0.539632
1.616178
0.581574
1.716653
0.407879
0.978954
1.784065
0.659875
2.533705
1.460948
1.305833
0.603815
1.785159
1.335689
1.874620
1.357075
1.677188
1.243827
1.686940
1.337945
1.126107
1.274897
0.593776
1.795845
2.796888
1.524276
0.655597
1.747023
2.480096
2.218253
0.532477
1.072236
1.620010
1.279548
0.178892
1.431160
2.239406
1.837310
1.261328
0.753375
1.164404
1.672325
0.684239
1.043432
1.082088
0.501443
0.928156
1.051394
1.922978
1.748270
1.016561
0.496507
2.156409
1.369088
1.812019
1.580544
0.804099
1.595285
0.856812
1.410196
0.860848
2.499673
2.059931
0.569734
1.173830
2.153822
1.232457
0.907418
0.879462
1.092731
0.818439
1.720286
1.586820
0.737347
2.145967
0.518202
0.568826
1.444296
0.676036
0.512536
1.856644
1.425373
1.720956
1.295570
2.147857
1.647242
1.773482
0.952599
0.449187
2.080997
0.862507
1.428272
1.230191
1.296887
0.889177
1.022574
1.294790
1.596833
1.716485
0.772444
1.032574
1.186964
0.757646
2.172773
1.556801
1.319561
2.158504
1.404611
0.883822
1.607972
1.577472
0.673656
2.224446
0.157833
1.839699
1.059801
1.514374
0.642908
1.410224
0.682181
1.607815
0.852066
1.858378
0.978560
0.376586
1.573748
1.324709
1.757906
1.345177
2.290338
0.623150
1.132653
0.957973
1.821903
1.325085
0.292393
1.448675
1.988219
1.485974
0.754729
1.044396
2.923642
1.499888
1.263281
0.390608
1.869169
2.875386
1.895576
0.911160
1.524411
2.240617
1.676929
2.078861
1.373353
1.086531
1.793507
1.083663
1.406928
0.496769
1.778199
0.921847
1.392772
1.636910
1.672917
1.240625
0.741399
1.481673
0.821895
1.567208
2.124474
1.956330
1.300155
0.977487
0.619975
2.461987
1.183657
0.540052
1.553555
1.741099
1.256665
2.124709
1.526908
1.586887
1.740385
1.580831
2.857519
0.871967
0.882504
1.076648
1.178831
1.013526
0.711414
1.050676
1.148472
1.546366
1.683841
1.979850
1.455648
1.181840
1.417998
1.921507
1.173467
0.698901
2.690389
2.149549
1.321362
1.281178
1.520705
1.671041
1.982907
1.446057
0.344469
0.721011
0.896657
1.706384
1.212085
1.115690
0.749821
1.167877
0.740403
1.525122
1.685427
1.151348
1.062521
1.555022
1.103320
1.771441
1.436853
1.718856
1.438345
1.957543
1.010797
1.779641
1.215425
1.638327
1.602656
1.369224
2.129437
0.997116
0.894249
1.457434
2.543536
1.985304
0.705073
1.535567
3.143426
0.855143
0.680441
2.261979
0.501293
2.511879
1.349870
0.422652
0.596002
2.229918
1.535908
0.263536
2.267420
1.195982
0.951711
3.111245
1.255465
1.607137
1.465258
0.835548
1.925955
0.724455
2.257018
1.924472
1.622530
0.965115
0.531045
0.894483
2.844443
2.027537
1.961224
2.358024
1.152068
1.332205
3.441186
0.826421
1.101094
1.967088
0.795016
0.719458
2.403880
1.081028
0.584673
0.638191
0.819062
1.285757
0.960380
0.543149
0.904004
1.543368
0.823442
0.820012
0.345628
1.795292
1.015982
0.851270
2.906866
1.020283
0.620961
1.838352
0.482705
0.820589
0.785831
1.985216
1.908399
0.859022
2.258215
1.595678
0.616122
0.800301
2.051192
1.328773
1.626421
0.832289
1.790840
1.577694
0.556550
0.600324
1.846268
1.472606
1.591054
0.717053
0.675366
0.956535
1.815916
2.136417
1.097732
1.666988
0.379950
2.072651
0.675664
1.870436
1.581964
1.400706
1.080912
2.214912
0.871800
1.118815
1.834226
1.078884
2.537657
1.443440
1.314292
0.919565
2.014745
0.568071
1.547115
2.170435
1.669530
1.143410
0.232755
1.269255
1.092679
1.603526
1.628901
1.183257
1.284774
0.695128
0.955456
1.745346
1.958164
0.316530
1.192496
1.514912
1.437470
1.575825
1.221335
1.756751
1.208285
1.918470
1.345895
2.397997
0.701185
0.459515
0.091571
1.839807
1.071177
0.897133
1.333582
0.626323
1.466908
0.877720
0.673771
1.584016
1.410988
0.624958
0.417881
2.446541
2.450650
2.894033
1.164657
1.346944
1.214625
1.224383
1.715560
2.008206
1.788118
2.183713
0.657706
2.227544
0.769338
1.107297
1.314511
1.576488
0.559541
0.585068
1.068125
1.197483
1.870029
0.698906
1.955306
1.509962
1.943030
0.827943
0.708763
2.520446
1.000010
0.889737
0.822941
1.133455
1.172898
1.316794
1.690927
1.015856
0.856961
0.757677
1.986923
1.186471
1.193777
0.970218
1.627240
1.304171
1.687873
1.954182
0.621932
1.469370
2.048475
0.883303
0.597265
0.694930
1.946329
1.125664
0.723359
1.244786
2.254072
1.099803
0.786836
1.029210
1.653891
1.387362
3.026529
0.900319
2.050181
2.005760
0.738357
1.337694
1.739406
1.306785
1.467993
1.749241
2.386227
2.365252
2.662815
1.505936
1.164181
1.227624
0.933491
0.681991
1.782552
1.907637
0.180047
1.384124
1.667393
0.708902
0.792257
2.370324
2.160613
0.948069
1.711387
1.788690
1.739850
1.044440
1.390207
1.789763
0.794037
1.252686
1.019375
1.184850
1.609180
1.070700
1.781943
1.856424
1.378867
1.567879
0.554685
0.983571
1.947579
1.046400
1.906286
1.848458
1.194705
1.653262
2.277332
1.875992
1.207929
0.827858
0.542193
2.353902
2.085071
1.388313
0.265253
1.906611
1.417582
0.768924
1.787666
1.890261
2.447714
1.951857
0.578428
1.196835
1.367674
1.171026
0.889589
1.693291
0.724230
1.920932
0.657975
0.460303
1.994934
1.632174
1.996156
1.313288
1.111185
1.247613
2.117792
2.049686
1.172658
0.816660
0.762806
1.313757
1.256643
1.518073
0.915583
2.553823
1.356681
1.020298
2.124206
1.008097
0.675072
2.664822
0.902679
0.612123
0.778339
1.330754
1.693935
2.045368
1.262795
1.470487
1.249052
1.042946
1.543320
1.765012
0.419482
1.278265
1.219652
1.813633
1.111216
1.316482
0.656275
2.131480
1.130602
0.961476
1.413638
1.108162
2.410218
0.659167
2.925752
1.589852
2.186401
1.959463
0.554706
1.469088
1.025191
0.863062
1.353094
2.376627
0.916882
1.281793
1.733685
0.447892
2.051741
0.721391
1.608689
0.823037
1.221000
1.790692
1.376465
2.235434
1.358228
1.022376
1.067581
0.934464
0.603901
1.996855
1.802886
1.231854
1.326839
1.687908
2.151781
1.274913
0.458782
1.650932
1.834523
1.264778
0.990436
1.794216
2.756213
1.693111
1.545472
1.399527
0.899919
0.644023
1.002835
1.169021
1.290751
1.171299
1.878701
1.441592
2.355194
1.001083
1.111615
0.488121
1.147688
1.345788
1.460290
1.001119
1.538056
0.679409
1.964691
1.478861
2.441251
0.929803
1.313626
1.668109
2.367490
1.666320
0.928155
1.480555
1.391399
0.493873
1.965696
1.580904
1.004623
0.596103
1.504268
1.841837
0.915081
0.763822
1.180491
1.350619
0.471011
0.286243
0.979851
1.187258
1.126681
1.291353
1.266521
2.283315
1.137234
0.787682
1.318493
1.311103
3.007594
1.305091
1.008153
0.772276
1.298849
1.048272
1.840823
1.277818
1.826366
3.037632
1.341987
1.739545
1.079268
1.324733
1.611722
2.012793
1.783872
1.495682
0.904859
1.904059
1.815588
1.744906
0.825179
1.013494
2.085614
1.766276
1.572434
0.571379
1.334864
1.015944
1.938513
2.082338
1.166965
2.032001
1.524748
1.098567
2.052753
0.747421
1.940222
1.642912
1.182080
0.655635
1.857685
1.248075
2.676025
1.263385
2.066066
0.676580
0.970265
1.974744
1.442052
0.750374
1.408888
1.774754
0.177350
0.343627
1.834309
1.065328
1.380392
1.029563
2.336719
2.240229
0.988404
1.691198
1.543859
1.614906
1.241912
0.821812
2.359831
2.038481
1.457090
1.750406
1.704851
1.541111
1.621512
0.664763
0.907774
1.049308
0.781354
2.900159
0.385769
1.103956
1.777189
1.912414
1.575601
1.352134
0.693408
2.609957
0.939433
1.652150
0.209355
1.015524
0.948577
1.355608
1.335414
2.912005
0.773735
1.197590
1.616218
1.847964
0.782463
2.378116
0.582780
2.292273
2.208807
0.864137
1.009858
1.396294
1.155179
0.555034
1.281688
1.238474
1.198217
1.494618
1.736628
1.556657
1.135964
0.583146
1.764901
1.523822
0.802988
0.891576
1.164823
0.980071
1.276345
1.381272
1.713788
1.688917
0.371589
1.300972
1.496397
1.298768
1.667055
1.298181
1.165817
1.064018
1.781726
1.388629
1.868578
2.292722
0.764180
0.799086
1.415237
0.396938
1.607467
1.168091
1.682140
0.926250
1.577102
1.283389
1.453704
1.157850
2.043102
0.707908
1.232285
1.674692
1.281148
0.921662
0.873777
0.737670
1.420973
1.375490
0.923084
1.353332
2.018744
1.319460
0.264666
2.134339
1.691996
2.097450
2.201429
1.563792
1.158505
1.016733
0.565562
1.526520
2.741675
1.313369
1.989851
1.292194
1.764763
1.275656
1.288212
0.939086
1.348063
2.116997
1.752237
1.350951
0.742513
1.310614
1.779421
0.491562
1.447642
1.369099
1.362384
1.497615
2.166694
1.060077
1.734119
1.069608
1.515056
2.088829
1.521669
1.813165
1.650171
1.452987
1.960310
0.692736
1.828029
1.897288
1.090551
1.951663
0.989770
0.836197
1.525933
1.388244
0.363304
1.011328
1.499922
0.161277
2.969566
0.942222
1.382633
1.353086
2.655329
1.674191
0.588314
1.094933
1.694277
1.497637
1.419918
0.915325
1.341840
1.070980
0.741562
1.036498
0.497045
0.411011
1.249737
0.924990
2.128134
0.779177
1.172778
1.349769
0.956970
1.993219
1.237096
1.851973
1.525469
0.898439
1.199383
0.710379
2.349143
1.402472
0.779412
1.844265
1.842297
1.675179
2.055111
1.945456
1.060766
1.516402
1.921398
0.436871
1.531120
0.567269
1.465072
0.741169
2.243016
1.194434
1.417435
0.135516
0.598716
1.504615
0.632935
0.633568
1.080133
2.736628
0.902540
0.943593
1.273534
0.733010
0.661647
0.818148
1.366939
1.476024
0.843308
2.209891
0.574065
1.843457
0.975040
0.721567
0.360206
1.665489
1.028708
0.780025
2.029274
1.578013
2.390337
1.296432
1.205051
1.769861
2.541628
1.409806
0.936570
0.780938
1.744625
0.841496
2.303080
0.455292
2.292630
0.707720
0.900086
1.524159
1.404014
0.995776
0.878667
1.381397
1.890663
0.702133
1.956254
1.774068
1.579420
2.014924
1.343932
1.661856
0.899012
2.024593
1.439292
1.228949
1.539605
1.250622
1.036376
1.736061
0.727309
1.180449
0.716695
0.355922
1.590123
0.840992
1.123086
1.724256
1.967978
0.525625
0.397513
1.178551
1.540953
1.282759
1.293009
0.880360
1.057946
0.896557
1.327770
1.394153
1.139083
1.865288
1.628948
0.798576
0.890399
1.261063
1.416441
1.601687
0.883471
1.871606
1.401872
0.540812
1.222463
1.632956
2.075969
2.277225
0.942039
0.632896
1.096169
1.392177
1.735092
1.570621
0.536355
1.514625
0.876412
2.032138
1.292142
1.049239
2.330053
1.500950
0.697732
1.760281
1.206979
1.158597
1.774586
1.133777
1.468934
1.528968
1.607762
1.481386
1.397134
1.183121
0.641746
0.968894
1.287335
1.283366
2.082395
0.921677
0.831795
0.656364
1.012343
0.440454
1.514126
1.836800
1.601520
1.098284
2.316313
0.880795
1.707563
1.539577
1.674869
0.666445
2.789449
1.539151
1.443479
1.286526
2.235891
0.888882
1.083083
0.891790
2.514026
1.931684
1.182616
2.113277
1.279246
1.985147
1.712972
1.053180
1.288439
1.125031
0.824199
1.203883
1.426391
1.743694
0.125675
2.375103
1.470768
0.987466
0.911109
1.717117
1.879281
1.523139
0.895558
1.392886
1.792632
1.114424
1.595887
0.449344
1.163283
1.349840
0.864428
1.469802
2.156335
0.961106
1.046056
0.747985
1.043434
1.174250
0.778806
3.531579
1.478444
1.906752
1.881567
1.471673
0.576628
1.782532
2.981961
1.940517
1.589077
2.181446
1.547650
1.735074
0.844860
2.202030
2.155705
1.967259
1.780967
0.936628
1.257084
0.949757
1.065204
0.520428
1.427160
2.292288
1.201377
2.154260
0.449858
1.643263
1.131925
1.265321
0.698638
2.376778
1.072526
0.546756
1.713999
1.371947
2.182825
1.606534
2.460217
0.583691
1.846202
1.384003
1.312271
1.419293
0.486053
0.825214
1.895982
0.721536
1.040893
0.994346
2.123215
0.255865
1.858500
1.356786
2.104108
1.625370
2.241317
1.791492
1.525582
0.501494
1.506393
0.747632
0.953520
1.661302
2.229453
1.477688
1.206223
1.338885
1.997484
0.828916
1.105424
0.943958
0.689498
1.370680
1.412076
1.569041
1.939903
1.665133
2.268376
1.055170
1.551844
0.756904
1.979668
1.855743
1.631825
1.035345
1.338350
0.952065
1.408627
1.114215
0.955129
0.433071
1.462434
2.090873
1.421560
1.733170
2.337371
2.368051
2.160892
1.238610
0.392495
2.009301
0.439600
1.406827
1.961765
0.394928
0.688828
1.710319
1.578376
0.890657
1.191302
2.085864
1.537070
0.423495
1.672857
2.026241
1.227548
2.227182
2.303539
0.963444
1.401532
1.711444
0.251388
2.113628
1.347355
1.378253
0.779842
1.558715
1.894834
1.257188
1.092926
1.018073
1.563016
1.081881
1.096460
2.152416
2.005198
1.416490
0.725417
0.620518
1.794184
0.783444
1.287098
1.062382
1.531644
0.734257
0.849718
2.355171
2.827224
1.250107
1.032845
0.768634
2.185874
1.174994
0.872578
2.470159
0.808004
1.224230
1.402089
1.562933
2.151615
0.571124
0.949338
2.101958
0.886340
0.836831
1.426506
0.921108
0.719746
1.066615
1.205928
1.182567
1.564511
0.817363
1.454985
1.133825
1.550391
1.897601
0.739191
0.683580
1.777384
1.180470
0.706281
0.643053
1.833928
1.197165
0.391888
1.316625
1.670531
1.757296
0.875803
1.914228
0.781579
0.914399
1.417953
1.670845
1.553815
0.598048
1.422176
1.830130
1.435074
1.807333
1.303176
0.557924
1.230676
2.218621
0.704844
1.746281
0.928624
1.183720
0.591790
1.370319
1.051238
1.947949
2.123876
0.826381
1.616884
2.075063
1.516910
1.462534
1.734829
0.787378
1.172847
1.593364
1.303723
1.298273
0.863637
1.404165
1.249809
1.449779
1.363353
0.462701
1.573203
2.871929
1.227925
1.240506
1.269296
0.949554
3.118154
1.320236
1.401585
2.300496
0.199797
1.102517
1.340585
0.904328
0.962424
2.049711
0.879696
0.846832
1.562934
1.275122
2.536328
0.796128
2.360926
1.358222
1.149056
1.560472
2.660697
1.294170
1.807414
0.548736
0.862010
1.745859
1.276678
0.745077
2.640612
1.557227
0.850070
1.621974
2.408293
0.806491
0.614938
0.604820
0.491358
1.231225
2.407936
2.443115
1.401403
1.602899
1.136164
1.103761
1.105598
1.336468
1.637828
1.687739
2.382420
1.028127
1.548118
0.491516
1.557044
1.147586
0.717964
2.632820
0.881938
1.408935
0.906934
1.840368
0.969862
1.518839
1.563587
2.026727
0.460445
0.636874
1.388396
2.370507
0.994028
1.111063
0.966657
2.534454
2.033980
1.483052
0.780195
1.155491
2.059497
1.550525
0.754844
1.383378
1.161296
1.327130
1.483423
1.961212
0.772034
1.221106
1.596204
0.723897
1.494731
1.698245
0.935720
1.058677
2.093306
1.249730
0.868647
1.071573
1.598640
1.045419
2.384711
1.641287
0.776196
2.086117
0.942145
1.404048
0.292591
1.833068
0.672200
1.748944
1.881324
2.109880
1.059485
0.799208
0.860896
0.784789
1.311163
0.832446
1.219768
0.843053
1.685805
1.773744
0.749932
1.518110
0.247111
1.918032
2.279832
0.253578
1.136347
3.104548
1.728856
2.165750
2.385793
1.192729
1.238422
1.274430
1.407649
0.956847
1.433614
1.407276
2.199902
0.554568
1.055960
2.600564
1.671412
1.872033
1.698259
0.661094
1.213955
1.416654
1.363902
0.505912
0.948643
1.595083
1.544056
2.394439
2.014357
1.450376
0.745105
2.143952
2.095904
0.448656
1.466662
0.816723
1.677089
1.184282
1.837821
2.241759
1.724321
1.423904
1.364139
1.365284
0.775636
0.960137
1.016678
1.348711
0.710198
2.593447
1.390871
0.888190
1.460074
0.580435
1.185046
0.501445
1.958117
2.113995
0.501064
1.312926
0.879224
0.211805
1.172233
0.871777
1.853710
1.967268
1.529753
1.460190
0.483993
1.820708
0.616464
1.111960
1.188883
0.778357
0.797282
1.704975
1.241673
1.193838
0.427936
1.980557
1.485514
1.216853
1.444939
1.883180
0.624810
0.672128
1.007766
1.532931
2.241800
2.149937
1.316414
0.673245
0.650933
2.093320
1.902422
1.323744
0.679398
1.190566
1.114427
1.463665
0.556921
1.035297
1.706520
1.520049
2.209385
2.310503
0.886944
1.103969
0.959702
2.033677
1.660188
1.783768
2.207895
1.575445
2.440722
1.815313
1.159919
1.334223
1.040749
1.437005
1.459024
1.079874
0.776489
1.869904
0.593204
1.065697
0.666404
2.160779
1.149956
1.269412
1.538337
1.568984
1.892974
1.057075
0.433862
0.670079
0.700044
2.090159
0.809983
1.266427
0.919237
0.700556
0.981309
2.136254
0.496254
0.969478
1.469826
1.588309
0.710411
1.675740
1.433131
1.881184
1.191358
0.400624
1.998840
1.324402
0.605540
2.168241
2.032681
3.015837
0.931110
1.287885
1.091986
0.221634
1.553784
1.391339
1.445290
0.730641
0.286380
0.666536
1.812763
1.190997
1.610466
2.342358
1.094490
1.800138
0.982378
0.871640
0.987065
1.661508
1.115625
1.199208
0.884676
1.269360
0.689264
1.298364
1.387016
1.628060
0.562610
1.429052
2.498187
1.648505
1.542259
1.471528
0.559772
1.741463
1.875599
1.188673
1.480304
3.018462
2.261922
2.083022
3.144003
2.231914
1.967840
2.294658
0.658742
1.628287
1.203993
1.794150
1.025140
1.819718
1.524741
1.905460
2.267644
1.564722
1.144817
1.330766
2.246960
3.013039
0.697047
1.751425
0.844143
1.432520
1.229127
1.536704
3.725961
2.590854
1.208701
1.476162
1.414490
2.004814
1.841988
3.001139
1.674840
1.493055
0.890571
1.565092
1.216768
1.551749
0.851617
1.389532
2.090160
1.474523
0.760150
1.275516
1.265609
1.139276
0.392296
0.477847
2.378812
1.195464
2.637478
0.621806
0.849080
1.344429
1.575684
1.663568
1.193619
1.842566
0.988555
0.664137
0.553829
1.355912
1.420240
1.481499
1.459839
0.865671
2.160854
1.426999
1.884006
0.550248
2.343562
0.989454
2.465626
2.020106
1.393560
0.607052
1.029010
1.327556
0.766276
0.915107
0.637170
1.370262
1.852781
0.355831
1.105094
0.557493
1.446981
0.774772
0.983803
2.266873
1.615756
1.227984
2.205217
0.894824
1.290406
1.780677
1.528777
1.598033
1.235481
2.117214
1.415468
0.658161
1.767932
1.607155
1.794470
0.561299
1.176951
0.742402
1.774563
2.539602
1.922090
2.142436
0.797333
2.095878
1.019865
0.701923
0.529343
1.294068
0.845641
0.674500
0.920419
1.574696
1.445761
1.463354
0.954222
1.141474
1.284635
1.774750
1.873530
1.838199
0.464018
0.979842
1.222070
1.250061
1.909277
1.163296
1.346033
1.325093
0.773321
0.894957
0.349160
1.194327
1.005226
0.715860
0.988332
0.971671
2.009535
2.138649
0.331290
0.918479
1.378872
1.261962
1.292066
0.992124
1.965804
0.739914
1.434107
0.935539
2.208926
2.075121
1.031840
2.223543
0.809675
1.404150
2.117284
1.552685
1.275326
2.553474
0.865733
2.462133
1.153258
0.796652
0.496182
0.798032
2.039819
1.499634
2.410487
1.285199
1.169824
1.413538
1.383306
1.886825
1.116744
1.380767
0.550745
1.877451
1.438665
1.886633
1.777508
1.188717
0.789675
1.336917
2.036950
0.900504
1.363238
1.823153
1.053937
0.726454
1.725152
1.733329
1.271227
1.190157
2.374688
1.268365
1.290697
2.091802
0.734135
2.068303
1.102471
1.374908
1.971237
1.714530
1.122955
1.341706
0.272961
1.889854
0.263761
0.896905
1.701171
0.953154
1.137835
1.998394
1.352801
1.070179
0.672472
1.569319
1.514161
0.824486
2.118809
0.734093
1.517576
1.603500
2.408365
1.276813
1.627194
1.098129
1.331908
0.688136
1.144050
1.972424
1.336916
2.141918
0.357790
1.815982
0.471948
2.190420
1.550768
1.728368
1.192847
1.264442
1.252240
0.376112
1.041525
1.056236
1.914822
1.707995
2.690504
3.104518
1.272235
0.810967
2.082929
2.030080
0.870099
1.299619
2.238989
1.310229
1.552991
1.812648
0.830610
1.880981
2.390472
1.835935
1.375271
2.058974
1.341323
1.088100
2.001421
0.641128
2.584401
1.046865
1.575033
2.354506
0.606069
3.149857
1.268594
0.548016
1.679485
1.343434
1.525483
1.805971
0.810506
2.392145
1.768570
1.344097
0.884536
1.195583
1.756109
1.759923
0.211361
1.486374
1.373481
2.138147
0.446928
1.617783
1.002728
1.960253
0.619669
2.476368
1.490934
0.976677
0.883776
1.379411
2.633027
1.992675
1.631357
1.779372
2.030499
1.938674
1.394398
0.876122
2.037551
1.766579
0.569700
1.235174
2.242385
1.388817
1.436158
1.434349
2.217599
0.661186
1.340497
1.336702
1.437020
1.490067
1.694732
2.202136
1.038426
2.316579
1.903813
1.979254
2.926979
1.339199
0.376837
1.523879
1.617937
1.321187
1.605370
2.393439
0.848777
1.784084
1.636960
0.957937
1.383587
2.094377
1.001615
1.031275
0.901273
1.366304
2.566998
2.021595
0.362941
1.186492
0.637255
1.496069
0.963409
0.775220
0.781490
0.617029
1.073127
0.451810
0.818310
1.553476
1.515790
1.681916
2.217964
0.946115
1.397755
1.167548
1.371840
2.077908
1.280377
1.040758
2.671978
2.143887
1.340322
1.563181
1.234667
0.881627
1.027633
0.729270
1.560178
0.829251
1.704645
1.617461
2.030389
1.043040
1.058085
1.736249
0.580297
0.846554
0.515467
1.200985
0.462604
0.451793
1.769892
2.021799
1.490175
2.146595
1.311480
0.601235
1.189973
1.264562
1.113317
1.079056
1.199406
1.888616
1.492238
0.814132
0.426665
1.317866
1.538856
1.018862
1.511487
0.734610
0.780681
2.095734
1.094671
1.809667
0.675638
1.327446
0.961249
2.029541
0.846849
1.343167
1.435641
1.237892
0.783033
2.066189
1.832436
1.347509
0.592089
2.705272
2.192094
1.856132
1.021108
1.205827
1.754232
1.353566
2.011834
0.774240
0.480572
0.993326
1.129465
0.912104
0.575640
2.108163
1.664767
1.320772
2.627245
1.301330
0.790785
1.472535
0.812105
0.751098
1.300547
2.420020
1.443610
0.634739
1.161493
1.260054
0.752762
1.199204
0.859242
1.025433
0.548379
1.037523
1.309844
1.120150
1.519951
0.440378
2.129078
0.895770
1.615182
1.415640
1.689194
1.843358
1.759024
2.017871
1.546419
1.499221
2.706924
1.452595
1.699008
1.736065
0.521409
0.744619
2.026152
1.179940
0.475620
1.089112
1.648148
1.407259
1.558938
1.290180
0.649369
1.600238
0.626774
0.936213
0.534581
2.036373
1.713888
1.619382
1.059372
1.575029
1.411273
0.797095
0.803219
0.967092
1.450544
0.827262
1.493433
0.985598
1.896405
1.364382
2.483127
1.742059
1.535946
0.846689
0.544108
0.806878
2.109226
1.814758
1.603161
1.159001
1.450936
3.353466
1.419558
1.500940
1.450194
2.130299
1.841369
1.278459
1.032700
2.172580
1.174005
2.176159
0.589069
1.214018
2.560622
1.522199
0.386930
1.780008
1.221368
0.782937
1.997366
1.009254
1.669879
1.573978
1.478522
1.051424
1.425274
1.021627
1.420041
1.437726
0.672213
0.887768
1.662403
2.244776
0.620740
0.558627
1.555358
2.408099
1.246757
1.461334
2.283638
0.982840
1.291120
2.758005
0.657351
1.533591
0.806901
2.067749
2.011796
0.914088
1.170490
0.469431
0.671948
0.530394
1.872541
1.523634
1.105109
2.483110
1.066170
1.019348
0.990414
0.509148
1.564326
0.594126
1.661198
1.513249
1.265024
1.768120
1.102136
1.669841
1.022394
1.230130
0.853457
2.131450
1.925523
1.653459
1.586934
1.161718
1.149109
1.694939
0.412819
1.549223
1.644219
1.568339
1.521411
0.802670
1.005101
1.247867
1.192520
2.431689
1.237234
0.632609
1.876822
1.795412
1.860469
1.243153
1.530663
2.285831
1.445003
1.391677
0.935653
1.016938
0.707590
1.552841
0.914380
2.523186
1.116984
1.642924
0.841756
0.764544
0.694377
2.049457
0.832623
0.713995
1.586377
1.742353
1.138190
1.066210
1.148850
2.454009
1.631821
0.697624
1.236707
0.624136
1.487654
0.776816
0.781004
1.187172
0.523960
1.210449
1.661911
0.815389
1.174421
1.173328
2.313506
2.626741
1.203984
0.900842
1.425128
1.829650
0.711847
0.367158
2.070210
1.542688
1.658820
1.758607
1.125770
1.899396
1.734249
1.689859
1.034844
1.645351
1.990783
1.709294
1.759974
2.055298
1.578700
1.270597
0.288216
1.246442
1.875075
2.393313
1.953556
0.665692
2.828768
1.478374
0.577011
1.258549
1.520729
1.569384
1.762245
1.432380
0.794958
2.456012
1.704613
0.797654
1.499024
1.289256
0.829191
1.715697
1.175500
0.451339
0.633671
0.904003
0.889639
2.180874
1.299262
1.289223
1.497623
1.238182
0.937649
1.544560
1.523806
1.569735
1.094488
0.449884
1.929594
1.784775
1.449774
1.455522
0.745541
1.103391
0.660127
0.961348
1.837355
1.872675
1.628180
1.038777
1.539356
2.429236
0.806554
1.025939
0.878461
1.343133
1.096432
1.316077
1.173705
1.224885
1.739803
1.904534
2.198637
1.016830
2.196017
1.342201
1.247204
2.225017
0.948250
0.997455
0.833245
0.988188
0.548874
2.298354
1.987240
1.481172
1.645008
0.687293
1.007617
0.705433
1.843194
2.066730
1.374353
1.002536
0.567369
1.031473
1.328428
0.824775
1.643092
1.322951
1.923596
0.657237
1.344171
0.972380
2.412905
1.634096
0.815218
2.262040
1.210353
1.343320
1.547086
2.092180
2.041541
1.909739
1.369220
0.768800
0.942014
2.321536
2.453195
0.997659
0.974264
0.557549
1.195766
2.044191
0.982972
1.163349
1.042539
0.810049
1.141301
2.781544
0.910794
1.521022
1.395345
1.268562
1.939910
1.366523
2.780181
1.293938
2.766471
0.478276
0.801176
1.145444
0.979086
2.335560
2.294021
1.112494
1.352350
1.647234
1.356495
0.849752
1.849367
1.143612
1.257051
0.888819
1.307218
1.813184
1.278411
0.902478
1.823454
1.273838
0.573163
1.524330
0.904229
0.390665
0.769780
1.726182
1.893258
0.478640
2.201766
1.648907
1.312431
1.738426
1.860727
1.974196
1.546163
1.321527
1.454764
1.526894
1.607456
1.288694
1.959420
1.906123
1.221787
0.839899
1.913577
2.344215
0.595397
1.505136
1.945613
0.762664
1.091189
0.957683
1.812641
2.283676
1.246237
1.314607
3.017721
1.318747
1.338226
0.536178
1.458739
1.120757
1.485189
2.686982
0.711815
1.219573
2.124038
1.272339
1.781378
1.167283
0.254723
1.025850
1.018648
1.821476
0.885476
0.816601
1.013201
1.330160
1.807404
2.031951
1.219824
1.185406
2.408577
1.816063
0.560368
0.381559
2.431866
1.841491
0.736979
1.302389
1.849659
2.195348
1.223683
0.443703
0.669932
1.183508
0.656573
2.560603
1.104670
0.633090
1.261868
1.058187
1.834710
0.748055
0.675786
1.655340
1.556102
1.752046
0.917027
2.157399
0.422071
1.209858
0.493925
1.714426
1.058236
1.063643
1.885534
2.269495
1.867798
1.237616
0.511517
2.248911
0.420691
0.616826
1.512340
1.088747
2.253092
1.080114
1.113010
1.624461
1.859971
1.550713
1.509947
1.279248
0.866405
1.571694
1.662113
1.539506
2.204728
0.588103
1.118726
2.569568
2.233645
1.831144
2.158433
1.690898
2.147978
1.862854
0.616314
2.960789
0.638155
1.556177
1.074849
1.544343
1.308620
1.326380
0.885703
0.991048
0.647784
2.286858
1.760354
0.871283
1.845347
2.328277
1.685457
2.270421
0.606957
1.388361
2.033307
0.685493
1.521607
1.857217
0.998630
0.077805
0.788311
1.048724
1.719812
0.919276
1.257293
1.109007
1.053131
0.714288
0.787765
1.829321
1.364646
1.123068
2.626210
1.206609
2.177763
1.278811
1.433007
1.690018
1.184297
1.070163
1.151744
2.125034
1.034606
1.755882
1.785290
1.066103
1.874795
1.383458
2.071394
1.037027
0.972635
1.334724
1.497715
0.768696
1.367021
3.075409
0.810955
1.425290
1.275829
0.700520
2.188333
1.743143
1.704020
1.161131
2.413688
1.722325
0.970897
2.111368
1.160088
0.716111
1.303136
1.559669
2.505235
0.635330
1.187842
0.806707
1.145495
1.389722
0.701548
1.327672
1.765955
1.288167
1.087068
1.502773
1.449922
1.464020
1.721341
0.743952
0.281543
1.472084
1.299890
1.906959
1.734465
1.283211
0.846273
1.358226
1.609480
1.487909
1.960745
1.269324
2.605319
0.684067
0.359681
0.914063
1.099530
1.138130
1.058783
1.297056
0.782132
0.997337
0.713074
1.778273
0.938373
0.561540
2.560823
2.049519
2.054851
1.541690
1.932506
2.439264
1.361500
0.977616
0.732390
1.295106
1.908654
2.424989
1.594746
2.627707
0.943286
1.400545
1.825923
1.334260
2.300788
0.680103
1.291811
1.615750
1.652953
1.613618
2.257444
1.994986
1.720274
1.051982
0.941107
1.088216
0.460141
0.728427
2.276651
1.760241
0.525862
1.358849
0.428245
1.513821
1.188905
1.541776
1.054120
1.818230
2.239204
0.677892
0.593231
1.262500
1.083798
1.539108
1.373706
0.855104
1.130299
1.668722
1.458658
1.429371
1.442920
1.038543
1.276245
1.879161
1.456289
0.575174
1.860740
1.731775
0.316074
0.721929
0.826496
0.822134
0.857520
0.814801
2.401499
1.375350
2.080539
1.030490
0.520637
1.055518
2.201770
0.745692
2.109180
0.167456
1.703464
1.673161
0.492419
0.592088
1.528407
2.217050
1.362171
1.626035
3.595174
1.428017
0.956112
2.568428
2.145993
2.092954
0.989478
0.948214
2.460348
1.928824
0.738469
1.008496
1.195160
1.256482
0.731984
1.466615
1.568572
1.744525
0.864905
1.216110
2.132069
0.967169
1.894617
0.240299
1.479231
1.394733
2.570091
1.674720
1.091832
0.983528
1.169411
1.580438
1.165332
1.346685
0.514797
0.873975
0.534107
1.319205
2.049914
1.248209
1.503351
2.034407
1.886471
1.568629
1.453886
1.069705
2.194147
1.330352
0.976472
0.486159
1.274120
0.871572
1.721753
2.013629
1.254951
0.893839
1.598771
1.478583
1.352351
1.292548
0.783923
0.786436
1.275057
0.338939
1.994596
1.670182
1.483516
0.371852
1.436216
2.463081
1.396708
2.236618
0.903951
2.815517
1.150540
0.390610
0.918723
1.020700
1.128368
1.078511
0.729080
0.959320
0.311123
1.120477
1.281989
2.465616
2.248412
0.646857
1.006541
1.913398
1.085688
1.559278
3.581383
0.226551
1.186556
1.120621
1.298957
1.582406
1.360111
1.156230
1.824829
1.790334
0.638365
0.815234
1.148782
1.622635
1.105536
1.304781
1.259350
2.403987
1.780740
0.933067
1.719963
1.600492
0.755518
0.847333
1.121665
0.937297
2.931553
0.420360
1.372674
1.973008
1.022216
1.243955
1.350622
1.079609
1.910900
0.726599
2.493481
1.266013
1.230749
1.339600
2.111823
1.833397
1.791495
2.000429
2.230961
1.017898
1.361964
1.402797
1.361806
1.393044
0.685840
1.526865
0.827219
1.309904
0.916370
1.513907
0.571107
0.505026
0.962244
1.579399
0.673387
2.032678
1.343169
1.210978
1.982556
0.922282
1.620309
2.246024
0.966066
1.045620
1.693284
1.625282
0.677367
1.632585
0.801887
2.129242
1.409023
1.694860
1.076247
1.294039
0.877302
1.056825
1.470646
1.587372
0.981863
1.892510
0.882955
0.383130
1.067649
1.372849
0.937771
1.108046
1.168967
1.416962
2.012305
0.873262
2.055374
1.977895
1.938072
1.480639
0.572696
1.263042
2.196900
1.685345
1.546568
1.087003
0.745939
0.908313
1.269672
1.045948
2.295486
0.999202
1.542526
1.363702
0.547251
1.097896
0.904806
1.695851
1.880175
1.608870
1.361597
1.138977
1.835725
0.594488
0.983954
2.550842
1.554641
1.495476
0.581756
1.706592
0.779064
1.515568
1.015591
1.775632
1.534821
1.523436
2.747311
1.546674
2.200977
1.799528
1.760865
2.535654
1.638824
1.104585
2.426348
0.777956
1.565718
2.725713
1.243055
1.844161
2.110549
1.224355
1.261678
0.844931
1.671838
0.591598
1.889558
1.882240
1.567406
0.826418
1.833868
1.137832
1.386131
2.104466
0.625655
1.286181
0.865100
1.729520
1.759405
1.776035
0.993274
2.059686
1.298801
1.246630
2.372213
1.001742
1.420437
0.432473
2.500289
1.613424
1.802811
1.486755
1.443842
1.339291
0.715110
0.596621
2.621797
0.750974
1.153633
0.936780
1.712155
1.930669
1.596875
1.675862
2.225194
0.938332
2.204032
0.855781
1.168266
0.919012
1.057112
1.896662
0.264680
1.998296
1.455944
1.517370
1.203120
2.006792
1.541772
1.104398
1.018605
0.283578
0.937685
0.801341
1.318902
2.104814
1.937840
0.723525
0.618355
1.097766
1.616417
0.835288
1.747745
2.117233
0.851665
1.719517
0.577006
1.404685
2.411239
1.290143
1.475700
0.850239
0.760688
1.164508
0.451580
2.226507
0.554965
2.629391
1.554939
1.041221
2.161904
1.097686
1.488929
2.033223
3.275127
1.882008
1.757424
1.106854
1.512613
0.431408
1.002877
1.510709
0.695427
0.920527
0.564774
1.933686
1.281836
1.187455
1.860108
1.231432
1.817625
0.618334
2.430495
0.206092
0.958644
1.333257
0.716533
1.162976
1.740728
2.745464
2.040950
3.065310
1.800825
2.473656
0.569683
1.122752
0.665766
1.032416
2.195111
1.203065
1.113078
1.600346
1.133193
1.589510
0.608704
2.451989
1.192964
1.772288
1.408961
2.101696
1.839618
2.002886
0.683143
0.909408
2.548248
1.592134
1.121774
1.787183
0.972725
1.180821
0.940017
3.559382
2.808827
1.303476
2.366319
0.860640
2.346956
1.076896
1.661880
0.803037
0.637139
1.967146
1.109889
1.099587
1.044035
2.379894
0.502421
1.416835
1.176875
0.782966
0.996779
1.886793
0.620565
1.347237
1.951816
1.622840
1.546844
1.351856
2.980383
0.611878
1.608564
1.463813
1.688336
1.218865
1.421992
3.478758
0.666051
1.581082
0.874569
0.846360
1.601893
1.328521
0.555004
1.606761
2.381669
2.749272
1.430212
2.105328
0.444122
2.625317
0.694718
1.697405
1.024016
2.362131
0.434860
0.856123
1.317449
1.496427
1.728968
1.158323
1.712721
1.354965
1.649658
1.308898
1.493187
0.866307
1.157708
1.076265
1.765416
1.997865
1.230631
1.268014
1.431635
1.442110
2.140328
1.721093
1.379199
1.685940
1.126116
1.494701
2.209162
1.489288
0.710418
1.622577
1.123653
1.334839
1.080815
1.069912
1.003759
1.429392
1.017046
2.530110
2.400840
1.697695
0.899989
1.143028
0.652302
0.887339
1.759319
0.193097
0.928531
1.463799
1.853486
1.141838
1.879793
1.086363
1.977202
2.546586
0.759682
1.470547
0.496713
1.731298
1.940877
1.100752
1.911862
1.047074
2.749973
1.081344
2.026264
1.333616
1.020131
1.607142
1.356267
2.206177
1.946673
0.597251
1.934404
1.442291
0.853038
1.165023
2.665045
1.089256
0.992988
1.210733
1.279587
0.663062
0.768599
0.765229
1.325277
1.802210
1.176020
1.455184
0.766981
2.244795
1.706875
1.616011
0.876370
0.637643
0.822136
1.172085
1.304673
0.938552
1.019963
0.774876
0.854428
2.330729
1.415988
1.031355
1.074107
1.508245
2.044580
2.063007
2.039914
1.353825
1.352981
1.321537
1.570839
0.341727
0.687655
0.820430
1.065693
2.121142
1.053450
0.988489
1.586287
0.396735
0.356215
1.709723
2.591491
0.846618
0.496787
1.316805
1.779815
1.767003
0.908539
0.311006
0.964748
0.373414
0.937811
1.333056
0.789446
1.927984
1.030611
0.857904
1.784480
0.631179
1.652014
1.052901
1.392252
1.161387
2.127804
3.163560
2.275892
1.500342
1.345299
2.565117
1.279610
1.932824
1.058531
1.233418
1.175425
0.498196
1.610646
1.999819
1.640259
1.772718
0.119123
0.405428
0.623679
1.468133
0.834590
3.330041
1.438418
1.427723
1.652819
0.916443
0.508169
1.102418
0.433191
0.879135
1.494346
0.877622
1.549400
0.819023
0.764650
0.922452
1.356494
2.286980
1.198038
2.146261
1.551535
1.158714
2.497907
1.447245
1.731889
1.673843
1.520554
1.480991
0.823615
1.354632
1.836864
2.320914
1.516143
1.327862
2.527659
0.964757
0.999321
1.170791
0.722890
0.832757
2.300412
1.600869
1.642848
0.819497
2.523405
1.079553
2.558773
1.392644
2.052854
2.339278
0.551804
0.708694
0.541342
1.694541
1.439032
1.282595
1.521853
1.702669
0.579954
2.369311
1.313230
1.880216
1.209136
0.767614
0.689612
0.850381
0.291836
1.061328
1.936879
1.320108
1.861571
2.388034
1.580439
0.700003
1.239851
1.395643
1.390693
2.040297
1.184210
1.085070
2.484198
1.576716
0.863220
1.416214
0.539322
1.680362
0.930493
1.165950
0.885571
0.640087
0.906299
1.572166
1.634365
0.669132
1.413199
1.037882
0.988724
1.502578
2.061750
1.473579
1.103868
3.458163
2.175707
1.682881
1.944984
1.032502
1.255692
0.827071
1.146784
0.589149
1.726694
1.121808
2.034904
1.222474
1.165388
2.013993
1.152615
1.755200
1.863400
1.890750
1.312637
0.875859
0.901291
1.364864
1.165513
1.619958
1.291573
1.978491
1.342075
0.940834
0.364698
1.191028
1.323542
1.651675
1.745746
0.555681
0.742291
0.353947
0.848303
1.249087
0.941871
1.103344
0.600533
0.940128
1.062394
1.714843
1.237436
1.149275
2.694554
0.339735
0.785929
1.681694
1.448155
1.209186
1.318610
0.697597
2.576462
3.099144
2.131492
3.127496
1.038459
1.233034
0.302805
0.949888
1.709943
1.400457
0.889688
1.260502
1.023317
1.355913
1.308711
1.817572
1.872247
2.052304
0.654822
2.087786
0.388593
1.739493
1.064168
1.353434
0.548025
1.128108
0.979533
2.577861
2.085604
0.618225
2.325077
1.932963
1.585602
1.634376
0.832665
0.730432
0.895082
1.337403
0.519850
0.895335
0.722855
1.228805
1.948479
0.595681
1.630967
1.103570
1.109894
1.638272
2.112251
1.842537
0.683969
1.266036
2.287210
1.423455
0.821636
1.329607
0.993736
0.881826
1.225533
0.960689
1.487693
1.975743
0.513852
2.059857
0.839467
0.888968
1.499492
1.310929
1.898035
0.831724
1.462210
2.100770
2.138197
1.061864
1.893046
2.038571
1.336803
0.915724
0.718526
0.818815
1.182363
0.465635
1.156797
0.641528
2.117896
2.119104
1.452688
2.066055
1.523968
1.518180
0.911470
0.798836
0.824971
0.722908
0.636964
1.591315
1.519205
1.212643
1.356541
2.684363
1.700436
1.472437
0.897935
2.010153
1.594259
0.736850
2.247120
1.995156
2.229776
0.949005
0.870192
1.755472
0.518676
1.945067
0.475549
1.556392
0.881603
1.805719
0.914683
2.656751
2.233551
1.862649
1.591346
2.027791
1.548028
1.456817
0.911043
1.421516
1.690046
1.295244
0.591951
1.056356
2.275084
0.575778
0.789302
0.767749
1.604930
1.807624
1.884406
0.986097
1.643288
2.047440
1.255162
1.216363
0.679641
0.358704
1.521457
0.510075
2.075742
1.362607
2.025129
0.845410
1.245680
2.749000
2.257472
0.934062
0.946152
1.423673
1.850884
1.518714
1.429458
2.133316
1.176362
2.472179
1.631835
1.514189
1.314718
1.074703
2.030520
0.832168
1.126113
1.795309
1.469474
2.458966
1.646437
1.194313
1.498182
1.010052
1.210031
0.579242
0.858386
2.222945
2.252167
1.407927
1.853351
0.927964
1.332704
1.349230
0.865458
1.256784
1.787455
1.497697
1.637639
1.524217
0.967032
0.550947
1.089113
1.179277
1.178649
1.618020
2.641518
2.147720
0.333236
1.241410
0.710235
1.098959
2.572578
1.364336
0.702857
1.222948
1.614269
1.194314
1.568826
2.016775
0.421229
1.920444
1.338632
0.869719
0.969240
1.666176
1.993794
0.894060
2.713842
1.437554
0.721206
1.579239
1.678428
1.235711
0.528756
1.479327
1.270123
1.132422
1.275143
1.166977
0.980061
0.756429
1.540616
1.391313
2.506648
0.794608
1.284720
0.895694
0.699039
0.552553
0.730109
1.276723
1.897410
1.863090
1.283408
1.732849
1.170671
2.028673
1.082690
1.304107
1.820009
2.309551
2.030053
1.490521
1.048762
1.992158
1.246328
1.976304
1.256128
0.601650
1.925092
2.286386
1.570120
0.155837
0.979915
1.139372
2.048130
0.819593
1.399750
1.113672
0.822648
1.718840
1.526298
1.546502
1.261446
1.923217
2.481418
1.838054
2.185120
0.979180
0.483473
0.829789
2.726319
1.456347
1.711088
1.087692
0.726239
1.599112
0.509138
1.106030
0.529270
1.065918
3.075643
0.922218
1.022589
0.382106
1.626985
0.810753
1.322556
0.791716
1.581316
1.083015
1.990090
1.370543
1.369176
1.381030
0.502845
0.378490
0.445443
1.646082
1.288532
1.599726
0.775963
0.714606
1.773148
1.895404
0.798785
2.530049
1.509488
1.039867
2.167660
1.066643
1.338827
1.021597
0.653199
1.782294
1.055624
1.570113
0.585206
1.094911
1.476552
1.672851
1.141139
0.978529
2.205061
1.602998
1.762201
1.571787
1.262163
2.093298
1.796815
1.040878
0.348789
1.479180
1.626930
1.825748
0.770729
2.290376
1.802819
1.175744
1.006949
2.045897
1.532553
0.500626
1.276655
1.575882
0.858691
0.691488
2.334335
2.649567
2.643449
2.475924
1.007857
2.082525
1.588286
1.593065
1.003124
0.319343
1.346364
1.369656
0.542733
0.754172
0.376388
1.124925
1.471492
1.841938
0.717760
1.303621
2.312517
1.946964
1.671011
0.652867
0.937742
1.138679
1.933079
2.264381
2.121523
1.370880
2.235195
1.129653
1.126268
1.254766
1.903073
1.730774
1.841282
1.671024
0.804354
0.621633
0.857294
0.917278
1.147792
2.539382
2.438758
0.743275
0.871924
0.851103
2.199161
3.210198
2.256751
0.987498
1.796630
1.471190
1.656518
1.636514
1.275133
2.066615
0.388792
0.848696
0.465240
1.711870
2.134271
0.338559
0.333969
0.874951
0.804459
0.550395
1.650379
1.741970
1.891349
2.530534
1.914795
1.004431
1.321393
0.506671
0.913603
1.120267
1.422020
0.686072
0.821754
0.589749
1.484706
0.906769
0.889628
1.638046
1.267791
0.815186
1.780803
1.261949
1.065288
0.578595
1.235488
1.317654
2.028759
1.125369
0.874563
1.785944
1.729640
0.473464
2.813844
1.517898
1.366581
1.405298
1.409031
1.263660
2.408090
0.611901
1.239484
1.496017
1.241028
1.869869
0.683421
1.554374
0.962133
1.328774
2.057302
1.129041
0.568331
1.182050
0.647605
1.268569
1.380438
0.748246
0.385027
1.279199
1.813106
1.145794
1.108108
1.816391
1.059294
1.633692
0.920963
1.469875
0.961744
1.376254
1.212085
0.562303
1.166666
1.792094
0.794578
0.810001
1.503815
1.271192
1.499281
0.932725
1.200874
0.995954
0.806958
1.010163
1.172316
1.385732
2.010472
2.735472
1.585318
0.975900
1.735595
1.842983
1.232408
0.964751
1.327616
1.242404
1.397949
1.026198
0.730913
1.185264
1.625053
0.376114
1.055240
1.181758
1.380323
0.424625
0.694482
3.060904
0.419480
0.745841
1.494022
1.774737
2.347137
0.419264
2.207375
2.696090
1.883885
0.708697
0.875796
1.410924
0.906562
1.180442
2.115581
0.560722
1.068476
1.886631
2.135404
0.895003
1.875526
0.540083
1.102011
2.747174
1.028087
1.128048
1.023217
0.940650
1.159569
1.353081
1.379875
1.233181
1.096849
1.117397
1.118767
1.168061
1.502701
0.911842
0.711681
1.177928
2.742367
2.168675
1.921640
2.076632
1.050532
0.921997
1.091519
1.003476
0.817464
3.043087
1.369925
1.633972
2.361717
2.028399
1.670246
0.713032
1.073250
0.309130
1.344389
2.087124
2.173107
2.137628
1.735058
0.569857
1.908221
2.029485
2.188672
1.420506
1.154367
1.305158
1.176235
1.275206
1.567776
0.615824
0.768754
1.728697
2.280073
1.494129
1.716002
0.811999
2.026392
2.067639
1.887057
1.069211
0.946830
0.907722
1.292182
1.349011
1.658502
1.962362
2.603934
0.822198
1.592522
1.424805
0.999843
0.482981
1.619756
1.580625
1.792331
1.377356
2.251569
1.180044
1.473254
1.519799
2.035644
2.310029
0.511793
0.969063
1.560548
1.382894
1.557349
1.865404
3.017784
1.239732
2.000234
0.668261
1.199260
2.384795
2.694595
1.141359
0.956173
1.718038
0.879555
1.989739
1.025441
1.639445
1.214550
2.612148
0.733380
0.540641
0.909292
0.947052
0.956147
1.169169
1.639427
1.101148
1.369412
1.004405
0.971105
1.115540
2.070189
1.145884
0.741119
2.036528
2.181325
0.728722
1.740600
1.933968
2.307583
2.515853
1.181353
1.431672
1.082051
1.377379
1.513359
1.938356
2.094897
1.158777
1.481758
1.338592
1.480778
0.780255
1.743033
2.006526
1.227925
1.171093
0.556244
1.057015
1.900576
1.621193
1.610372
1.657544
1.725532
1.175321
1.799762
1.958429
1.142208
1.642808
1.233336
1.186978
0.828205
0.783380
1.290524
2.650163
1.062915
1.769686
1.159977
1.599206
1.654873
2.652330
1.338737
2.996673
1.383024
2.251223
1.632109
1.457858
1.116719
3.179096
0.962008
1.863508
0.620815
0.130554
0.945542
1.221645
1.455664
0.991859
0.913254
0.899375
1.786674
0.610924
1.034938
1.047074
0.692179
2.176666
1.376723
2.182277
0.796738
2.230961
1.068661
1.709339
1.648107
0.941887
0.997076
1.110732
1.070830
1.460883
2.044930
2.337836
1.858574
1.505877
0.372177
1.333304
0.898104
1.545993
0.893719
2.427206
0.989716
1.042007
0.851281
1.177267
1.981956
2.221820
0.963669
1.482247
2.109046
2.161177
1.200358
0.546191
1.862742
1.033489
1.765585
1.019671
0.266155
1.043423
1.040970
2.020285
1.035431
0.893553
1.304943
1.283218
1.573922
0.725805
1.658621
1.489458
1.529752
0.641546
0.934855
1.050510
1.193297
1.363198
1.305469
2.327148
1.957856
1.389664
2.014925
0.735238
0.685423
1.028421
1.950154
0.646055
1.909975
1.327085
1.988982
1.483508
2.052799
0.534471
0.948584
1.403681
2.382616
0.442420
1.610134
1.406598
1.074485
1.428506
0.904181
1.007899
1.020824
1.768008
1.585046
1.074337
1.422846
2.101418
0.989116
1.762555
1.978773
0.924234
1.148250
1.938444
1.514227
1.424963
1.509201
1.165462
0.782005
0.600206
0.926473
1.886777
1.892912
2.001769
1.929820
1.190442
1.200234
1.939179
1.492351
1.544254
1.125225
0.609000
1.221917
1.204443
1.699049
0.432258
2.347079
1.290960
2.631150
1.549354
2.084769
0.523143
1.915940
0.764803
1.379612
0.984879
1.014852
0.128619
0.589548
1.349833
1.323655
1.470621
1.384213
1.027532
1.661585
2.038787
0.578085
1.296738
2.227534
1.229911
1.433006
0.850601
0.688845
1.745898
0.743155
1.164313
1.730683
2.312957
1.452126
1.442760
0.983944
1.204928
1.321445
1.084911
1.589699
0.821733
0.655036
0.756946
1.349157
2.150096
2.210931
2.249000
1.977319
1.769752
0.788389
0.555762
0.307362
0.921503
1.053796
1.437431
1.262030
1.676739
0.742111
2.385564
2.280151
1.478457
1.063394
1.486314
0.838649
0.537829
1.339564
2.148689
0.902024
0.871040
1.509147
1.893181
1.607219
1.522525
1.640265
1.924704
0.636364
1.322106
1.835655
1.226015
0.997907
0.716615
1.246295
2.949683
1.889816
2.944536
1.280560
1.243028
0.441119
1.910366
1.607989
1.734768
1.244885
0.761776
1.990238
0.901329
3.873265
2.299368
1.143164
0.822211
0.843547
0.631735
1.326325
0.837542
1.192397
0.849159
3.044434
1.797684
0.977181
1.711882
1.595729
0.867331
2.213570
0.697603
1.666749
1.758685
1.673303
0.976917
0.892145
1.473879
1.222296
1.292819
1.665929
0.889678
2.125061
1.125138
1.645810
1.013090
1.222644
1.695970
1.326080
2.002634
1.025077
1.311276
1.078097
2.163885
2.764409
2.288954
0.595401
1.311994
1.511779
1.554881
1.020544
1.645963
1.208823
1.393732
2.222191
1.592953
0.855022
1.820621
1.377791
2.055908
2.226168
1.636638
1.784913
0.829992
0.845172
0.808234
1.602650
1.973301
1.875192
0.928483
1.775084
1.149896
1.371150
1.401692
2.537305
2.235602
0.899756
1.565926
0.481866
1.991896
1.641087
0.861027
1.460483
0.489289
0.982724
1.428285
0.621789
0.857024
0.718000
0.793302
1.240154
0.512945
0.697145
1.768032
1.773427
0.171908
1.945015
1.703833
1.811784
2.599125
1.426999
1.945735
1.462252
1.980301
2.264593
1.042840
1.750959
0.839129
1.501934
1.409848
1.687472
2.612998
1.340007
1.308742
1.508141
1.014853
1.063744
1.597004
2.292380
0.719951
1.648842
0.711527
1.062036
1.816173
1.977948
1.390372
0.986900
2.070402
1.471155
1.742409
0.836363
1.516738
1.598665
1.440724
1.115871
1.508840
1.105226
1.042760
1.068252
1.798104
1.690431
1.392803
0.339921
1.691673
1.168325
1.472827
1.835420
0.569391
1.693513
2.366397
1.935977
1.820800
1.492984
1.301238
1.827526
0.842346
1.815000
1.959329
0.676833
0.294999
0.847626
0.551802
1.317214
1.937569
0.314469
1.348647
1.845878
1.613534
0.449422
1.282227
0.794233
1.692197
1.017164
1.411219
0.416381
0.928834
0.746483
1.817004
1.050631
1.482938
0.947628
2.756359
1.906155
1.743638
1.681953
1.424475
1.308936
0.686258
1.027259
1.109186
0.767313
2.193789
0.973073
0.318475
1.661673
1.600811
1.621073
1.058710
2.606790
1.566137
1.970960
1.476168
0.564146
2.164171
0.575019
1.383770
1.528782
0.667323
0.520807
1.912619
1.007338
1.619778
1.664477
2.343084
1.294699
0.957179
1.437824
0.725818
1.087554
1.251228
0.992834
1.858263
0.412879
0.571587
1.214775
0.796508
0.824669
1.594167
0.794666
1.480270
1.620302
1.405408
2.004502
2.156609
1.342607
1.163364
2.107371
2.347044
1.511055
2.702793
1.033099
1.693124
1.641196
1.381278
1.106113
2.245575
1.463621
1.813702
1.789346
1.242065
1.555653
3.088396
1.274445
0.393358
1.738028
1.825341
0.485706
1.103386
0.359237
1.085424
1.405517
1.471871
1.827950
1.173147
0.534289
2.450922
3.085616
1.522714
1.573033
0.574385
1.055815
1.236634
1.504899
1.031073
0.517924
1.166889
1.216810
1.473964
0.847063
2.025479
1.877692
1.277805
1.096943
0.884413
0.730740
1.609862
1.943120
0.674558
1.533460
1.478040
2.598988
2.596759
1.502162
1.039016
2.349806
0.587317
1.755410
0.902931
2.051620
2.220015
0.857984
0.749889
1.200662
1.574678
2.927066
0.976723
0.889511
1.084315
0.896023
2.371646
1.763045
1.177005
0.564574
0.749971
1.281739
0.478643
1.671216
2.153031
1.810674
1.720982
1.504433
2.779629
1.625262
1.900867
0.699953
0.983865
0.632359
2.034642
1.106105
1.856705
1.140854
1.241001
1.567665
1.267897
2.111903
2.277520
0.756485
1.070062
0.978551
3.105120
1.584732
1.122823
1.654818
0.435929
1.555924
1.496270
1.636922
1.950698
0.559641
1.741060
1.041819
1.789662
1.545196
0.547381
2.169764
2.121784
2.497494
0.821257
1.093119
0.904105
0.449842
0.201368
0.538061
1.908711
1.780215
0.975965
0.987055
1.051068
0.537159
1.217180
0.965211
0.780911
0.970739
1.308174
2.414327
2.182791
1.401006
0.759814
1.943577
1.109991
1.519369
2.178862
1.784572
0.897191
0.907928
0.887467
0.943644
1.823943
0.788082
1.054087
1.175292
1.034644
1.364263
0.732844
1.969545
1.907974
1.455384
1.330627
2.481678
1.633047
1.586619
2.617367
1.132049
2.412467
1.999755
1.311809
1.364627
1.035078
1.338044
1.333237
1.178957
0.432004
1.883333
1.913310
0.986241
1.606859
1.254896
0.543562
1.552071
1.152025
1.752187
1.887685
1.662466
1.239871
2.110753
1.957912
2.319017
1.501114
0.452013
2.640538
1.246583
1.726294
1.327824
1.579297
0.916532
1.388966
1.686086
1.330020
1.427616
1.812409
1.456398
1.406600
1.783541
0.815124
1.037394
3.475633
0.640528
1.400020
0.989705
1.977174
2.717098
1.620771
1.122001
1.740218
1.727566
1.942890
0.691495
1.164716
0.582687
0.533193
1.225105
1.371815
1.698375
1.089375
0.434490
0.748563
1.511650
1.674410
1.349997
0.813651
0.699366
0.954928
0.278201
0.873867
0.483707
1.432511
1.037097
0.670198
1.853508
1.223638
1.249492
2.224142
0.906430
1.153842
0.465009
0.942940
0.260041
1.817862
0.477760
1.338976
0.881510
1.189547
1.088584
1.559794
1.390740
0.988395
1.830306
0.697984
0.348348
1.369179
2.351891
2.363542
1.155932
2.394640
0.840588
1.111252
1.829188
0.913501
1.360200
1.448620
1.016708
1.593459
0.429321
2.132222
2.075103
2.063971
0.598361
0.504568
0.822489
1.515850
0.406457
0.640610
1.444239
0.560279
1.448099
1.765117
1.598862
1.164687
1.446275
0.945846
0.698962
0.857236
1.475848
1.477909
1.536575
2.379898
0.947226
0.967389
1.809921
1.376230
2.157875
1.546022
1.480264
1.245758
1.479797
2.214055
1.773216
0.669531
2.648940
2.270249
0.707914
2.414221
0.451901
1.298804
1.964383
1.514271
1.787400
1.078974
0.391124
0.684572
2.512399
2.142907
1.331698
1.091492
1.553672
1.304440
2.289886
1.411639
1.960115
0.662724
1.346574
1.098601
1.877054
1.049308
1.613044
1.561817
0.587812
1.040268
1.415662
1.204210
1.582341
2.033699
2.023464
1.236185
2.412965
1.996910
0.778557
1.919932
1.243218
1.952585
0.722855
0.734862
0.769495
0.507560
0.856826
1.541700
2.514211
1.063781
0.646252
1.223085
1.604925
1.795408
0.730061
0.838932
0.566113
1.178391
1.118670
0.296000
1.331523
0.740033
1.394395
1.756034
0.734959
1.361089
1.273234
1.701448
1.063400
0.687975
2.180279
1.007827
1.184546
2.011403
1.338384
2.099058
1.670425
1.142274
0.503446
1.358535
1.008170
0.633586
1.856584
0.636948
0.467725
1.155303
0.997744
1.207386
0.861269
1.959062
1.457287
0.748923
1.233766
0.899170
0.519160
0.760667
0.781439
1.511204
1.707182
1.850493
1.682907
2.639043
2.154726
1.591247
1.132467
1.925118
0.452846
1.030037
0.812071
0.797550
1.285090
0.505474
0.765246
2.235711
1.609551
2.531290
1.034978
1.107146
1.064694
1.478765
1.603508
1.918796
1.764288
0.673931
0.714381
0.230639
1.671188
2.231496
1.618730
2.416654
1.193191
1.239794
1.920724
1.433847
1.489388
2.600486
1.267491
0.544672
2.444046
2.302009
1.798033
1.440275
1.613933
1.274364
1.154041
1.508892
1.398232
0.702420
0.738194
0.850372
2.323143
2.443228
0.425460
1.532841
1.534570
0.485417
1.280641
1.305207
2.262140
0.913683
1.858909
1.646088
1.513987
2.180614
1.244022
0.974731
0.983890
0.800057
1.346134
0.911090
2.381261
0.986593
1.393160
2.071062
0.349691
1.689887
1.007300
1.330492
0.997969
1.476847
1.711407
1.598366
0.472050
0.704962
1.038839
0.762586
0.876491
1.263827
1.597169
2.025222
2.167114
0.327309
0.902329
2.548675
1.961334
1.950068
1.498380
1.370272
1.374738
1.095131
1.008408
1.014936
1.307029
0.997424
1.300753
0.877754
1.482881
1.984330
0.747679
1.709814
1.433472
1.459636
1.051442
1.269970
1.120196
1.455122
1.598621
1.278153
1.698460
0.849009
2.283236
1.269527
2.616077
1.104772
1.204042
0.553273
1.651284
0.987012
1.849617
1.072543
0.785575
1.226840
0.927987
0.815854
0.975900
1.347770
2.404949
1.445023
1.994445
0.755565
0.419226
0.677607
0.823368
1.206216
1.459935
2.355071
1.680079
2.269788
1.541810
1.765945
0.944048
2.155052
0.762383
0.532725
1.722339
1.578804
1.470003
0.898958
0.387098
1.269771
1.481442
0.539951
0.989289
1.189396
1.522455
0.364526
1.553589
1.881906
1.694544
1.604649
1.463739
1.324893
0.364594
1.052506
0.799555
1.600826
1.484493
0.361066
1.596919
0.903233
0.625968
0.793911
1.240700
2.280535
1.085869
1.505074
1.596352
1.565305
1.676296
1.708168
1.404598
0.843958
1.095517
1.089621
1.054109
1.548688
2.017577
1.107344
1.058352
2.319029
1.779653
1.388848
1.681712
1.801288
0.875381
1.453711
0.905276
1.957893
1.598309
1.612870
1.289028
0.758025
2.392203
1.151543
1.055951
1.721151
2.052559
0.940633
1.455328
2.132113
0.888189
0.706851
1.000194
1.536244
1.047580
1.669628
1.777194
1.236695
1.353139
2.380001
2.414139
2.237614
1.625317
1.511706
1.349449
2.100904
1.252413
0.849754
1.679273
0.762818
2.057334
1.097097
0.474617
1.084577
1.145674
0.849479
1.317865
2.671405
1.785659
2.112822
2.065425
0.249783
1.274322
2.018643
1.482391
1.350202
2.757119
0.654162
1.603192
1.850954
1.420737
1.078070
1.617377
1.510546
2.759052
1.113103
2.028530
1.944841
0.945708
1.244059
1.013590
1.695495
2.890366
0.986989
1.647872
0.527191
0.691231
0.637931
1.982447
1.024500
1.969463
1.730029
2.111777
0.649571
2.323001
0.756841
1.546980
1.107491
2.289498
1.031613
0.729573
1.322804
0.839218
1.439232
0.631174
1.475521
1.379972
2.801013
1.472209
1.450527
1.233256
1.285316
0.593551
0.975601
0.943468
1.321595
1.296012
0.996699
1.492188
1.030427
1.250827
1.388423
0.221627
1.035491
1.225995
1.212477
1.009378
1.625017
3.258434
1.476173
1.204323
1.880722
0.403421
0.469066
1.494003
0.440154
1.235860
1.546996
1.243224
1.406736
1.230062
1.207494
1.921977
2.478730
0.723457
1.141134
1.176396
1.331497
0.737758
1.198737
1.528256
0.622049
1.957818
0.648581
2.955195
0.624590
1.103433
0.957279
2.033709
1.531318
0.505431
0.630106
0.898806
1.666040
2.200343
1.448703
2.831975
1.937284
1.620302
1.627849
1.343154
1.922857
1.170332
0.384575
1.927918
1.509211
1.381083
1.658900
0.624597
3.004188
1.048786
1.110194
0.356473
0.225294
2.422063
1.397008
1.407419
0.952300
0.821989
0.897177
1.399084
1.100420
0.748356
2.121013
1.756308
0.953853
0.607804
1.362549
1.142360
0.970246
0.731925
1.221906
0.367402
2.295343
1.268428
0.841271
0.994735
1.291277
1.061685
0.970490
0.823074
1.841613
1.102624
1.990973
2.386649
0.217875
0.756751
0.699181
1.025973
0.883876
2.351509
0.513826
1.481075
1.067586
1.443909
1.806323
1.787041
0.578126
1.315819
1.725998
2.028311
0.789643
0.787598
2.040057
0.873619
1.463955
2.825524
1.268893
2.226388
1.496815
0.526921
1.834284
1.956240
1.645021
2.155089
1.737381
0.260474
0.892070
1.351367
1.803237
0.885727
1.442921
1.608235
2.004550
1.177219
0.858332
1.533185
2.116064
0.348093
1.688923
1.753998
1.180923
0.994125
0.415472
1.351832
1.365486
1.814431
2.032763
1.155689
1.344189
1.737052
1.527314
1.692958
0.423662
1.369272
2.034866
1.942876
1.119109
0.585151
1.774193
1.792030
1.653096
1.697516
0.361245
1.603063
1.691386
2.024595
0.869839
1.142115
0.917836
1.138192
2.890206
0.720530
0.691418
1.630945
0.905853
2.775656
1.429999
1.212369
1.339045
1.709441
1.214401
1.092974
1.285591
1.284448
1.656849
1.757207
1.553592
0.556027
1.051667
0.926283
2.292601
1.781314
1.643247
1.244344
0.872334
1.653837
1.159622
1.492443
1.721406
0.566467
1.563143
0.962241
1.667477
1.453935
2.113956
0.490700
2.200787
1.851050
1.808749
1.630386
1.044899
1.253038
0.869993
0.963987
2.225890
1.230561
1.900557
1.694875
0.910047
1.676019
1.055916
0.836634
1.903313
1.795121
0.964328
1.043589
1.598723
0.843178
0.327305
2.012467
1.066496
1.930442
2.090260
1.159549
1.660394
1.843971
1.333802
0.928074
0.799946
2.729986
1.847140
0.873621
2.133060
0.825224
1.150664
1.782419
1.071113
0.929085
1.551325
1.126755
0.633719
1.198097
0.971707
1.700083
0.908027
1.147535
1.702068
0.700691
0.441791
2.086024
1.982106
1.208149
2.079652
0.895686
0.777333
1.627304
0.715749
0.602604
1.542254
0.767238
1.377686
1.564704
0.611189
0.953314
0.842215
0.641765
2.097475
1.463762
1.663187
0.939788
1.414352
1.228102
1.235106
1.605221
1.635122
1.722607
0.992912
1.549420
1.396415
1.086107
0.484041
0.567455
0.669983
2.678739
1.139738
1.108065
1.099726
1.618644
1.409354
1.634257
1.725460
2.096421
0.770773
1.985432
1.482119
1.427973
1.455801
1.552903
1.501370
1.800026
0.766890
1.712644
1.338947
1.193436
1.906860
1.132111
1.973651
1.209423
1.299383
1.713753
1.823811
1.265274
0.604845
1.611767
1.530442
1.035098
1.645491
1.403208
0.832697
1.420829
0.283284
1.143538
0.992214
0.932783
2.238327
1.333166
1.589627
1.682673
1.255535
0.807167
1.532444
1.453796
1.730125
1.320068
1.332230
0.847304
0.368102
1.211394
1.801626
1.116859
2.285533
0.972225
1.460797
0.858795
1.108673
1.400136
1.165500
1.893375
1.563364
1.488729
1.322939
1.593958
2.055265
1.313018
1.631181
1.237323
2.645846
1.242216
1.247334
0.436912
1.223935
0.858267
1.067243
0.527028
1.628784
0.926859
2.028291
1.946597
0.966257
1.104767
1.146077
0.687155
1.651505
0.208869
1.959065
0.618024
0.847544
1.160407
1.316494
1.408172
1.009769
0.474159
1.729385
0.756175
0.732199
1.743792
2.346540
1.651730
0.990463
1.682209
0.555536
2.632827
2.304241
0.978211
1.382771
1.152346
2.006158
1.465363
1.931592
0.685966
1.483310
1.887938
1.546284
1.078825
1.093878
0.893871
0.454311
2.492257
2.281381
2.674333
1.263541
1.415956
1.006171
1.512152
1.832222
1.244147
1.359858
0.789880
2.165199
0.800845
0.483255
2.250509
1.403007
2.252519
0.814796
1.845809
1.409387
1.611216
1.514625
1.583210
1.383650
0.478122
1.319507
1.283009
2.277688
1.002095
0.677900
0.970518
1.853409
1.074158
0.702979
1.729872
2.068759
1.177081
1.282439
1.780213
1.932079
0.963404
2.874458
0.896969
1.276406
1.577750
0.647059
2.150691
2.241497
2.441620
2.483847
1.451561
0.715752
1.391276
0.150748
0.992422
0.881374
1.156759
1.771911
1.166525
0.949984
1.903740
2.287303
0.591626
1.602809
1.168415
1.948979
2.261109
0.872333
1.867828
0.928182
3.448554
2.046757
0.735613
1.144748
1.560517
0.640760
1.175668
0.624790
0.842982
0.792644
1.297443
2.437129
0.946077
2.133434
1.640949
0.932537
0.710191
2.168301
1.343923
1.510442
1.870317
1.313437
1.053971
0.865501
1.847992
1.634662
1.260437
2.154462
0.891413
1.005132
1.365728
1.784950
0.716366
0.874565
1.155835
1.459068
0.803198
2.039021
0.969528
0.764505
0.386990
1.053052
1.454554
0.421934
2.462353
0.933859
0.752610
1.739997
1.869183
1.580999
1.001248
1.594182
0.845005
2.314435
1.443706
0.725889
1.165230
1.316623
1.748825
1.404378
1.730831
1.504659
2.849758
0.976435
0.437612
0.850896
0.922113
1.861288
1.211825
1.608560
0.681832
1.157787
1.169840
1.495366
3.235763
0.619652
1.625492
1.855812
1.941300
2.254058
2.585862
1.171065
3.063537
0.990260
0.819179
2.084743
1.136428
0.733222
0.566539
0.254748
0.371356
1.480489
1.346879
1.962652
1.553961
1.668221
0.555096
0.352807
1.657946
0.923584
1.036518
2.779479
0.979559
2.000772
1.491502
0.774116
2.177868
2.042853
1.510385
1.139816
1.671830
1.509945
0.406533
3.172414
1.567386
1.842485
0.777279
1.377728
2.103541
1.508015
1.109925
1.156092
0.912469
1.070335
0.908912
0.621631
2.785339
1.792974
1.684209
1.359309
2.343528
2.678581
1.483312
0.735330
1.217429
1.329585
0.744661
0.669976
1.737229
1.122427
0.319537
2.245663
2.288465
0.797530
0.711005
0.860394
1.743011
0.538379
1.208235
1.619135
2.111537
1.727527
0.835996
1.177295
1.734209
1.224625
0.321525
1.449801
1.433847
1.196678
1.207288
2.005056
1.557561
0.852564
1.048469
2.744607
0.691779
1.198872
1.722506
1.486692
1.017566
1.344891
2.036827
1.218586
1.024336
0.921602
1.697328
0.898494
2.215317
0.428409
1.060807
2.353303
1.784436
1.285034
2.134451
2.039191
1.273865
1.097157
1.283064
1.184630
0.974365
0.985254
0.981076
0.831327
0.306450
1.407339
0.958839
1.214802
1.945619
0.577309
1.130780
1.600395
0.590237
1.218156
0.706460
1.287327
0.936792
0.805589
1.451422
1.097419
0.773011
1.422081
1.080346
2.680770
1.479399
1.563417
1.330319
1.309332
1.551321
1.392561
1.929504
1.097828
0.487151
1.671691
2.225803
1.284503
1.936685
1.317674
1.018166
0.504200
0.887990
1.090156
0.825874
1.796843
1.287342
0.568890
0.505981
0.895429
1.784057
1.748895
1.290211
1.032672
0.846885
0.782244
2.193481
1.876373
1.609622
0.747397
1.254214
1.757641
1.792587
1.017589
1.225789
0.876382
1.370009
1.259684
0.782498
0.754452
2.626297
1.142348
2.023127
0.657291
1.219357
1.610676
1.148489
1.858692
0.864503
1.597927
0.804758
0.779637
0.846052
2.096167
0.716209
1.255780
1.892491
1.972397
0.265212
0.910775
1.611689
0.835584
1.378462
1.230123
0.902698
0.816252
0.760643
1.357843
2.002889
1.837311
1.516362
0.633258
2.254942
2.107996
0.951713
2.007738
1.222897
0.303820
1.400362
1.178735
2.062174
1.425172
2.730806
1.306400
1.868489
1.762827
0.970938
1.413303
1.516294
1.535658
2.961072
2.839140
0.821205
1.591334
1.674487
1.397517
1.741148
2.055463
0.980320
1.066771
0.187062
1.232776
2.367923
0.480116
1.360276
0.663373
1.689154
1.624075
1.398063
1.265082
1.762066
0.940198
1.863420
0.630109
1.370297
0.524199
1.084784
2.200928
1.110653
1.855181
0.529846
1.819260
1.371015
1.620532
0.332884
1.923146
0.939395
1.418533
1.370833
0.742257
0.869317
1.120495
0.690005
1.789953
2.317245
1.656020
2.436872
1.870621
0.837134
1.553784
0.779908
0.825295
0.581294
0.953532
0.684587
1.081404
1.809712
1.782727
1.396641
0.974864
1.559490
1.757749
1.868312
1.707784
2.212413
1.724129
1.116798
1.601024
1.864017
0.787524
1.658284
1.554480
1.037391
1.031541
1.083351
1.323380
1.237868
1.633456
1.729318
1.243381
0.324523
0.525680
0.480984
1.571899
1.373990
1.537355
1.327706
0.957527
0.784407
0.915323
1.170111
1.548683
1.315346
1.419633
0.759497
2.246379
0.536223
1.263449
1.434322
1.244574
1.833867
0.739293
0.828313
2.192530
0.713529
1.620722
0.907978
2.262456
2.343527
0.449307
0.636737
1.508166
1.812827
1.142321
0.704785
0.949057
0.751587
2.128845
1.330624
0.890245
0.971437
0.970562
1.013272
0.785015
1.834802
1.320141
0.861945
0.829358
1.587000
3.198986
2.789442
0.494869
0.746153
1.206624
0.507921
1.233218
1.655184
0.458166
1.242866
1.094445
1.140520
0.801987
0.516051
0.433246
0.897752
1.788622
1.904052
0.891449
1.317399
2.123713
0.798973
0.626667
0.508865
1.266694
3.026860
1.261446
2.150951
1.229639
0.934270
0.635098
1.174938
1.657154
0.712069
0.765351
1.706656
1.248270
1.530409
1.773048
1.425719
1.686459
1.517308
2.131532
1.366187
1.955553
1.264567
1.286080
0.540566
0.907802
0.916165
1.279037
1.266082
1.179094
1.050768
1.316536
1.449186
1.183754
0.654057
1.439227
0.836264
1.861064
1.207056
0.430164
1.262364
1.906262
2.025331
1.177241
1.123791
0.661124
1.170176
1.136518
1.250417
1.565993
0.785928
0.494008
2.375408
0.854725
2.072019
1.055139
1.609479
1.195592
1.809110
1.652605
0.980539
1.277405
0.607831
2.730707
1.676263
1.462841
0.585350
2.313814
0.484538
1.632690
0.497684
2.656090
1.148111
1.492592
1.748258
1.097802
1.180103
1.825760
1.392556
1.167862
1.232910
0.711496
1.698539
0.597084
0.842562
0.503950
0.494895
1.440730
0.909556
2.001395
1.720247
0.436376
0.685895
1.620952
1.229816
1.339258
1.100777
1.688361
0.754678
1.702239
1.862591
0.868070
0.802464
1.018709
1.560229
1.716992
0.585306
0.987960
1.767670
0.916903
1.628545
1.627800
1.327917
1.801599
1.048692
0.902494
1.337661
0.878583
0.472121
0.725281
0.916284
1.181939
0.898044
0.370212
1.306321
1.081487
2.224895
1.873820
1.189554
2.541430
1.042947
0.547311
1.655885
0.411297
1.666125
1.290038
2.100580
1.654109
1.341823
1.586138
1.183126
1.297242
1.661945
1.573072
2.552200
0.420045
1.139602
1.610183
1.149149
1.422268
0.389159
1.246871
2.635856
1.453645
1.881343
1.813654
0.836795
1.771740
0.996918
0.802638
0.311404
1.516706
1.751720
0.847611
1.946960
1.316416
1.145900
1.031793
1.085448
1.569562
1.104659
0.557205
1.339631
0.719065
1.109686
1.412294
0.484423
1.862007
0.760550
2.128232
1.187592
0.392984
0.670600
1.136643
1.161221
0.977734
2.088158
1.307795
1.380998
1.087485
1.368960
0.827585
1.813549
0.703007
1.071529
1.102706
1.641772
0.392057
1.001133
2.911913
0.996675
1.526966
1.394129
0.802244
2.004669
1.771609
1.323796
0.918526
1.008731
1.698541
2.693828
1.165622
0.941162
1.795585
1.286892
1.616854
1.723838
0.386410
1.828675
0.620229
1.786392
0.368305
1.754560
1.918088
1.290518
1.013751
1.509600
1.635237
1.948128
1.742674
2.397352
1.161838
0.664438
0.764928
0.373783
1.150077
1.745917
2.544622
1.696290
1.262305
0.877438
1.229179
0.934494
1.152127
0.728263
0.836549
0.853635
0.791798
1.297611
0.679392
0.232634
1.196273
1.681302
1.753470
0.670448
1.531924
1.734725
1.253022
0.729389
1.204669
0.613174
1.003712
1.306578
0.850997
2.088449
0.694668
1.130202
0.824777
1.136566
1.463616
0.427178
0.774880
0.578487
1.075169
1.816111
0.534705
0.954051
1.309367
1.277534
1.641411
1.646531
0.567915
2.440764
1.238668
0.807085
2.203659
1.527537
0.480271
1.522223
1.279288
1.941325
1.270128
0.775745
0.604787
1.942598
1.161721
1.299976
0.384102
0.604033
1.231260
1.282260
0.633839
2.067403
0.556677
0.532252
0.987150
0.615081
0.475577
1.671438
1.550530
0.872973
1.266019
1.693976
1.187390
1.052040
1.160074
0.728819
0.530671
0.344527
1.658078
1.040985
0.961955
0.751322
1.393474
1.550296
1.482644
1.102131
1.386920
2.224703
1.984698
1.174418
0.794634
1.382745
1.250916
0.503493
1.195532
1.168310
1.690655
0.706947
1.468243
1.090360
1.231381
1.045003
1.249312
2.285017
0.356357
2.216796
0.939161
1.846338
1.762433
1.062397
1.437439
1.467066
1.523815
1.708844
1.507268
0.805915
1.066617
0.724822
0.969452
2.276092
1.420827
2.333004
1.482901
0.587326
1.963066
0.720462
1.603519
0.818543
1.082887
2.418422
1.336735
0.949376
0.970243
2.869614
0.976750
3.385507
1.104938
0.942931
1.274481
1.237123
1.075487
1.434405
1.191817
0.308041
1.699027
1.489284
0.521791
2.025422
1.196396
0.647445
1.836581
1.235316
0.877508
0.934532
1.445165
1.395996
1.698426
1.405195
1.587173
1.176571
1.182955
1.528420
1.264914
0.762644
1.384286
2.193693
0.499001
1.956901
0.252855
2.050879
1.495449
2.194377
0.728216
1.823146
0.763436
2.400375
1.097708
1.597552
1.173282
1.671284
1.877180
1.183485
1.167015
1.002354
1.054798
1.253679
0.711046
0.850539
1.719236
0.834719
1.327658
1.875765
1.095067
0.889398
1.658695
0.717976
2.306248
2.111278
1.609460
0.859933
1.441836
1.227620
0.801048
0.778866
0.347212
1.259587
0.704027
2.138993
0.700974
0.445833
0.937521
0.733492
1.397497
0.871108
0.919962
0.549255
1.125132
0.881584
1.560621
1.676768
1.792039
1.732915
1.177336
1.611790
1.280395
2.716713
1.448560
2.197140
2.259169
2.033603
0.965349
2.660787
1.233726
2.057640
1.902370
1.695846
1.435128
0.824415
2.097045
0.532030
2.277004
0.269515
1.006345
1.003478
1.187913
2.442809
1.321392
1.891405
1.443748
1.830820
1.522632
2.512202
0.272880
1.893951
0.934642
1.781117
1.123273
2.347736
2.424828
0.485934
0.953358
2.216108
1.606259
1.778410
0.794866
1.065095
0.601154
1.664402
1.648767
1.108789
1.513134
3.170939
0.542222
2.454581
0.525308
2.019412
1.778554
2.435548
1.841657
1.864322
1.350536
1.305520
1.576957
1.407613
1.267986
0.622287
1.052317
1.252170
1.869770
1.716640
2.175510
0.342786
1.137660
0.576362
1.583651
1.132115
2.193993
0.650964
1.919159
1.260485
1.067355
1.013503
2.520488
1.312920
1.285807
2.016193
1.193705
1.083911
2.566677
0.370730
1.589412
2.164177
1.688995
1.642261
1.083662
0.937437
1.669505
1.499135
0.512107
2.189713
0.796959
1.827011
0.876436
0.731946
1.324819
2.020526
1.252699
0.617550
1.353164
1.237220
1.499351
0.752460
1.748634
1.818753
2.641342
1.348652
0.875386
0.927829
1.895451
0.393180
2.021515
1.550547
1.503354
1.345849
0.398353
1.315156
2.658036
2.191660
0.955270
1.647613
1.046115
2.010530
1.290686
0.732103
1.163826
1.280440
1.339103
1.240061
2.270361
0.478557
1.403698
0.987283
0.669029
0.980925
0.652391
1.444723
2.828017
1.063113
1.008284
0.389286
0.750295
1.479021
0.910948
1.175094
2.878652
1.639988
1.272953
1.520463
1.833537
1.649216
1.373121
1.174596
1.654611
1.694428
0.732859
0.597085
1.269503
0.925333
1.816961
1.522918
1.462365
1.862695
1.135108
1.161890
1.407842
1.107340
1.337168
1.475487
0.476447
0.512225
2.104619
1.387216
1.728444
1.061797
1.134142
0.906747
1.263982
1.383477
1.533845
1.032287
0.752466
1.027503
0.622977
1.434469
1.616355
1.049492
1.785094
0.606894
1.297119
0.521645
1.691042
0.851493
1.006448
2.227863
2.492037
1.501692
1.701542
1.145657
1.836244
1.223648
1.102870
1.110206
2.674723
2.646905
0.931992
1.322935
1.875486
2.344536
2.041814
2.160101
2.353668
1.405689
0.606337
1.159907
1.149980
0.969058
1.590943
0.725642
1.197729
1.982980
1.302858
1.538442
0.838301
1.422411
0.664108
1.099455
0.812079
1.207011
1.396396
1.730187
1.654992
1.708871
1.978334
0.708377
2.758545
0.920306
0.799057
0.733896
1.823792
0.722594
1.920083
1.576899
2.323048
1.522302
1.004717
1.834672
0.892276
1.064891
0.379707
1.705382
1.524048
2.084172
2.675263
0.801535
1.313878
1.403189
1.997575
0.715526
1.470892
1.480573
1.411723
1.394486
1.619099
0.783611
1.046413
1.388220
1.772770
1.542852
1.661874
0.836841
0.950962
1.009677
1.526528
1.695443
2.171729
0.950843
1.848038
0.500696
0.997920
1.797856
1.405202
2.542852
0.909867
0.869490
1.202664
1.740126
0.697911
0.533768
1.049135
1.148130
0.775552
1.143260
1.884443
2.470898
1.390292
0.495345
0.583398
2.548515
0.687232
1.297554
1.335577
1.047913
1.182148
0.539656
0.913320
0.749012
2.783731
1.154736
1.489295
0.676478
0.852299
2.053394
2.337139
1.991132
1.014958
0.583916
1.652617
1.032491
1.562551
2.506012
1.972738
2.704441
1.306241
2.703461
1.061208
1.814072
0.473584
2.121348
1.124328
0.779920
0.633737
1.234498
2.310123
0.604745
1.984482
1.022872
1.467235
0.351898
0.844722
1.359600
1.754136
1.361277
0.912835
1.326343
1.383628
2.041415
1.849166
0.998897
1.878296
0.411570
0.827206
1.349705
1.627223
1.839230
0.410469
1.185065
1.214657
2.305147
2.286344
0.702051
1.177014
1.077953
2.066557
2.360469
0.539917
0.814446
0.532762
1.116300
1.403976
1.700117
1.520760
0.753694
2.220370
0.859567
1.146702
0.469529
2.205075
1.640218
2.214646
2.069380
1.009227
1.566408
1.498562
1.007224
1.690113
1.391441
0.499828
1.324818
0.870049
1.352623
1.181908
2.558320
0.826577
0.942295
1.697696
1.110636
1.419677
1.204623
2.726823
1.540664
1.632220
1.397957
1.761773
1.897931
0.517824
0.997181
0.738690
1.206527
1.388482
1.595739
0.901926
0.970237
2.158189
1.649478
1.526483
2.267340
1.004056
2.519174
1.814684
1.419797
1.598989
1.690038
2.012179
1.484887
0.994152
1.727659
1.179186
2.184314
1.498745
0.657520
1.990889
1.115998
0.911610
1.074971
0.625934
0.715326
1.366567
2.591344
2.083655
0.827705
2.132465
0.696601
1.396935
1.449945
0.398104
1.873028
0.808658
0.216227
1.671456
1.310873
1.847711
0.223669
1.527411
0.708178
2.124277
1.129154
1.509562
0.566708
0.509158
0.712587
0.246443
1.305869
1.535997
0.909628
1.254426
1.084992
0.944159
1.492546
1.421155
1.154518
0.475077
1.028090
2.138578
1.948650
1.115656
1.717461
1.707415
1.586335
0.838586
0.934005
0.931922
1.626832
1.599970
1.024421
0.886923
1.234961
0.597869
0.638742
2.011690
1.600673
1.256405
1.109060
2.070308
1.437261
0.323771
0.908627
2.161454
0.304676
1.777740
1.178339
0.863932
1.345957
0.878409
2.302124
1.824801
0.871697
1.356169
2.432626
0.617622
1.539319
2.234041
0.461411
1.680430
1.501216
2.094929
0.624250
2.296775
0.827771
1.895895
0.830630
1.514922
2.167313
1.925276
1.290530
0.986531
1.639864
1.293004
1.534046
0.952897
1.466636
1.191861
0.980262
0.845518
0.978953
1.673705
1.275896
0.841671
2.212565
1.002056
0.535514
1.099618
1.218377
1.312449
1.526050
0.892668
1.018294
1.559597
1.366297
0.563639
1.123509
1.679851
1.083232
1.665627
0.948992
1.214759
1.579845
1.579874
0.994924
1.576696
0.129153
1.879253
1.097529
0.869803
1.233918
0.448169
0.737515
1.586977
1.512635
1.736556
0.930421
0.732447
0.472333
1.809086
1.794181
1.491089
2.214876
1.168154
1.697786
1.685458
1.970850
0.607775
1.759112
0.658907
0.754270
1.607091
1.575680
2.969470
2.455298
0.845451
1.525566
0.421968
1.786473
0.592961
1.215576
1.468128
1.447463
0.870650
1.261212
1.440090
0.631277
1.289052
2.159834
0.781052
0.114708
1.975349
0.251875
1.959441
2.271152
1.198143
2.036105
1.521689
1.172960
1.890806
1.776578
1.838079
1.231357
1.050850
1.583415
1.295477
0.629995
1.719543
0.811474
1.723062
0.862624
0.795044
0.834324
1.913599
1.146343
1.609069
1.022003
0.955048
1.223224
0.770848
1.331879
0.982467
1.616357
1.110813
1.703536
2.233439
2.204832
1.429840
1.910144
1.104389
1.746826
0.730232
1.404403
2.276834
0.875808
1.878813
1.196721
1.394707
0.910126
1.064042
1.637917
0.880831
1.208784
1.249816
1.124387
1.167842
0.571887
1.986027
1.459407
1.882608
1.099335
2.022311
1.566004
0.788144
1.083865
1.385472
1.332490
1.824051
1.673114
2.539195
2.080741
1.753322
1.100971
1.174628
1.376104
1.342234
1.067922
1.988199
1.414372
2.422806
0.863764
0.655045
2.917499
1.388634
0.679424
2.129936
0.426517
0.233141
2.305017
1.901374
1.332906
1.523565
1.113787
0.425298
1.456025
1.802385
1.821820
0.444344
1.991198
1.694802
1.717702
1.483591
0.640910
1.781188
1.369974
1.166564
0.936968
0.558220
1.506220
1.537727
1.506115
0.787920
2.320205
0.927522
0.822235
1.973604
1.767236
1.683081
0.768960
0.952456
1.263195
0.393044
1.140393
1.707324
1.146093
2.636623
0.930955
1.464510
2.119000
1.818426
1.028770
0.858440
1.984289
1.473322
1.262870
1.523611
1.083387
2.047128
0.435551
1.516220
1.306149
0.489407
0.901144
2.041486
1.444293
2.249466
1.440646
1.297303
1.493335
1.040708
0.757010
1.280416
2.278275
0.932258
1.898296
0.807225
1.313889
1.020378
2.121847
1.485543
1.513662
1.671799
0.904335
1.017716
1.352637
0.435141
1.642042
0.638493
0.871970
2.603537
2.698014
1.046216
1.360770
0.819942
1.769224
2.048966
1.308222
2.682832
2.072190
1.839444
0.591377
0.636893
1.057942
0.980960
2.267713
1.352205
1.243711
1.163007
1.324482
2.130152
1.429811
1.773445
1.444232
0.325368
1.027991
2.107230
0.518682
1.305159
1.035660
1.395414
0.997730
1.227700
1.126576
1.737891
1.619050
2.528298
1.650904
1.423796
1.697876
0.939340
1.209249
1.415007
1.172500
2.905074
0.866667
1.296026
1.588020
1.140013
1.284338
1.956801
1.662662
1.198569
0.710109
1.035469
1.284485
1.260179
1.181578
1.349038
0.640157
0.790309
2.226669
1.709233
0.745427
1.687132
1.882318
0.278825
1.647574
0.252826
1.779686
1.103621
2.457563
1.057229
1.695404
0.994495
2.012307
0.965055
1.084743
1.330295
1.272541
1.160939
1.930363
1.580330
1.495520
1.931496
1.098432
1.025349
0.699176
1.504713
1.628221
2.274815
2.178605
0.605645
0.712227
2.226332
1.609084
2.590249
1.800929
1.703898
1.717521
1.930848
2.636367
1.461291
2.433000
1.134053
1.360659
2.134086
1.891605
2.154152
0.770070
1.664944
1.153511
0.613128
1.975428
1.868691
2.622146
1.523226
1.505004
0.751909
0.384310
0.990344
0.774847
2.787447
1.100080
1.554486
0.878993
1.770011
0.660586
1.901578
1.545340
1.638843
1.219162
2.363801
1.166689
1.374314
0.512668
2.450371
0.282001
1.977638
1.458255
1.071746
1.885845
1.172382
1.149447
2.026648
1.086690
1.424154
2.082646
1.132781
1.153332
1.549729
0.886065
1.052180
1.727670
0.958276
1.728899
1.370831
1.778793
1.747700
0.393105
2.516421
0.940604
1.175134
1.439981
0.884254
1.624156
1.670458
1.113301
1.742480
1.219634
1.402182
0.917764
1.072426
0.662736
0.899512
1.324864
0.455573
1.335089
0.796124
1.751681
1.398916
1.379548
0.696385
0.985802
2.574282
2.461336
1.281937
2.944299
1.322445
0.850412
1.536100
1.659156
0.906674
1.275621
2.316254
1.067301
0.897218
0.769772
0.463518
0.844945
0.635418
1.327870
0.362704
1.941652
2.031655
2.397780
2.156518
1.428939
0.851196
2.415984
1.755096
0.982674
1.897784
0.482080
1.244018
1.424231
1.840306
1.839013
1.491277
0.731910
0.775442
2.566247
2.076347
0.721130
0.678855
0.611217
1.769752
1.857649
1.508735
1.507340
0.850645
0.954202
1.278321
2.205959
0.984118
1.030944
0.937616
0.898649
1.129604
0.983222
1.766262
0.320804
0.622933
1.963698
2.771667
1.557805
0.925205
1.673156
2.160602
1.099717
1.810155
1.377036
1.246348
1.205072
0.457228
2.234174
1.711849
1.370737
0.255130
1.015651
1.236652
1.132623
0.693225
1.567597
1.796254
1.752420
1.127714
0.612650
1.417223
1.945738
1.836837
1.494177
1.596200
1.732661
1.408487
1.865123
0.448799
0.390227
0.712424
0.879782
1.484189
2.287032
2.132543
2.373189
1.395673
1.364714
2.205640
1.081499
1.508701
1.979310
1.769093
0.680319
1.740075
0.622222
3.088162
1.008559
2.094199
1.516671
1.236059
0.933835
1.300176
0.930301
1.622219
0.625175
1.289026
1.100905
1.477370
1.075461
1.429839
2.101144
0.744926
0.666933
1.705450
1.443878
1.067303
0.764008
0.764118
1.078532
2.184556
1.355337
0.635423
1.139625
0.685586
1.153434
0.714486
1.509698
1.837311
1.170921
1.155375
1.237657
2.219520
1.304625
1.816462
1.476237
0.880757
1.003023
0.263142
1.628412
0.745032
0.819025
1.017834
1.120464
1.154693
1.027505
1.107719
1.626825
0.648438
2.497446
1.287158
2.121871
0.937163
1.031524
1.216372
0.898891
1.410438
1.827159
1.749028
1.140981
1.512507
1.934656
0.951984
0.427856
2.468524
1.235457
2.153070
0.368010
1.213408
2.137113
0.455344
1.995598
0.651325
1.059021
2.521629
1.490927
0.918109
0.836443
1.616927
1.951780
1.974016
1.232171
1.409570
2.099017
1.211355
2.452480
1.502805
1.373755
1.322539
0.990390
1.499519
0.621900
0.358183
1.326093
1.236548
1.146834
1.067237
0.719299
1.979756
2.344630
0.772795
0.944804
0.816591
1.598164
1.882166
0.985481
0.631469
1.228317
0.503099
1.454209
2.414629
0.926647
2.456294
2.486138
1.298971
1.079856
1.019007
0.970983
1.196783
0.776770
0.746513
0.706785
2.138150
0.912782
2.180599
1.656651
1.945490
1.862967
1.186878
0.933227
0.770004
1.255672
1.675858
1.251985
1.501421
1.428930
1.452819
1.190638
2.797106
1.264476
1.783305
1.596150
1.356384
1.282734
1.681727
1.014876
0.650157
0.850748
0.729151
1.521999
2.831018
3.114523
0.833191
1.651668
1.978545
0.523298
0.532458
0.246586
1.986781
1.649278
0.665224
2.174723
1.466494
0.664185
0.848800
0.578032
1.699642
1.758279
0.479144
0.645417
2.144990
1.361656
1.106174
2.168432
1.265266
0.562412
0.815284
1.094235
0.988065
1.059365
1.353119
1.126038
0.761513
1.806548
1.880897
1.215668
0.614900
2.016820
2.596290
0.776932
0.663094
2.611830
1.007266
0.910933
1.146933
1.019946
0.739373
1.092345
1.260180
0.929162
0.793593
0.739208
1.526639
1.687732
1.975677
1.210569
0.497396
2.575846
0.798368
1.042657
1.324000
0.637172
0.910039
1.528080
1.088354
2.209792
1.039350
0.634774
1.296085
2.621922
1.272089
1.026897
0.778786
1.332425
2.499686
1.056034
1.903101
1.738269
0.739882
1.062697
1.060637
1.958097
1.854751
2.430058
0.900686
0.817589
2.328710
1.835212
2.563483
1.302829
0.986003
0.968973
1.884584
1.229069
2.418079
2.695335
2.271320
1.963528
1.486528
1.392453
1.677075
0.595360
0.282397
0.759533
1.513595
1.438579
1.537091
1.205003
1.291953
2.178902
0.823970
1.657241
0.761141
1.078774
1.587455
1.280676
0.671925
1.168909
0.450447
0.600892
1.252981
1.721032
2.069565
1.011999
1.830233
1.318033
1.006829
2.613905
0.482619
2.631626
1.404608
1.888949
1.743908
2.095460
0.301654
1.853641
1.433028
1.857533
0.839816
1.702486
1.297623
0.867634
2.864940
1.589115
1.743252
1.758799
1.349805
0.821291
0.707140
1.741485
0.388918
0.848250
0.732685
1.132635
2.051167
1.928268
2.136183
1.558468
2.112036
1.484460
0.724595
1.777644
2.017127
1.495037
2.676737
1.051002
1.577452
0.812866
1.100079
1.300466
1.131648
1.912173
1.291693
0.912262
1.718497
1.578527
1.032603
2.050371
1.738690
0.837142
1.405214
1.468969
1.056156
1.112398
1.603720
2.913264
1.523548
1.726196
1.089604
0.708535
2.275721
2.222771
1.827220
2.803185
1.580649
1.563103
0.913642
0.237218
1.696139
1.652630
2.198135
1.110863
1.303833
1.035532
1.315748
1.077379
2.065129
0.749220
0.485966
1.463754
3.097329
1.310126
0.475507
1.872406
0.856818
0.796855
0.763805
1.206693
0.786485
0.727233
1.051394
0.506554
1.854721
2.015564
0.704854
1.029615
1.613656
1.312002
1.443145
1.599770
2.070735
0.258761
1.119309
1.218260
1.670865
0.687726
0.791117
1.588890
1.603907
2.036518
1.739790
1.642592
1.946844
0.795586
1.177470
1.049811
1.111079
1.689535
2.165354
1.434306
0.743881
0.726444
1.133573
1.058008
1.603890
2.258062
1.352531
1.302126
2.385525
0.285983
0.829750
1.526026
2.008406
1.839605
1.582279
1.737214
1.020122
0.660391
2.047940
1.020582
0.282788
1.724330
1.146797
2.114087
1.630356
1.953675
1.211384
1.165180
1.534556
1.394205
1.028307
0.807941
0.840630
0.866423
1.475959
2.069810
0.922484
0.607282
1.516906
1.358037
1.185823
2.414730
0.945074
0.990344
1.800858
2.080776
2.698787
1.231288
1.585649
0.957907
0.721847
1.847583
0.235932
1.304652
1.423322
0.783191
1.425477
0.682441
1.020345
1.890520
1.282314
1.554954
1.122816
1.667770
1.599644
0.873024
3.166585
1.075900
0.902598
1.911993
1.942610
1.340483
1.621793
1.130145
1.660823
1.175038
0.365194
1.447860
2.242196
0.735209
1.618424
0.684323
1.453007
1.887198
0.679988
1.342372
1.729051
0.577007
0.940337
0.662909
1.180402
2.305840
2.230469
2.283905
1.498339
2.522019
2.634278
1.593779
0.965700
1.371478
1.398947
1.832781
1.253356
1.240545
1.003322
0.283759
1.282611
1.827962
1.500716
1.394151
2.616696
0.844131
3.130049
0.829740
1.752865
1.562572
1.167208
1.868843
0.866051
1.039234
0.925706
1.867048
1.458606
0.878103
1.725778
0.936405
2.205089
2.032193
0.886719
1.803144
0.665553
0.267835
1.554202
2.714590
1.560587
1.255532
2.711030
1.528911
2.116568
0.700797
1.459945
1.361530
1.393697
1.557777
2.394334
1.170459
2.430390
1.135701
1.929198
3.358239
2.002085
2.782848
0.589121
2.259474
1.093296
1.086145
0.747657
1.484689
1.173964
1.800938
1.294164
0.713909
2.341210
1.654449
1.693781
0.946862
2.371123
1.608828
1.332374
0.653047
0.910949
0.602131
1.115279
0.996916
1.924320
1.545383
0.834445
0.751178
0.632423
1.136911
1.552242
1.479788
1.224453
1.913720
1.611060
1.082880
1.706368
0.707231
0.819882
1.347865
1.011659
0.862147
2.387486
2.258477
1.454117
1.377392
1.842226
1.731678
1.257942
1.030001
0.899828
1.572307
1.087354
1.719101
1.602186
1.370598
1.183009
2.134702
0.603911
1.381385
1.930617
1.081168
1.223902
2.015120
1.543921
0.791242
0.870091
1.522711
0.748640
0.877998
1.465301
0.632717
1.050283
1.261163
0.806229
1.556266
1.585086
1.259194
2.299349
0.669962
1.475327
1.824154
2.149816
1.098058
0.845444
2.115908
0.859718
2.554740
2.241040
1.448244
1.287687
0.629499
1.232175
2.415574
1.228529
3.654633
1.377828
1.539822
1.335068
1.448015
0.481394
1.520633
2.458878
1.368544
2.807511
1.345829
1.160010
1.620847
3.294027
1.186939
1.403635
0.598470
1.111767
0.967761
1.834872
1.659056
0.763718
1.006315
1.427282
2.039914
1.922508
0.877832
1.101213
1.182357
1.075270
1.716717
0.879543
1.021231
1.481086
0.532579
1.646828
1.529240
2.034512
1.658574
1.654860
1.260109
1.386429
1.466731
1.476155
2.285324
0.857317
1.049950
2.310574
2.236155
1.188501
1.080420
1.209967
0.898449
0.858379
0.997294
1.684499
1.394840
0.856883
1.344651
0.550298
1.031405
1.402772
2.325511
2.284038
1.383461
0.965351
1.671684
2.118663
1.258064
1.055923
1.207325
0.246997
1.186062
0.759119
1.529570
0.880380
0.829394
1.065104
1.506372
1.102432
0.770605
1.079649
2.029298
1.109467
1.335273
1.289729
1.284233
1.480928
0.697882
2.092955
1.479697
1.298421
0.991174
2.502427
0.183616
1.492383
1.257214
1.207590
0.774334
0.157093
2.071100
2.101518
2.565298
2.807852
0.821233
0.955700
2.037060
0.652316
1.030510
0.851528
1.702828
1.228361
2.419089
1.828412
1.024976
1.860291
0.903214
0.423609
0.726550
2.055623
0.891364
1.545617
1.186373
1.417732
0.849410
1.428136
1.179526
2.027624
0.239118
0.515733
0.793140
1.251199
1.252225
0.403605
0.866834
0.854338
1.807843
1.392878
2.178994
1.393830
0.775484
1.376423
2.300589
1.069323
0.789228
0.433003
1.976925
1.495747
0.581861
2.121144
0.832551
0.742322
2.324441
0.952926
1.636723
1.523753
0.594993
0.634248
1.468886
1.142511
0.550231
1.319501
2.346155
0.954214
1.590549
1.243567
1.600478
1.523463
1.745922
1.624905
1.011363
0.856750
1.373489
1.899863
1.060961
0.796628
0.821270
0.868771
2.494045
1.541318
2.260709
1.312535
1.627037
2.432637
0.879836
2.343547
2.115855
3.302779
0.549054
0.855717
0.584015
1.441131
0.958994
2.243991
1.257206
0.261771
0.807163
2.176298
1.124491
1.620768
1.035584
1.033840
1.584831
1.038086
1.065022
1.308929
0.519376
0.386606
0.446754
1.336738
0.913357
0.953087
0.619598
0.711639
0.734726
1.504422
0.978951
1.603733
0.842453
1.144196
1.327103
1.414084
1.739858
0.857900
1.917947
0.927543
2.199581
1.084261
1.232954
1.387705
1.814542
1.957812
1.348588
1.259365
0.718416
1.101450
1.595395
1.519373
1.488138
1.249698
1.766760
1.695186
1.953875
1.010106
0.773762
1.982655
0.516709
0.779465
1.004801
1.852445
1.314895
1.027589
0.585122
1.511703
0.514762
1.949818
0.795738
2.404248
1.042946
1.167894
0.771792
2.358392
1.390878
2.320765
1.469779
1.382338
1.569216
2.183406
0.607386
0.605888
2.554415
0.964762
0.433799
2.820429
0.917001
1.373184
1.696798
0.775339
1.833240
1.809869
0.970853
1.138692
0.913478
1.467558
0.966144
0.787853
0.894203
2.070309
1.269188
1.293650
3.066754
2.263798
0.922741
1.182329
0.760306
0.613489
1.461341
0.777190
1.542466
1.247967
1.764991
2.067719
0.999093
2.296577
1.572535
2.242269
2.444968
1.386036
0.886119
0.956647
2.388286
1.998552
1.819437
1.719715
1.309747
1.869113
0.108551
1.530965
1.173833
1.329682
2.162142
0.444517
0.907143
2.548458
1.510462
0.936446
2.140338
1.008730
0.479971
2.062050
1.958420
1.699866
2.184214
2.251760
1.523554
1.533011
1.500868
1.546331
1.700627
1.761944
1.417210
3.089232
1.908530
1.465971
1.283912
0.822549
1.280248
0.781126
2.662723
0.895370
1.694180
0.894589
1.033346
1.774616
2.503266
1.263634
1.148158
1.583530
1.561099
1.246452
2.813244
1.446389
1.158993
0.906316
1.348144
0.854660
1.490964
0.837035
0.724140
0.419586
1.535866
1.811836
1.776712
1.814281
0.338239
1.210124
2.075462
1.396977
1.423684
0.622254
1.622684
1.091826
0.342234
0.632723
1.582285
1.872601
0.393993
1.670178
1.053549
1.539317
1.226148
0.721620
1.951974
1.360000
2.326375
0.820026
1.942296
3.674775
2.057321
1.361808
2.056989
1.933531
0.973157
2.307254
0.338573
1.313190
1.564232
2.388832
1.252329
0.581251
0.750224
1.151738
1.875050
2.221095
1.221275
0.638236
0.972740
0.303203
1.294958
1.352368
1.587126
1.320045
1.013990
1.352184
2.040753
1.627416
1.451086
1.632069
2.348197
0.474268
1.074278
0.466548
1.615648
2.676549
1.819061
1.210727
2.699189
1.416435
1.270302
0.580803
2.142320
1.141665
1.476064
0.888194
1.143973
0.297989
0.574605
1.651554
2.017760
1.862294
1.580427
1.816192
1.054621
0.981472
0.384768
1.365761
0.957476
1.845469
1.621695
0.885369
1.687554
0.532028
3.289146
1.783173
1.469032
1.569603
1.176720
1.469335
1.882136
1.309717
1.418729
2.050125
2.308385
1.075195
1.157092
1.012517
1.817997
2.232614
1.928602
1.686329
3.027137
1.112937
1.862960
1.066571
1.852564
1.154764
0.439046
0.683143
0.477906
1.262311
1.608108
1.528137
1.878619
1.167306
1.069450
0.481398
1.053184
1.391385
2.684269
0.931327
0.712507
2.134361
1.443971
1.234431
0.892282
0.842159
1.993423
0.899761
0.836624
1.135433
1.105860
0.961413
1.808566
0.896933
2.601026
1.049490
0.964377
0.971401
1.312521
2.219449
1.096264
1.542824
1.410494
1.569008
1.642527
0.844552
1.222267
0.921686
0.778565
1.343612
1.956695
0.695732
0.720699
0.867654
2.711732
1.431319
0.365281
2.893664
1.482095
1.797210
1.755892
1.076299
0.573594
0.582409
1.777318
1.849843
1.031918
0.727950
1.531098
0.650045
0.634930
1.354712
1.260503
1.117952
1.968530
1.481988
1.477466
1.380152
2.211992
0.571351
1.640942
2.866148
1.469105
1.164458
0.637162
2.157079
1.361030
1.601862
1.947762
1.154028
1.015673
0.809688
0.847532
2.142524
2.199123
1.534160
1.161628
1.163617
0.608871
1.196891
1.485679
0.584948
1.708304
0.909647
1.063260
2.157231
1.131936
1.893314
1.864318
1.497586
1.608801
2.182864
2.571456
1.578127
0.758749
0.937831
0.581137
1.362275
2.017264
1.506544
0.587887
1.931488
1.093176
0.217955
1.174613
2.081819
1.655627
1.781183
1.469485
1.642603
1.198617
1.034755
0.909844
1.547116
0.778672
1.111054
1.296424
2.122345
1.320042
1.173931
1.133013
2.279940
0.608965
1.791639
1.557045
1.584488
0.196322
1.337082
0.896767
0.801867
0.663875
1.872303
0.562121
2.892345
1.526804
1.432152
0.684869
0.954436
1.798138
2.097241
0.844488
2.041102
0.450538
1.575170
1.323865
1.753154
1.124029
1.401623
2.094629
1.157284
1.286346
2.278349
1.210011
1.143698
1.361793
1.369767
0.787335
0.847136
1.503784
1.979340
0.995043
1.397775
0.919586
1.433926
1.909141
1.928254
0.848927
1.335194
0.731169
1.723562
0.976540
1.410673
1.271266
1.183160
1.121455
2.130924
0.185244
1.553218
1.318675
0.970205
1.328005
1.233519
0.928878
1.546667
2.390590
0.952868
1.712430
0.927690
1.695791
1.163441
1.792478
0.541098
0.969826
0.411061
0.775456
1.149653
2.533738
1.288076
1.934095
1.270114
1.692197
0.844505
0.657426
1.314612
1.028668
2.333577
1.284921
1.679104
0.671641
1.421176
1.693721
1.217580
2.026669
0.326841
1.066231
1.285640
1.906821
1.409755
1.326072
1.852178
1.180076
0.770298
1.063908
0.690252
1.623065
1.017663
0.689642
1.987292
0.740772
1.415421
0.863398
1.291743
1.273610
0.798761
2.227751
0.638205
2.567180
1.333982
0.363324
0.798532
1.168854
1.419470
0.404279
0.571086
2.189968
0.488079
0.614242
0.398790
1.534835
1.772945
1.243655
1.452763
0.877916
2.247493
0.876358
1.467926
0.567657
0.910247
1.162958
0.584713
1.752309
1.263350
0.475635
1.458183
0.569277
1.269156
1.443804
1.921123
0.644786
0.771062
1.683242
0.444710
1.603044
0.428828
1.435720
1.844323
2.475078
1.087813
0.600634
1.067624
1.464073
1.619108
0.867549
0.626781
2.653589
1.563672
0.675956
0.743339
2.830565
0.976550
0.781446
1.758462
1.221999
1.021200
1.278061
2.149559
1.235067
2.056098
1.160845
1.418039
1.417391
2.262168
2.720040
1.814783
0.458523
1.101431
1.469231
1.964232
1.928706
1.416416
1.283919
1.012225
1.163529
2.634721
1.465934
1.485440
1.745873
2.796416
1.464647
1.584334
1.874150
1.030348
0.644058
1.308977
1.101139
1.118034
1.284638
0.963158
1.327057
0.456724
0.566842
1.311133
1.783255
1.105287
0.531609
2.150294
1.552796
1.308512
1.773509
0.765806
1.098663
1.219115
0.803738
1.090550
2.875738
0.473603
1.787517
2.500912
1.750615
0.761604
1.187976
1.393765
1.255413
1.306498
1.590906
1.494585
1.530849
1.167322
1.097332
0.980958
1.613002
1.333923
1.273364
1.204027
1.710417
0.827968
2.270637
1.252506
0.202993
1.408073
1.442517
1.168521
0.937693
1.823809
1.749205
0.630627
1.031162
1.531556
1.074093
1.306222
1.779076
0.837028
2.177992
0.914080
1.947050
1.100809
1.442810
0.754452
0.945015
0.717477
1.402073
1.496048
0.397291
0.306924
1.668483
0.568292
1.239529
2.303050
1.188744
2.171937
1.485554
1.808389
0.501891
1.798171
2.272610
1.406196
1.277135
0.637586
1.178018
1.384192
2.046173
0.466373
1.290234
0.875518
1.276530
0.878182
1.852526
1.439698
1.214781
1.356492
1.232431
0.582250
1.190037
1.940822
1.210941
1.029602
1.670275
1.490444
1.566523
0.970739
2.163875
1.774138
2.312003
0.684302
1.272994
0.737583
1.329825
1.389434
1.274589
0.702730
2.150736
1.152701
1.576086
1.769289
0.516563
0.701725
1.731617
0.524487
1.157028
0.557383
1.523639
0.608792
2.299935
1.950256
1.272372
1.743337
1.570962
2.342208
2.518464
1.769134
0.622609
2.236413
2.050832
1.644386
0.882769
2.292645
1.389105
1.013647
0.898386
1.622021
1.480358
0.785551
1.469704
1.942396
2.578991
0.638345
0.478113
2.648640
2.272836
1.109183
1.605491
1.633274
1.813200
1.001700
0.355837
0.907430
2.444024
0.604400
0.868914
2.592365
1.942779
2.129889
0.634348
1.174238
1.595256
1.109598
1.201329
1.438556
1.475078
0.485995
0.967843
2.536643
1.688209
0.867663
0.938160
0.882317
0.901537
1.869673
2.184250
0.872603
0.709722
1.723622
1.240544
0.655184
1.101719
0.378315
1.041705
1.261182
0.866501
0.527310
2.236124
1.394126
2.274819
1.739417
2.292507
0.353200
1.482446
0.681218
0.881962
0.876319
2.016325
1.858814
0.515097
0.710703
1.539046
1.996588
1.295276
1.854958
1.261374
1.829661
1.628815
0.245184
0.844421
2.080102
0.801981
2.054210
0.630545
2.030561
1.356142
1.816214
0.681534
0.560584
1.576086
1.326141
1.711078
1.670634
1.096401
0.737019
1.451780
1.131961
1.358469
1.009358
1.199333
1.304693
1.236863
1.893967
1.053977
2.516138
1.463891
0.913058
0.797987
2.263619
1.788592
1.883160
0.834459
0.933340
1.693597
1.715418
1.246462
1.211561
1.298880
0.686804
0.967923
1.583776
2.760236
1.197636
0.869817
1.166175
1.015648
1.358325
1.205416
0.534210
1.942885
1.159367
1.253429
0.516697
1.968533
1.889204
2.042597
1.853400
2.239692
0.576711
1.687181
2.408358
1.069168
1.866775
0.663635
0.817896
1.832395
1.340782
2.202318
1.518550
1.698769
2.088338
0.658056
0.804776
2.477541
0.894823
1.373880
1.657536
1.544424
1.021637
2.402718
1.222740
0.912939
0.842420
1.051922
1.061901
0.882464
1.254707
1.198676
1.098809
1.491988
1.153659
1.227013
2.030356
1.364442
3.564533
0.694671
1.242761
0.968275
2.007254
1.001827
1.342375
1.344079
0.692919
2.090838
0.765712
0.861821
0.660743
1.879772
2.256542
1.799296
1.540299
0.662456
0.966426
0.634016
0.358192
1.529575
1.001492
1.318048
1.234180
1.007526
0.804089
0.804125
0.712698
0.689108
0.359059
2.134702
0.738641
1.657009
2.335743
0.720782
0.814965
1.902367
1.805229
1.848510
1.108042
1.856795
1.371699
1.790133
1.945334
0.414842
1.971416
1.739207
1.253051
1.515245
1.023702
0.705527
1.221693
1.719593
1.261804
0.990112
1.943190
1.051190
0.955146
1.225013
0.294067
1.643461
1.586640
0.990402
1.130661
1.268432
2.149848
2.001420
1.069984
2.071934
0.678264
1.567063
2.075383
0.729375
1.550296
1.578138
1.642520
1.287949
0.573434
1.466010
1.631068
0.996846
1.941283
1.139616
2.940076
2.639660
1.461548
0.752878
1.172853
1.929834
1.101945
2.283579
0.598458
1.678602
1.904582
1.265600
1.044933
1.648194
1.250281
1.236031
1.186591
1.097632
2.862110
0.684466
0.840203
1.308699
1.300084
1.613268
2.247976
1.659412
1.003966
1.238193
1.923364
1.561709
1.284976
1.628341
1.771425
2.094912
1.329688
2.019380
1.612762
0.929633
1.846823
0.999700
1.864887
0.567671
1.300866
1.408070
1.914331
0.852146
1.121251
2.495563
1.468732
1.516988
1.299114
2.219840
0.846159
1.349377
0.608327
0.872624
1.354251
1.993974
0.743414
0.757839
1.689899
1.485181
1.381512
1.716199
1.459003
1.277977
1.913953
1.778063
0.600400
1.654022
1.386199
1.074071
2.261713
2.779575
1.854477
1.318846
1.129671
3.112525
1.448191
1.040252
0.985172
0.737550
1.277633
0.765418
1.015782
2.745939
1.518857
1.468175
2.072564
1.677804
1.066713
1.363475
1.057737
1.739073
0.962873
0.707226
1.913764
0.392315
1.059782
0.215689
1.032865
1.569229
0.630788
0.975227
0.323541
0.172372
1.137673
0.914781
1.846876
0.547394
1.838353
2.291672
1.140802
0.571677
1.271608
1.450216
1.091096
1.235970
1.935923
1.445751
1.206789
1.400898
1.122650
1.438728
1.782561
1.906813
1.799740
0.797144
0.710585
1.580225
1.054405
0.882349
0.690133
1.565353
1.069563
1.308597
1.949595
0.756232
1.470532
1.861283
2.270845
0.175182
1.488816
2.816369
1.850618
1.804026
1.491231
1.811657
1.590982
1.200752
1.910561
2.691609
2.380078
0.768749
3.044488
1.512175
0.983263
0.857872
2.244356
0.493192
1.951193
1.849853
2.288938
1.238724
0.782422
1.510243
1.497535
0.798097
2.101377
1.913354
1.494572
0.337605
1.919794
1.387091
0.926083
1.816470
2.034384
1.068993
2.240162
1.550565
0.796229
1.731993
2.034319
0.483232
1.972744
1.867801
3.063194
1.179395
1.745191
1.551645
0.813754
1.323205
2.268282
0.852821
1.965192
0.800279
0.310640
1.731542
1.785729
1.255089
2.239680
1.484617
1.274719
2.322875
0.987034
0.654927
1.973581
1.111086
0.993433
1.259759
1.606857
1.057728
1.297795
2.016158
2.204710
1.433803
0.981974
0.993760
1.799787
0.969295
1.745772
1.976313
0.387685
1.065916
0.567233
1.578845
1.242128
2.624913
1.987712
1.038177
1.695660
0.997014
1.044632
1.475899
2.649709
0.847758
0.644424
1.297940
1.018453
1.075749
1.188304
1.587492
0.274887
3.156117
1.091782
1.237874
0.834049
1.682460
0.528162
2.731545
0.812170
1.093061
1.041753
0.795095
1.165604
0.830876
2.345373
1.404285
1.560136
1.386255
1.475290
1.108551
0.943862
0.776897
1.262833
0.721660
1.873757
1.144566
1.439144
1.511961
1.624597
1.533070
1.717938
1.805592
2.248581
1.447360
1.331602
0.538489
2.747564
0.523486
1.624425
2.875610
1.826393
1.370757
1.390848
1.578491
0.653609
2.021911
2.046286
1.849656
1.402815
1.866620
0.841495
1.718764
1.478587
0.882898
1.506563
0.740104
1.410981
0.865935
1.046233
2.441921
1.595774
1.017404
0.282388
1.756578
0.929938
1.546353
1.015775
1.421277
1.775877
0.571835
1.506661
0.943461
0.757800
0.609123
1.739677
1.129032
1.185627
1.974175
2.287938
1.561315
2.515922
1.849096
1.597065
0.711030
2.372566
1.181331
0.958988
2.234982
1.896089
1.402376
1.946353
1.951016
0.817993
0.797183
1.214872
1.414718
1.198035
1.933764
1.075141
2.096256
1.572277
2.436900
1.076368
1.200525
1.096182
2.286816
1.001161
1.656961
1.076171
0.823671
0.963071
1.367647
1.108496
1.126771
2.106780
1.168070
0.785587
1.072273
1.540006
1.398105
1.021419
1.883129
1.174454
1.978765
0.434338
1.244646
1.662565
1.805410
1.017955
2.150916
1.392649
0.322264
0.529741
1.336977
0.942011
1.833108
1.440857
3.328534
1.580036
1.080659
2.116345
0.663213
2.305639
1.518598
1.780445
0.715723
1.514677
2.236335
1.898174
1.407794
1.162295
0.898041
1.732829
1.421875
2.023162
2.404581
1.381334
1.728555
1.673766
1.580830
0.974399
1.177462
1.280708
1.905969
1.299783
1.732185
1.380209
0.691245
0.438735
1.532618
0.799319
0.642548
0.736699
0.842188
1.323215
1.805106
1.085440
1.447222
0.558022
1.830483
0.414694
0.786351
1.388990
1.203774
1.639624
2.019311
1.552775
1.590991
2.085861
1.287382
1.083496
0.582752
1.946570
1.252774
1.557331
1.536027
1.844397
0.529508
2.135162
1.388545
2.055691
1.108928
1.347699
0.918749
0.165482
1.426644
0.550268
1.327495
1.128140
0.571183
1.318327
1.265951
0.388981
1.078577
0.968894
1.662244
1.159063
1.179110
2.709166
1.528373
2.346264
0.709793
0.787877
1.244132
1.437026
2.362626
1.001593
0.922315
2.857629
1.184368
0.953105
0.745015
1.454064
0.388914
2.360901
1.300724
2.392054
1.737773
1.073538
1.826552
2.148454
1.140520
1.382102
2.615905
0.902128
2.371400
2.685743
0.887340
1.024326
1.622869
1.122657
0.506240
1.356332
2.552425
1.120917
0.990243
1.664875
1.470042
0.861741
2.637838
0.890043
1.774196
2.044344
1.536676
0.757920
0.829542
1.159080
0.560130
2.083036
1.540562
1.156557
1.219027
1.418868
0.322725
1.534312
1.613242
1.208519
0.687307
1.066400
1.874392
2.406622
1.335526
0.798946
2.131854
1.166939
1.214082
3.093612
0.717078
2.085548
2.300898
1.353695
1.473649
0.992683
0.380590
0.436276
1.458437
1.110229
1.538617
0.928185
1.235836
2.665198
1.182144
1.403195
1.818086
1.876426
0.982808
0.251009
1.955596
1.607809
1.690702
1.747641
0.581021
1.341139
2.380498
1.805260
0.847303
0.846534
0.858956
1.045456
1.070087
2.015400
1.399326
0.881931
2.076475
2.294050
1.059922
0.770302
1.828613
2.092686
0.384593
0.754446
2.389597
1.306059
1.334343
1.590286
1.384862
0.487858
0.636174
0.532088
1.214370
0.870528
1.606488
