2.256713
0.920332
1.241715
1.895125
1.688917
2.135519
0.893312
1.276963
0.617641
0.384527
1.787598
2.076128
1.138088
1.380566
1.129812
1.296767
1.562233
1.078868
1.109782
2.308464
1.369576
1.542879
1.473221
1.495705
1.151673
1.271323
2.305076
3.821353
1.071807
1.581265
0.453057
2.856549
0.963909
0.849866
1.211821
1.679985
1.617553
0.776547
0.912253
2.801412
1.203413
2.593117
1.806114
2.244751
1.100492
0.894112
1.777960
1.465540
0.362863
0.764834
0.893116
1.437322
1.408956
1.153598
2.247159
1.242651
0.811510
0.387116
1.530013
0.753017
1.306912
2.116755
1.177235
1.304700
0.287535
0.707754
1.770503
1.365347
1.607610
1.177688
2.487769
1.384447
1.288205
1.364360
1.205826
1.580277
1.954555
0.837931
2.267793
1.388892
1.683488
0.560091
1.317440
0.812852
2.036256
1.354891
1.692555
0.706806
2.950367
1.224225
1.707618
1.683976
1.784209
1.072163
1.447020
0.865255
1.617277
2.369005
0.697970
1.091442
1.548908
0.950440
0.350605
1.668341
0.426709
2.855328
2.935392
1.654694
1.400586
0.670130
1.437474
2.521468
2.093429
0.624540
1.984716
0.268120
0.873152
1.068222
0.999032
0.849765
0.924807
0.995052
0.786991
0.688210
1.053539
0.661205
1.648602
1.035191
1.094581
0.511859
2.502759
1.114606
0.310175
0.480011
0.350270
1.551147
0.403593
1.017935
1.372665
1.889859
0.635786
2.654831
1.001636
0.707757
1.666920
1.101811
1.331176
1.348173
0.801313
1.297834
1.848443
1.061483
1.218568
2.074855
1.814133
2.353859
1.639601
2.501988
0.785891
0.884633
1.355695
2.082363
1.421735
2.500653
2.450142
0.909732
1.716949
0.893533
1.042139
0.704713
1.371786
1.873447
1.361218
1.290286
0.646802
1.332487
1.680209
1.627003
0.968123
2.288334
0.951899
3.078553
1.419514
1.659474
0.890506
1.529104
0.740313
1.565744
1.161681
0.420318
1.301437
1.241021
0.901807
1.597182
0.670671
1.227693
0.544239
3.269486
0.532866
1.420506
0.829588
0.165352
1.363635
2.122745
2.728586
2.148483
2.910432
1.518695
0.783095
1.437771
1.074348
2.501041
1.184323
2.485287
1.761034
1.824381
1.551404
1.046002
1.774244
1.439179
1.354556
1.204327
1.381074
1.281993
1.184712
1.520490
1.081508
0.945506
1.034078
0.896155
1.238696
0.830637
1.685905
0.843854
1.038836
1.119750
2.030320
1.254885
0.912622
1.276967
0.461121
1.454127
2.379102
1.204704
1.419721
0.921609
0.497435
1.051681
2.794378
2.102643
1.083912
1.685824
1.971736
1.117448
0.728549
2.035653
2.478750
3.422066
1.146876
2.126159
1.041053
0.721233
1.710168
1.010257
1.184970
1.585592
1.461412
0.792441
0.782976
1.637036
0.854676
2.791876
0.765468
3.010663
2.475646
1.960516
0.914679
1.551135
0.917576
1.611420
1.659313
2.128925
0.555875
1.261506
1.772875
1.833117
0.898365
1.299399
1.202416
1.437215
1.134992
1.650124
1.581889
0.673444
1.199408
1.098981
0.633571
0.344869
2.062253
2.204572
2.210945
0.750067
1.042503
1.609255
1.151546
1.479695
2.031478
1.367302
2.385771
1.077424
1.573933
1.391873
1.165137
1.833884
2.552359
2.458819
1.419277
2.470314
2.113019
1.800826
1.431304
2.190333
1.722769
1.116811
1.915486
1.466417
1.876610
1.954708
1.997135
2.514359
1.721262
1.795240
1.018639
1.354756
1.859870
0.530295
1.228123
1.684501
1.492748
2.129541
0.967060
1.370238
1.326398
0.802303
1.826402
0.843425
2.425956
1.120883
1.589874
1.059464
1.877135
1.592374
1.112651
1.422009
0.631203
0.382657
0.286634
2.715601
1.941448
1.538517
1.224331
1.755598
0.439925
1.412156
2.232086
2.859519
1.428237
3.016181
0.940983
0.845420
0.581762
0.765601
1.684406
1.977358
0.269186
0.856976
1.840149
2.430604
0.711752
0.500252
0.735110
1.207272
0.808633
0.697870
1.987846
0.424333
1.333534
1.935640
1.803573
0.606837
0.795156
1.818027
1.282561
0.816083
1.706547
2.759639
1.788997
1.100935
1.846255
1.465746
1.624937
1.808429
1.839861
2.074915
1.089139
1.292832
1.323015
1.430867
1.398982
1.471477
1.467733
1.256868
1.538870
2.006308
2.796970
2.392003
1.297466
2.940707
1.509772
2.370865
1.388377
2.093477
1.749651
0.721565
1.621186
0.296107
3.206930
1.214480
1.009925
2.302425
1.837742
1.171815
1.132401
1.197963
1.756907
2.545158
1.139027
1.661946
1.221892
1.914829
0.544806
1.643822
0.976865
2.184633
2.762497
1.439894
0.736705
1.350234
1.538090
2.038070
0.622639
3.027188
0.505047
1.815591
1.677973
1.534098
1.836065
2.084910
1.462565
0.751823
2.049097
1.257592
1.471182
2.588313
1.249593
1.705995
0.817036
2.741462
1.756819
1.577825
0.820343
2.288950
1.435423
1.245367
1.455734
1.996378
1.506140
1.276921
0.784229
1.582720
3.029515
0.376772
1.681694
2.284689
1.297451
0.673868
1.727601
0.228126
1.341485
1.255100
0.578437
0.830761
2.345525
1.808893
1.322899
0.459357
1.580390
0.833695
1.964185
1.831226
2.027386
2.659600
0.800700
0.394826
0.880624
1.158881
2.194142
1.914468
1.821082
1.364868
1.122308
1.562293
1.852290
1.641530
0.834515
1.126403
1.298331
2.603949
0.921114
1.245207
1.136560
2.148849
0.992367
1.159661
1.814991
1.810267
2.050692
1.325722
0.769776
0.622723
0.692531
1.703300
0.741442
1.570277
2.131712
2.375963
1.239665
2.002785
2.202850
1.033032
1.334057
1.192906
1.023244
1.738597
1.410550
2.342525
1.276576
0.942341
1.051017
1.732388
2.348551
0.643625
0.861623
1.917034
1.018182
3.044217
1.473418
1.595786
1.383315
1.218405
1.185951
1.731756
1.273145
1.473225
1.445450
0.768935
0.529355
0.951191
1.399917
1.992983
1.666513
0.702905
1.963343
0.924671
0.960216
1.575042
1.507250
1.957043
1.143889
2.083863
0.872371
2.018357
1.331376
0.545545
2.241857
0.721973
1.195724
3.575816
1.194175
0.638323
2.578664
1.384911
1.662725
1.674388
0.849996
2.234398
2.317454
1.803809
2.037952
1.949406
1.466423
0.464356
1.554394
1.259639
2.181786
1.444335
2.175965
1.884434
1.240391
0.786610
0.988597
2.512203
0.803425
0.728341
0.460303
1.646941
2.083359
2.508485
1.152377
0.530553
0.784172
1.438563
0.970198
1.866979
0.509002
0.913486
0.324726
1.720040
1.391987
0.777355
1.041791
1.249058
0.716540
1.096388
1.388839
1.535945
2.191150
1.553876
2.003308
0.644650
1.442438
1.121976
2.569243
0.744635
2.478655
0.914225
0.465790
1.729924
0.896718
2.350222
0.181337
1.947390
1.148382
1.460114
1.406097
1.678042
2.205308
1.277255
0.440430
0.908231
1.438674
3.353042
0.403895
1.213680
0.694514
2.479673
0.667515
0.963161
0.587329
1.872350
1.971253
1.274925
1.237119
1.722008
2.334412
0.939451
2.149903
1.345433
1.516817
1.279422
3.678564
1.473504
1.486822
0.790722
1.343093
1.586171
1.221056
1.270371
1.767559
0.921973
1.728608
0.418378
1.725889
1.774540
0.628995
1.755850
2.274528
0.570053
1.481001
2.428657
0.344009
1.289660
0.912097
1.098493
0.770177
3.612696
1.318009
2.338891
1.270804
2.824552
1.391501
1.743966
1.086685
2.626133
0.770097
1.075262
2.174791
1.822547
1.172389
1.674859
0.325630
0.863099
1.827906
1.360414
1.084285
1.688986
0.422042
1.327764
2.464077
2.207836
2.141500
0.757513
1.278019
2.273814
1.209427
0.947142
1.361774
2.064702
0.355459
1.735154
1.395935
2.929545
1.980591
1.056358
1.102080
2.091559
0.498915
0.921598
2.849660
0.301664
2.360166
1.446443
2.587081
1.522719
0.780443
0.865530
1.332790
1.050445
0.412505
1.965523
0.869051
2.140541
1.351688
1.944313
1.689452
0.487455
1.139083
2.019606
1.703092
0.997271
1.088684
1.425183
1.015993
0.444260
1.812353
1.162743
1.059783
0.635737
2.123800
1.385200
3.128219
0.869899
1.695819
1.267781
3.289931
1.018591
1.516003
1.029478
1.203303
2.289255
1.482160
1.326189
1.101946
1.374889
0.950696
1.465662
1.167548
0.282232
0.669648
1.564081
0.807274
0.980116
1.829216
0.862907
1.967717
1.188730
1.504277
1.654917
1.377537
1.270644
1.629841
1.498130
0.822611
1.112236
1.181980
1.326853
1.531349
1.234874
1.467055
1.629975
2.589038
1.087325
1.149428
1.325740
2.009614
1.986086
2.967225
0.469143
1.765831
1.588779
1.256917
1.351164
1.005299
0.928445
0.501434
1.642077
0.906034
0.880698
0.950638
2.369244
3.595247
2.307301
0.890892
2.260076
2.131828
1.422603
1.929118
1.156891
0.298369
4.251158
1.145302
1.125588
1.708731
2.159823
0.547010
1.885265
1.269279
1.508107
1.160684
1.189782
1.453526
2.432678
1.666902
1.841371
0.688625
0.299993
0.311499
1.599118
1.211178
2.145536
1.849921
1.152610
1.586212
1.599416
1.459019
1.370354
1.328508
1.497607
2.656618
1.971257
0.732648
0.762986
1.816041
2.019747
1.864432
1.116310
0.620088
0.863251
1.908655
2.564561
1.123288
1.253409
2.301026
2.219390
3.283541
1.316738
1.356195
1.074476
2.064614
1.318260
1.152414
2.017910
1.659257
0.837961
1.424918
1.392283
0.659567
1.606780
1.929278
1.689664
1.166030
0.647130
2.071716
2.308254
0.863964
1.405711
1.875896
0.485672
1.558079
2.038047
1.534686
1.065033
1.054696
2.287619
1.215056
1.690427
0.869183
1.778880
2.094407
1.563721
1.231468
2.315889
0.699879
2.094538
0.873256
1.453331
0.991616
1.292491
1.287317
2.007768
0.502034
0.477325
2.349772
1.563059
2.262503
1.311870
0.976051
2.056301
1.987419
0.486785
1.099071
1.373702
2.498963
2.056642
1.053550
1.000206
1.729655
0.490606
2.186288
2.153686
0.787988
1.241740
1.051878
0.795118
1.234491
1.190518
0.656486
0.987457
1.331896
1.130088
1.884845
0.970218
1.365314
1.581744
1.008125
1.948049
0.475998
0.970568
1.416156
0.855181
2.198947
1.832599
1.298306
1.209674
0.823967
0.943533
2.331602
1.288783
1.860614
1.671259
1.871590
2.104503
1.828051
1.272973
1.014471
2.070451
0.941425
0.807041
2.387508
1.319004
1.819644
0.737916
1.658024
1.051921
0.927500
1.354541
1.778895
1.062863
0.890095
1.308781
1.637301
1.378615
0.238495
0.763253
1.614320
0.726703
2.720930
0.427978
0.934905
1.508722
2.107762
0.953281
1.667132
1.577462
1.253479
0.918278
1.074567
0.786372
0.448976
0.811972
1.583504
1.561417
1.064105
1.826091
1.090923
2.227457
1.288960
1.324766
0.934754
2.890982
1.688590
2.137884
2.039478
2.597268
3.250661
0.816266
0.983513
1.289351
2.283357
1.068181
0.580402
1.070720
0.700976
1.143433
0.949323
1.673779
1.604535
2.012160
1.458200
1.597279
1.554535
2.216300
2.094741
0.863186
1.513635
1.462569
0.990193
1.587497
0.970469
1.447426
1.552447
1.116516
0.631704
1.090386
1.930599
1.957694
0.682398
1.443343
1.115360
1.959933
1.309554
1.107090
1.667215
1.497233
1.875152
1.545130
1.559877
1.371811
1.504367
1.640301
0.720196
2.861369
1.110306
0.303205
1.581815
0.705271
1.575403
1.732040
0.445278
1.509570
0.644219
2.629644
1.675751
1.491324
1.257556
1.540405
1.136695
3.084122
1.181915
0.711623
1.991741
1.230504
0.965027
2.607445
1.177496
0.839894
2.140813
1.515649
1.887387
1.073421
1.177997
1.100223
1.816395
0.757674
1.250972
2.110597
0.441281
0.788665
2.123940
2.735483
1.973531
0.993904
1.730462
1.933097
0.721472
0.655779
1.787162
0.478710
2.066685
1.064638
1.149022
0.309141
0.778811
1.829573
1.633016
1.151550
0.728168
1.049190
0.800667
1.740689
2.406927
1.940398
1.852109
2.757685
2.221974
1.969214
1.167882
0.877700
1.953084
0.799349
0.944824
3.137604
0.802143
1.416210
1.388067
0.727057
1.312865
1.941247
2.374886
1.188403
0.517114
0.933702
1.165522
2.072655
1.049235
2.119472
1.061631
1.069256
1.048972
1.485111
0.829937
0.546931
1.215412
1.224263
3.035002
1.959794
1.632570
0.487077
1.423917
1.542084
1.735729
0.892306
1.754445
0.742615
0.624055
2.173481
1.570240
0.971299
2.149635
1.679416
1.018909
1.633542
0.803238
1.580185
2.796646
2.563023
2.126461
1.424360
2.301009
0.603051
1.068015
1.219130
1.629966
1.191513
2.483963
1.342638
1.433499
2.542447
2.233666
0.467465
1.348347
0.319453
1.774179
1.571309
1.440556
1.468019
2.183159
1.112843
1.198404
1.080122
1.318928
2.134420
1.084462
0.951110
1.380004
1.080247
1.154167
1.394603
2.418565
1.315791
2.646635
1.541728
1.596218
1.360642
1.135091
1.824568
1.483973
0.604019
1.111777
2.205656
0.833900
2.343196
1.111770
1.733403
1.872505
1.064242
1.275552
1.775275
1.275669
0.739805
1.214099
1.465355
0.481302
1.156792
1.539436
1.116427
2.920790
1.382460
1.430604
1.428645
1.184335
1.132707
2.323438
1.469164
1.739506
1.084872
0.233951
0.898034
0.537040
1.308847
0.874132
0.924661
0.749778
0.952299
1.715217
2.066744
1.436526
1.869164
1.901015
0.865775
2.876404
2.409371
1.793968
1.962048
0.470730
1.700609
1.040672
1.420954
0.646802
1.409228
1.015345
1.502570
1.614259
0.768260
1.641303
1.794040
1.073295
1.703388
1.042334
1.915075
0.708951
1.113231
1.263567
1.368086
0.954497
2.157411
1.019984
1.365168
1.379249
1.648821
1.308495
0.370969
1.156013
1.116427
1.621807
2.347035
1.100701
1.928958
0.871462
2.198179
2.212942
1.429617
0.687767
2.272033
0.827926
2.042150
1.330124
1.294538
0.541834
1.388036
1.025984
0.814975
1.259268
1.425043
1.750126
1.708531
1.723211
1.245486
1.197300
2.258482
1.450872
1.732983
1.087139
2.301463
1.258885
0.741926
0.734367
1.698552
0.906698
1.620089
1.960639
2.328786
1.390165
1.988304
2.768018
1.137973
0.943132
0.861736
0.834467
1.131527
1.396186
0.726983
0.679431
0.483521
1.951738
0.655142
1.247684
0.703596
2.444058
2.580540
2.289180
1.993699
2.342381
0.431938
1.435675
1.675197
2.614601
1.830381
1.654937
0.843150
0.808555
1.634661
1.724695
0.964381
0.290099
1.487416
1.564364
1.501607
1.600938
1.790161
1.191478
3.098489
0.594735
1.588985
1.261775
1.521151
1.644642
1.042239
1.094367
0.915599
0.860506
1.452089
2.100934
1.904585
1.269093
0.877631
2.245553
1.693118
1.475130
2.776492
1.342470
1.876035
1.407678
1.427812
0.828929
1.417735
1.234869
0.963558
0.898616
1.638947
1.315593
1.462967
1.439268
2.610818
1.667043
1.096728
1.201931
1.566244
1.881774
1.058521
1.720824
1.347755
1.885165
1.939343
0.959313
1.874473
1.371038
0.857701
3.670122
1.712784
0.673657
1.649986
0.458523
1.335466
2.246812
1.600425
1.099649
2.161683
1.676638
1.483895
2.933903
0.883493
1.827753
1.310044
1.715501
0.524414
3.495688
1.317811
2.004966
0.449953
2.389812
1.579552
2.220752
0.693092
1.773619
1.463233
1.285481
1.513127
0.945856
0.879147
0.798605
0.730745
1.536618
1.687068
2.260984
1.277494
0.783158
0.703167
0.765387
1.738360
1.093393
1.130496
2.175628
1.737103
2.471119
0.217679
1.882255
1.193498
1.444175
3.688533
0.544528
0.740499
1.397954
2.447250
1.289949
1.608221
0.932544
1.094793
1.760573
1.447522
2.319070
2.075426
1.034123
0.683354
1.756706
0.708676
1.359485
0.253798
2.581679
0.307354
2.828722
1.429078
1.179574
1.915454
1.435318
1.301530
1.611181
2.018028
2.476276
1.390819
0.581227
1.127527
0.778851
1.284426
1.286449
1.573509
0.753194
1.094156
1.032267
2.086241
1.391462
2.798654
0.684099
1.352348
1.590436
0.943159
1.421631
1.022883
1.939301
0.813317
1.741605
1.899419
1.533805
1.306408
1.178370
2.027496
1.219632
2.029193
2.780376
1.645428
1.282841
2.143435
1.127493
1.558988
2.021898
0.962723
1.982379
1.403759
1.631396
1.474185
1.066271
1.639316
2.133909
1.362214
1.769440
1.613582
2.142262
1.937265
0.557123
1.229133
1.397173
1.564637
1.913116
2.020078
1.580740
3.027590
1.797743
1.335251
2.296747
2.392913
1.271041
1.715335
0.567329
1.543791
1.673163
2.205292
1.333224
2.003056
2.017900
1.484997
0.679455
2.220107
1.782749
2.697655
0.901693
1.298651
1.181995
1.065185
1.529032
1.715972
1.229504
0.482083
1.423110
1.215899
0.865969
1.669571
2.144604
0.934060
1.958352
0.609619
1.229223
0.922446
2.117617
3.117985
1.082173
1.753389
1.018226
0.888056
1.752530
1.374966
1.717317
1.735611
1.121786
0.854362
1.594046
2.669712
0.279571
2.098291
1.613730
1.718207
2.164135
1.471765
1.009460
1.461982
1.897515
1.518246
1.500798
1.300727
1.342278
1.157468
0.845034
0.567531
1.166751
1.100196
0.474477
1.011924
0.981214
0.327265
1.837957
1.783746
0.982264
0.774197
2.840779
1.424262
1.292155
2.842486
1.315724
2.209692
1.612788
1.371177
1.176766
1.714502
0.540764
2.683657
2.463531
1.700161
0.449554
2.041127
1.814336
1.582390
1.486652
1.060256
1.309180
0.929529
2.311885
0.713953
2.397965
1.133160
1.830326
1.608402
0.532796
2.897489
1.629258
1.454479
1.080420
0.871307
3.029990
1.511821
0.517298
1.801555
0.749070
1.741649
2.009562
1.191808
1.113812
0.985687
2.056158
1.448849
0.841958
2.537559
1.512320
2.278696
2.110840
1.857876
2.261105
0.305238
1.461608
0.913642
1.659078
1.873125
2.606626
0.429956
0.735664
1.659734
1.639681
0.235480
1.957743
0.937323
1.826255
1.937780
0.496093
2.672334
1.292729
1.317027
1.370800
0.919199
2.553126
2.212999
1.206487
1.826322
0.835175
1.699427
1.150207
1.587625
1.097555
0.783480
2.012217
1.787887
0.609468
1.506350
1.813784
1.999639
1.768402
0.640012
1.882894
3.233300
1.549077
1.619640
1.446432
0.719775
1.181137
1.194086
2.115354
1.586894
2.699966
0.784316
0.427009
1.403086
1.569548
1.322453
2.026706
2.163982
2.991124
1.335466
1.804520
0.715051
1.025819
1.559997
1.245356
1.216025
2.213867
3.841250
1.121647
1.106180
1.131919
1.395760
1.953891
2.363010
1.273022
1.774103
0.815457
1.179499
2.895005
1.760700
0.933567
0.413551
0.618044
1.727313
2.051334
0.639252
1.043180
2.660027
2.007816
2.037970
1.859129
2.069340
1.684052
2.797852
2.105195
1.424421
1.725955
1.938955
1.452735
0.983219
2.993520
0.666137
1.874081
1.570721
1.259281
1.115134
1.409761
1.112639
2.009005
0.773098
1.360250
1.782565
2.432112
1.241765
1.707342
2.050079
1.204976
1.606804
0.799007
1.587720
1.435680
1.214383
1.285362
0.986171
2.038489
1.931683
1.759032
1.746811
1.539527
1.989138
1.848719
1.285400
1.119291
1.225440
1.635387
1.355190
1.476416
1.245246
1.071196
1.933554
1.742493
0.700237
0.975377
0.395327
0.574127
1.621058
0.965028
1.559939
0.977825
2.369532
1.853382
1.549437
1.289536
1.970038
0.883745
2.093326
1.648680
0.696362
1.440036
1.570633
1.162634
2.018551
1.500505
1.461612
0.858444
1.149420
1.350874
1.431756
1.493688
1.404947
2.195049
2.380863
1.319764
2.022002
1.656447
0.605220
0.439201
2.365624
0.535729
1.968288
0.493546
0.662892
1.273388
2.119079
1.093849
2.300204
1.874565
1.198174
1.805571
0.401282
2.397876
0.827357
0.531206
1.461969
1.123005
3.300657
1.490224
0.661257
2.043575
1.051293
0.897666
1.040047
1.758849
1.426113
0.521781
2.398397
0.938018
0.593460
1.986729
2.072494
1.340625
1.344441
1.485784
1.266445
1.242398
2.080150
1.820444
1.108606
1.333192
2.751431
1.164043
1.080312
1.813426
1.043469
1.359217
1.136566
0.912823
0.608038
0.766411
1.411141
2.203723
1.979638
1.607546
0.602247
2.965265
2.560680
1.791784
0.381588
1.418151
0.677770
2.014397
1.429747
0.831396
1.108538
1.167617
1.125303
1.719432
1.556885
1.572444
0.365866
1.277690
2.091513
0.920904
0.901828
0.217398
1.868190
2.073377
1.873946
0.774711
1.675456
2.751991
1.085377
0.522408
0.558773
2.450584
1.264406
1.254850
1.248092
1.359117
1.436135
1.678023
1.001840
1.542236
2.292324
1.107080
1.114237
1.672705
1.289270
0.776142
1.063416
0.916638
2.283002
1.311214
1.188485
1.425333
1.828921
0.943501
2.021584
1.745446
2.329142
1.979064
0.426221
2.103480
2.054267
1.497378
0.720303
1.016411
0.353523
1.554300
0.427024
2.434978
2.046710
2.505532
1.618395
0.483674
1.247232
1.669020
2.194520
1.595857
0.768580
2.057660
1.091122
1.379191
0.963498
1.682752
2.738120
1.339184
1.636519
1.555539
2.386615
1.576549
1.123138
2.282856
1.434290
0.972139
2.063103
1.344990
2.254077
0.421398
2.186787
2.253636
0.392263
1.011830
2.142973
1.689202
1.845618
0.790574
0.793975
1.836298
1.211928
0.914932
2.369442
0.908338
2.377801
1.571586
2.095956
0.782596
1.025378
1.199052
0.495011
1.561301
1.266098
1.142884
1.571607
1.760355
2.122511
1.087341
2.183911
2.850407
1.255811
1.141155
1.163782
2.649174
1.405546
2.561937
2.933872
0.944371
1.229322
1.613130
1.411428
2.604156
0.830545
1.517158
2.132986
0.754704
1.453018
1.328243
0.754708
1.276230
1.172820
1.350791
1.749455
1.154219
1.918175
3.140580
0.935471
1.221308
1.784905
1.310104
1.673727
1.502184
1.997630
0.840882
1.936171
2.316318
0.943343
1.223723
3.231813
0.711889
1.137465
2.030805
1.036199
1.540332
0.504985
1.215347
2.600017
1.541557
2.850983
0.649135
0.840731
1.438536
1.242149
1.523690
1.364768
1.299578
1.766290
2.404817
0.934513
1.334654
1.502812
0.544213
1.205240
1.523506
0.913366
1.208478
0.637398
0.343844
0.755300
2.076363
2.345687
1.893318
1.584594
2.207627
1.021887
0.871687
1.309319
1.254087
2.428785
1.951306
2.082313
0.987543
1.999489
1.936186
2.320812
1.125975
1.416041
1.458418
1.768943
0.673921
2.104303
1.785552
0.131370
1.154475
2.116471
2.305032
1.371230
1.128720
1.177002
1.561302
1.293627
1.319543
1.500536
0.663768
2.498293
1.678685
1.550387
2.627297
1.422461
1.265284
1.978685
1.217968
1.085344
1.194741
2.105715
0.853059
2.936750
0.815300
1.972274
1.303469
0.945625
0.911701
2.031025
1.165847
0.839418
1.464306
1.714149
1.755608
2.705410
1.435801
0.483575
1.185691
1.411011
1.444804
1.215890
0.948020
1.677317
2.267105
1.593654
1.911840
1.971697
2.558642
0.835962
0.486732
1.253905
1.331718
2.023572
1.730907
0.976694
2.741043
0.953425
1.248385
2.648411
1.972364
0.648741
2.003230
1.369250
1.279962
1.607592
1.746499
0.184832
1.434678
1.577660
2.730588
0.789507
1.231474
1.987211
1.164526
1.320311
2.123399
0.785302
2.366447
0.801614
0.966712
1.894416
1.950490
2.485230
1.285457
1.580509
1.413050
1.469937
2.016337
1.779752
2.629358
2.446656
0.888831
2.676002
0.695949
1.990465
0.812782
0.946675
1.412462
1.778309
1.447397
1.507584
1.557853
1.212910
1.842491
0.961096
1.707312
0.492563
1.078048
0.895266
1.758655
1.310461
1.620345
1.474942
0.838786
1.926760
0.686538
0.435428
1.202378
1.239956
0.952220
1.538497
2.706095
0.648122
0.923233
1.396865
2.098554
0.719756
1.974905
1.696620
2.009799
1.283233
1.994241
0.183444
2.397580
1.324677
1.398544
1.328029
2.289897
1.844117
1.171288
1.956499
0.986061
1.308655
1.699380
0.419741
1.877892
0.908140
1.774228
1.383175
1.329142
2.192435
1.049834
0.637230
0.440872
1.118184
1.530169
1.552024
1.231999
1.088664
0.806535
1.501433
2.112796
2.155285
1.282781
2.034599
1.048941
1.035285
1.653928
1.735486
0.832976
1.491927
1.335756
0.877143
0.316345
2.289833
2.028159
0.366388
1.103863
2.593728
1.389753
1.229779
2.048582
1.794199
0.639789
1.184832
1.679189
2.299810
0.828522
0.690644
2.984622
0.625368
1.297158
1.627665
0.519704
2.586163
2.137578
2.463388
0.775633
0.833132
0.438422
1.343208
1.639970
0.372531
2.180028
1.392773
1.987096
1.383503
0.830588
0.457410
0.669429
1.070551
1.989116
2.175216
2.147068
1.796272
2.454955
0.800662
1.094436
0.775955
1.588220
1.290933
1.633958
0.888475
2.154816
0.883789
2.686811
2.098563
1.384966
1.826570
2.185351
0.645444
1.920645
1.583846
1.515836
1.722372
2.194676
1.409732
0.939290
1.308756
0.928651
1.487792
3.165392
1.651824
2.468808
1.543050
1.555880
1.730447
1.614779
2.129121
0.564369
0.914742
1.412232
1.107964
0.957750
0.467820
1.115381
1.052123
1.564062
0.675722
1.403856
0.941392
2.222840
1.204906
1.510491
0.414894
0.683726
1.392335
2.174872
1.587703
2.835222
1.541387
1.322730
1.527266
1.186568
1.572168
1.398556
1.623215
1.152265
0.516855
1.180866
1.944327
0.780155
1.882542
0.640945
1.481678
1.688080
1.334607
1.725592
1.915603
1.265653
1.973146
0.787795
1.713578
0.853573
0.740035
0.775847
2.117505
1.879518
2.054666
1.523790
0.647721
1.099839
1.050254
1.093428
2.859202
0.782300
1.220054
0.811393
1.094604
1.577760
0.609889
1.741293
1.446980
1.357357
0.778081
1.673119
1.508430
0.940380
0.880341
1.386154
1.563397
1.136310
1.586140
1.085701
1.708045
1.367498
1.694407
1.572070
0.827030
1.500932
1.237769
1.757656
1.331538
2.283336
1.443826
1.546872
2.118567
1.407683
2.282366
1.679809
0.908748
0.653485
1.283270
1.632250
1.196761
1.266144
1.068262
1.760458
1.479799
1.900573
1.391870
3.040444
0.742297
0.865006
0.880591
1.163056
0.836889
2.052091
1.311598
0.528691
1.019584
0.828725
0.578018
1.632776
0.980484
1.166898
1.337713
1.488279
0.664832
1.007980
1.840219
1.568374
2.195497
1.854619
2.078775
0.760811
1.046191
2.688405
1.070625
2.004650
1.530967
1.555997
1.962791
1.589864
2.300501
1.126562
2.180143
1.235297
0.450852
1.026994
1.270248
2.194214
2.952427
0.208696
0.874045
0.471997
1.423280
1.606271
0.527739
2.001661
3.219484
1.704478
1.491637
1.298718
1.774981
2.015716
0.831486
0.943432
1.509706
1.105006
1.392898
1.757093
2.038836
1.357146
2.510712
1.501692
1.709772
1.958146
1.315233
1.538209
1.878961
0.506324
2.335808
0.371556
2.286469
2.162443
2.153457
1.208047
0.831484
0.991985
1.003980
0.841498
1.381033
0.634563
1.273953
0.186569
2.397666
1.602384
1.172548
0.826875
1.319195
0.904173
1.868975
1.279916
1.408502
0.348678
1.541644
1.155196
0.649340
0.531221
2.065635
0.833268
0.333147
1.956781
1.505562
0.158489
1.824229
1.852239
0.957720
1.341916
2.001877
1.625281
1.880929
1.433867
1.693411
1.550235
1.711332
2.007397
2.719474
1.060124
2.343200
0.952603
1.131365
0.955248
3.502062
1.320870
1.628367
1.878364
0.650060
0.967348
2.439537
1.876686
0.813114
1.105381
0.861019
0.809620
1.556503
1.079688
3.255844
2.824347
1.404978
0.329685
0.721903
1.349163
1.612626
2.441081
2.418619
1.636684
1.144699
1.162180
1.745365
1.159208
1.387377
3.083305
1.018835
1.762294
1.906831
1.324415
1.725645
1.448159
1.035940
1.220755
0.737970
2.648687
1.655724
1.394968
1.657685
0.438545
1.616628
2.060024
0.464342
2.052733
1.215469
1.631356
3.421002
0.609210
0.806829
0.779717
1.455205
1.252922
0.681384
0.939761
1.242764
1.497847
1.905944
1.049486
1.276546
1.997781
1.128548
1.191703
1.583735
0.652559
1.931108
3.007333
1.499079
0.704946
1.431680
1.550078
1.590028
1.371005
1.435946
1.070752
2.029659
1.197220
1.746689
0.772489
0.965077
0.502760
0.552885
0.742870
0.670111
1.377981
1.182491
0.531401
1.709380
1.076201
2.043086
1.221319
0.981852
2.007452
1.183189
0.963315
2.493941
1.613695
1.191376
1.612350
0.929611
0.829551
2.206203
2.849778
0.811194
1.231170
1.545150
3.284031
1.719081
1.492361
1.272466
0.326357
0.921946
1.668233
0.777943
0.965552
1.159501
0.959003
1.962649
0.883943
2.168370
1.326260
2.209628
2.078717
0.823358
2.232273
2.326765
2.042681
1.114092
0.950413
1.785939
1.759438
1.059230
0.714744
1.595047
2.138515
1.818897
1.759984
2.284122
1.815792
2.577564
1.560987
1.329150
0.730751
1.954414
1.276802
0.970301
2.208164
1.960709
1.770906
1.849521
0.988492
2.912401
1.273318
0.519827
1.050204
0.441781
1.138613
1.011572
1.472942
0.698566
1.745349
1.551000
3.202020
0.494755
1.502167
1.283220
1.717882
2.322639
1.692015
2.807910
1.597761
0.850858
1.216452
1.247910
0.531610
1.266044
0.813160
0.850137
1.321100
0.454832
0.794791
0.721018
1.103972
1.085888
1.580813
0.568445
0.797411
3.023956
0.814964
1.251510
0.756617
1.803733
2.465227
2.045126
1.372712
3.291817
0.492916
1.457921
1.564291
0.621923
1.176430
1.010487
2.001669
2.085558
1.488827
1.528943
1.226966
1.151412
1.666087
1.505576
0.837565
2.102505
1.020432
1.063249
1.565265
1.607822
2.286315
1.315146
1.625736
1.465962
1.712858
1.140759
0.793961
2.109069
0.968930
1.247979
1.232932
0.945788
2.047672
1.463358
0.765641
1.985709
1.639340
1.314277
0.752732
1.438420
1.117683
1.737275
1.088272
1.029176
1.746748
0.817942
1.780524
0.884113
1.091664
1.770820
1.497381
0.946733
3.060947
1.927881
0.971171
0.299241
2.380938
1.284189
1.426112
2.088349
1.470584
0.437518
1.224952
2.022681
0.608996
1.274285
2.495339
0.803403
1.068315
1.412535
0.802903
1.763285
1.012574
1.464985
1.337685
2.170036
1.557923
1.506919
0.849543
1.128503
2.459280
1.587000
1.275352
1.725362
1.746384
1.202286
2.264081
1.135067
1.135540
0.893470
1.287378
0.862526
1.799302
1.297446
0.963684
1.383996
1.123405
1.614524
1.453737
2.201823
1.588729
1.041502
2.344703
0.817591
1.310974
0.570423
0.583270
0.693344
1.345713
1.791491
0.921081
1.461994
0.493255
2.394946
3.255619
1.107550
1.496838
1.540183
0.614753
1.040414
2.603400
2.749533
1.469530
1.513002
2.449543
0.942488
1.030010
1.123229
2.023228
1.765124
1.708763
1.113925
1.760625
0.935177
0.936468
0.820438
1.403951
1.944424
1.241547
0.986915
1.837030
0.965277
1.733975
1.726362
0.896906
2.759961
1.540921
0.987056
2.029914
1.226069
1.915272
0.531695
1.738579
2.635217
2.305736
2.606871
1.448883
1.034505
2.423960
0.931620
1.777169
0.811658
1.100877
0.497964
0.880722
0.825607
1.314209
1.299227
1.519497
1.129669
1.323731
1.324957
1.843005
1.809211
0.267382
2.131661
0.717160
1.955438
1.278337
1.145231
2.720015
0.936830
2.137840
1.205891
2.235879
1.348930
0.695463
0.581746
1.192367
1.592085
0.950609
1.023794
0.940302
1.400026
0.915468
1.141234
1.886648
1.550449
1.638783
1.863230
1.562191
1.392171
1.224524
1.748173
0.170330
1.231402
1.488255
0.998976
0.804265
0.758588
1.689843
1.196355
1.116888
3.229230
0.624933
1.048724
0.931484
3.028465
1.394140
2.116421
1.749973
1.529806
1.216316
1.869471
1.311073
2.098807
1.008347
1.522933
1.176130
1.661476
1.255023
3.422202
1.039228
1.628083
1.915360
1.146300
1.615895
1.919584
1.689649
1.177312
0.752173
1.300990
1.947635
1.606364
1.166912
2.172932
0.805544
0.710571
2.003825
1.194771
1.121799
2.566966
1.086435
1.620570
0.797228
2.552274
1.140103
1.302468
1.957819
0.886453
1.424425
1.478586
1.061577
1.641049
1.837435
0.636137
1.259482
1.371360
1.131378
2.138242
1.556225
1.930975
1.468423
2.422500
1.342290
2.341422
1.594194
1.911886
0.961249
1.581111
1.603427
1.170395
0.678878
0.898965
1.495537
0.886277
0.571182
2.879472
1.682045
0.661862
0.885542
1.401501
0.946945
1.647662
2.032567
2.047280
0.227708
2.014755
0.687319
1.689202
1.800891
1.605592
2.905805
1.635740
0.556528
1.086766
1.337278
2.881324
1.796597
1.677955
0.591968
1.215792
1.983958
0.802360
2.117740
2.451198
0.736246
2.241408
1.682556
1.488129
1.349074
1.191549
1.144484
1.041475
0.132410
1.656580
2.694127
1.761486
0.282218
1.279845
0.785938
1.602937
0.618761
2.287714
1.905553
0.567795
1.216320
0.716630
1.713696
0.913795
1.062110
2.661275
0.979884
0.518224
1.674619
1.682209
1.917238
1.469788
2.247363
1.219107
1.428237
0.914855
1.210653
1.719395
1.751264
1.843336
1.141757
1.823348
2.619919
2.732564
1.811002
1.290234
0.986658
1.768830
1.085960
2.103156
1.037164
1.179698
1.519105
0.958243
1.078212
2.163139
1.846738
1.311594
2.385866
1.099516
1.088358
2.125291
1.335777
1.810774
2.338695
0.515442
0.668945
0.831950
0.920559
1.509550
2.721406
1.017326
1.600894
1.277857
1.282988
0.502965
0.883263
1.821357
1.210059
2.275708
1.434180
1.386700
2.144070
1.770205
2.480037
1.482026
0.704628
2.266746
1.751070
1.011479
1.308733
1.224057
0.583285
0.754186
1.224557
0.882459
1.836207
1.722937
0.388511
1.155860
0.642626
1.272260
1.429310
0.521692
1.268051
2.176189
1.490863
1.796974
0.901903
1.288783
0.295493
2.448569
1.349840
0.980248
0.835810
1.281360
0.472872
1.176449
1.430056
0.649466
1.405921
2.834723
1.575760
1.162713
0.374702
1.374526
1.042828
1.481588
1.529882
1.026397
1.225882
1.648296
1.687917
1.023459
0.172128
1.596919
2.226479
2.188916
1.450841
3.192023
1.841862
2.128800
0.284484
2.116943
0.803927
1.158835
2.371212
1.328599
1.870791
2.323103
1.936257
0.909187
1.161771
2.024164
0.761015
1.510459
1.636617
0.668414
1.149872
2.082638
1.105943
0.939318
1.417859
3.189916
1.472902
0.989447
1.861483
2.304745
1.259438
1.997127
0.736043
3.410778
2.332053
0.665181
1.512228
1.246648
1.175977
1.018762
1.355975
1.897986
1.351947
2.043921
2.071032
1.463253
1.307057
1.493704
1.085404
0.580725
0.418622
1.309278
1.118636
0.395585
1.158990
0.582941
0.980931
1.017952
0.631735
1.124540
1.814883
1.594304
1.254282
0.810201
1.427088
1.941027
1.720109
1.565225
1.143672
3.557616
1.580631
2.626372
1.082964
0.803887
1.055955
1.514421
1.431673
1.318134
1.230932
1.922200
1.483242
0.991256
0.184702
2.150209
3.066033
1.836317
0.962384
1.954547
0.559699
0.983850
1.186793
1.992970
1.383351
1.604578
1.546416
1.702381
1.642395
0.856369
2.354282
0.888828
2.981172
1.332082
0.787571
1.152733
1.635527
0.333444
0.861436
1.576346
1.683173
0.893453
1.028148
2.095939
1.902274
1.197048
1.117683
0.470463
0.596338
0.815796
2.310377
1.569257
2.186571
1.610560
1.943888
1.868808
1.305684
2.347056
1.474464
2.442286
1.054740
2.274940
1.087383
1.640347
1.117364
1.158690
1.209104
0.968258
2.132416
0.821904
1.215255
1.665449
2.070584
1.787010
2.319072
0.902073
1.829473
1.203963
1.202046
3.011080
1.574486
1.950581
0.816446
1.058146
1.492652
1.003308
2.556167
1.083098
1.804895
0.354241
2.176290
1.532515
1.797738
0.724974
0.687821
2.434812
1.896830
0.616313
2.530037
1.843040
1.523421
1.236668
2.292510
0.808217
3.048989
1.206970
2.037285
0.998408
1.210189
2.039541
1.310211
1.639575
0.752864
0.878661
1.065469
0.621853
1.000181
1.945533
2.361858
1.255712
1.908102
1.149842
2.239479
1.487139
0.531430
0.841397
1.064011
1.936335
1.091412
1.409004
0.603485
2.743459
1.327920
0.888233
1.689698
0.532679
1.367231
2.349048
0.704701
1.529508
1.425972
1.706905
0.828715
1.311179
0.969034
1.221356
0.854317
0.505030
1.427520
0.679590
1.974063
1.352301
1.001553
0.910042
1.224002
0.664211
1.459704
1.205495
2.293213
1.403563
1.449178
1.450946
0.627628
0.653268
1.512598
3.042283
0.922256
0.957323
1.574070
1.496250
1.178176
0.638833
1.598990
2.183946
1.833522
2.071604
2.545503
1.655352
1.380630
1.798656
0.659058
0.868529
1.267767
1.568802
0.535603
0.995255
1.337768
0.914406
1.590260
1.488606
1.018749
1.492339
1.531765
1.101964
1.560508
0.492202
1.888748
1.138657
0.746771
2.071785
1.708964
1.324357
0.921197
1.884123
1.028171
0.669629
2.566723
1.674812
1.851450
0.988357
1.248898
1.176926
0.529583
1.347142
0.432445
1.115943
1.626153
1.200450
0.996397
1.038620
1.157751
2.072933
2.635823
0.670328
1.634731
2.179502
1.547089
1.539729
1.589808
0.631630
2.217912
0.692964
1.405453
2.273412
1.822946
1.368551
0.957383
1.192173
1.513311
1.068090
0.719994
0.860600
0.799208
0.911114
0.663645
0.218097
0.770217
0.600642
1.492328
2.261912
0.378789
0.893118
1.332705
1.035160
1.998392
2.265452
0.767916
2.915998
1.601937
2.215139
2.524076
2.938617
2.750063
0.567237
1.051890
1.310684
1.537534
0.873873
2.732123
0.850731
2.986385
1.700192
3.102497
2.605487
1.668695
2.249668
2.125124
1.879943
1.544428
1.253853
1.144003
0.950610
0.446875
0.423013
0.832941
1.025346
2.310687
1.658285
2.228979
1.060269
0.378053
1.188549
2.341758
0.799789
3.088310
1.568494
2.412111
2.076281
1.016503
2.631456
1.254201
2.541523
2.095597
1.551775
2.181684
1.523902
1.067634
0.961651
1.753041
2.208861
0.836880
1.617155
2.205111
1.464630
1.624508
0.766190
2.046038
2.471313
2.387854
0.343176
0.804983
1.665565
1.110524
1.131831
0.939997
2.159195
1.543665
1.870758
0.593794
1.409002
1.932290
2.073939
0.910630
1.108908
1.398352
1.248560
1.098695
2.258585
2.083693
1.185118
2.178274
2.557117
1.876680
1.728989
2.428907
1.330660
1.260679
1.020745
1.674410
2.989832
1.054295
0.965393
2.531441
2.385883
2.034132
1.701713
1.935065
1.397078
0.828800
1.661165
2.285252
1.827731
2.415047
1.234981
0.901779
2.539860
0.972452
1.186908
0.776199
1.671574
0.392906
1.768952
3.149219
2.022559
1.197359
0.879451
2.417642
1.764310
1.978076
2.013150
1.188743
1.757725
1.273576
1.735360
1.472797
1.210423
2.627883
2.522640
1.711957
0.820311
1.527950
2.704384
1.318850
1.009011
1.482394
1.060534
2.058242
1.409104
1.289552
2.540920
1.889130
1.222713
1.066807
2.171819
2.080081
2.047219
1.691188
1.500619
2.467676
1.703475
2.138881
0.776629
0.790742
1.322714
0.547329
1.026700
1.646837
3.671860
2.616490
0.990432
0.336792
0.638621
0.418394
1.117565
0.707551
1.567325
1.422887
0.448269
1.426191
1.005935
1.634625
0.891720
0.521916
1.612259
1.838188
2.532445
1.217542
1.851510
1.764588
2.020065
2.335186
1.990932
1.817266
1.911679
1.086626
2.637575
1.087283
0.754936
0.695860
2.208019
1.531360
1.293975
1.222269
0.923954
2.184519
0.811034
1.118705
0.709772
0.959645
1.513618
2.215692
1.351383
1.111963
1.027150
0.884468
1.968592
0.739865
1.790487
2.056335
0.545149
0.808418
1.338773
1.216001
1.425349
1.522598
1.511768
0.682638
1.109805
1.349304
0.566450
0.250773
1.833996
1.625482
2.767642
1.446250
1.411138
2.205442
1.694940
1.124701
1.904876
0.917951
2.672233
2.090810
1.618964
1.916270
2.338356
0.785160
1.999180
0.901946
3.082673
1.100863
0.815511
1.771108
1.889417
1.206831
1.449906
1.658022
0.958834
0.815910
1.160541
2.239340
1.289962
1.299307
0.557374
3.378049
1.827127
0.471207
0.891739
2.021310
0.966164
1.005175
0.430960
1.273434
0.579593
1.761503
1.526581
1.018018
0.942555
1.339183
1.774200
1.099957
0.997770
1.399824
1.958146
0.883843
1.726874
1.133300
1.544992
2.169460
2.222081
2.186156
1.726895
1.370075
2.358456
0.938058
1.172000
0.935651
2.959185
1.661127
1.238557
1.687669
1.524792
1.066141
1.155022
1.927431
1.097647
3.179499
0.424388
1.333363
3.178616
2.431369
1.328411
3.049643
2.796561
1.212912
2.010150
0.871277
0.284946
2.920030
1.617022
1.603985
2.323250
1.479675
1.153385
1.217591
1.548217
1.312877
1.028607
1.460955
1.531005
2.578417
1.703065
1.705275
2.500464
1.473203
0.921554
1.347547
0.859785
1.983592
0.671487
2.943792
1.402151
1.601204
0.641269
1.536788
1.465738
1.483820
1.024009
1.514140
1.928961
1.239253
1.554345
1.377836
2.168381
0.080387
1.005261
1.373305
2.373227
1.865892
2.058339
1.036413
0.770125
0.888678
2.241940
0.790905
0.741139
0.847405
1.014143
1.344328
0.987062
1.499806
2.134224
1.311979
0.653177
1.668902
1.254636
2.156819
1.739350
1.332705
2.425921
2.044449
2.963628
1.130631
1.816804
1.045625
0.565430
1.230338
1.619055
2.051089
0.638175
2.338375
1.069538
1.268316
0.921607
1.637677
1.743091
1.263523
2.163681
1.970108
1.418596
0.653701
1.825881
2.342952
2.007343
0.402161
2.452836
2.007105
1.281501
1.156910
1.930127
1.035996
1.748755
2.524878
0.594545
1.266700
1.840894
1.969125
0.687002
1.683366
1.296040
2.538701
2.040331
1.494198
1.370189
2.184311
0.723036
1.403405
1.619900
0.943277
1.497390
0.364290
1.282052
0.343030
1.394858
0.621114
1.119725
2.131346
1.603545
1.515684
1.188224
1.096990
1.839308
0.650538
1.284097
0.609174
1.206744
2.108562
0.833454
1.849287
1.993304
2.253919
1.519419
0.942450
0.897046
1.131850
0.924061
2.231168
1.427849
0.877013
1.082326
1.676071
0.767641
3.025409
1.523698
1.906718
2.190442
1.216573
0.794956
2.141902
0.774692
0.995767
1.364788
1.035105
2.465808
1.674010
1.463641
2.771110
1.722745
1.783717
1.345548
2.665215
2.502772
1.512778
0.268480
1.285782
1.098904
1.270514
0.673555
0.868662
4.106485
3.082867
1.194685
1.611849
2.210262
1.532151
2.756290
1.522212
1.887545
0.623897
1.450959
1.734815
2.049873
2.118011
2.645456
1.317780
2.080548
1.808121
2.995056
3.007262
1.215426
1.295199
2.243028
0.930562
1.140463
0.932177
1.328057
3.479357
2.216612
1.646228
1.328852
1.419443
0.674783
1.329266
0.614690
0.544303
0.829261
1.157269
0.751837
1.538355
1.108177
3.318137
2.546113
1.753917
1.492037
1.653040
1.367968
1.560387
1.409583
1.960282
2.105810
1.845224
0.621942
1.104166
2.783586
0.769244
1.270920
1.733179
0.459056
2.123810
1.671061
0.946214
1.324064
0.677172
1.022847
0.662760
1.931711
1.727850
0.836289
1.868859
1.109885
1.018922
0.304264
1.547525
1.647863
1.275258
1.596124
1.737245
1.873442
0.713602
1.489690
1.508620
1.839321
2.188985
0.775146
0.581837
1.833464
3.038094
2.772679
2.590437
1.220538
0.372417
2.733951
0.697245
1.577538
0.995193
1.673554
1.295947
1.570355
0.782281
1.312072
1.005270
2.837418
1.616665
1.303001
0.670755
1.109220
1.279906
0.358899
0.809213
2.287182
3.511763
2.083259
0.685317
1.232664
1.572723
1.988497
0.821014
0.802641
1.606833
0.763332
1.715937
1.430746
2.072882
1.318857
2.255333
1.871954
1.812381
0.562241
2.765004
2.254136
2.123790
1.173398
1.573215
0.890138
1.971579
1.003555
1.612941
2.478876
1.803638
1.903371
1.935958
2.368844
1.372949
1.161587
1.986656
0.760853
2.531113
2.207346
2.009717
1.659743
2.479339
1.220266
1.357602
1.494486
0.775938
0.990265
1.514889
2.575919
1.253552
1.337891
2.789492
0.392683
0.928306
1.854360
1.331103
1.337688
2.065066
1.239517
1.631722
0.655377
0.217741
0.509124
1.724712
2.169293
1.880317
1.901353
0.593687
2.650649
0.863119
2.209082
1.592924
1.068814
2.190184
2.210976
1.316610
2.166561
1.744719
0.876634
2.333195
1.864697
1.587496
0.960174
1.696312
0.677378
1.061285
3.315459
1.003906
0.856665
1.662057
1.606532
0.916666
1.745574
1.183153
1.679181
1.620259
1.405028
2.648581
1.390519
2.241265
0.780211
1.382625
1.429981
1.133133
0.409420
1.482653
2.030047
1.588117
0.433708
3.270303
0.454580
2.805882
1.227774
1.002586
1.264465
1.356052
2.084018
1.875195
2.518231
1.271952
1.992619
0.780433
1.294105
0.918985
0.796777
1.673299
1.363204
1.603147
0.838254
1.680841
0.997630
2.411930
1.307561
1.942079
2.562244
2.176859
1.333214
2.445426
1.351920
1.311724
1.048966
1.206256
0.860278
1.275976
2.578390
1.654911
1.676741
1.538890
0.943625
2.088263
0.708054
2.256102
2.103987
1.359300
2.333861
0.309780
0.765268
1.537919
1.821555
0.889715
0.637785
1.657160
2.299271
1.094976
1.754620
1.850243
1.625378
0.667113
1.813446
2.093388
0.657480
2.262610
1.379957
0.354214
1.844254
1.219862
1.125217
2.085617
0.908399
2.189537
1.295819
0.638686
0.914255
1.692474
1.442564
1.419555
1.276152
0.998519
1.764582
1.385689
1.268707
1.884004
1.506103
1.950495
2.428421
1.193860
0.348101
2.305493
2.475288
0.705553
2.564265
1.264887
1.134086
1.196126
1.648449
0.755109
0.984628
1.453568
0.593031
2.005995
1.799780
0.712285
0.326105
1.175969
0.983343
1.226020
1.010227
2.051275
1.810560
1.676024
0.377389
1.239482
1.222957
0.975431
0.918801
1.414730
2.196117
1.430985
2.019557
0.853093
1.088714
1.775866
1.884472
1.334744
1.135056
1.797570
1.038451
1.886730
1.582041
0.937207
2.659988
0.946091
1.968619
1.284089
0.954626
1.228670
0.451144
1.264986
3.260696
1.346045
1.534187
2.666562
1.410323
2.212969
1.877811
2.180302
1.214378
1.259210
2.083507
0.853503
0.789921
1.510480
0.553253
2.659556
2.395509
0.598850
0.836840
2.307708
2.427041
1.772775
1.756644
1.185244
1.795846
1.605129
2.607454
1.294463
0.751802
0.894979
1.684458
0.406134
0.565526
2.993177
2.796830
1.640331
0.972042
1.610057
1.092250
0.850430
2.462036
3.193174
0.666906
0.463915
1.517682
1.802406
1.660782
0.399555
2.028090
1.286128
2.541302
1.713442
0.967051
1.430578
1.632885
2.283942
1.260915
2.520936
1.684662
2.560422
0.792910
1.143861
1.366957
1.099629
1.199034
1.309566
3.220889
1.783173
1.661317
1.777857
0.820197
0.844114
2.464209
2.403199
0.859980
2.702420
1.881374
1.881251
1.664839
1.086409
1.639504
1.267527
0.976597
1.504490
1.276418
1.177994
1.220281
2.687579
3.019198
1.370328
1.916997
1.259201
1.212295
1.156872
2.462850
1.350210
1.300206
0.817125
0.317225
1.096996
0.727449
0.812172
1.466620
0.955828
1.873303
0.961283
1.927909
3.394239
2.176195
1.131763
0.540144
0.885441
1.677817
1.492795
1.780095
1.264814
2.196223
2.126063
0.905483
2.014987
2.118412
1.916139
1.064592
1.606104
2.041445
0.702244
0.806074
1.245793
1.846016
1.275952
0.812910
1.412798
1.549865
0.600900
1.385917
0.858606
0.996554
0.875743
2.104334
2.052844
1.606281
1.413866
2.568382
0.792361
1.757127
1.667895
2.187563
2.244996
2.791264
2.931419
1.822396
2.729289
2.091329
1.599770
0.744070
2.150131
1.361870
2.567329
1.411721
0.854749
1.506491
1.643923
1.640857
1.088280
0.765275
1.571930
1.290035
1.053616
1.273670
0.612359
1.249814
1.656144
3.053375
0.842538
0.920876
2.391361
1.108800
1.341281
1.455085
1.830842
2.822079
1.803335
1.687759
1.407509
1.491097
0.780432
1.138690
0.674200
2.140218
0.576416
1.153249
1.222128
1.017894
1.678303
0.743110
1.943205
0.900942
1.379722
1.866030
2.541938
1.022144
2.156624
2.239293
0.419347
1.140965
2.866671
1.884834
1.692602
1.269675
1.255582
1.408611
2.161461
0.595962
1.037185
0.761925
1.828458
0.924587
1.657950
1.491189
1.611106
1.032269
1.197488
1.039660
1.728223
1.342563
1.877434
1.747529
1.526022
0.997689
1.307535
2.001762
1.232999
1.036186
1.088416
2.434740
0.825503
0.744087
1.032950
1.365476
0.687759
0.877636
1.868802
2.465625
1.360349
1.009763
1.026639
2.044924
1.140317
2.042446
1.537397
0.793007
1.150069
1.707013
1.124719
1.839747
1.746575
1.963410
0.609359
1.555911
1.047169
1.924200
0.823903
1.661623
2.588990
2.470384
1.571517
1.020342
0.989995
1.158796
0.619186
1.465980
1.706335
1.281136
2.202336
2.643349
2.413867
0.779394
0.784268
2.288642
1.952730
1.896805
0.900655
1.712600
1.698687
0.476669
0.665572
0.889427
0.515438
1.047000
1.073771
1.320194
2.674083
2.195626
1.467444
1.904743
0.827574
1.566622
1.798876
1.547108
1.846625
1.636620
1.014910
0.937840
1.486792
0.765181
1.353700
1.254172
0.973652
0.572026
1.038805
1.941221
2.426209
2.426402
1.068248
1.348510
1.281607
1.407979
1.297865
2.242877
1.644309
2.507067
1.377158
1.983334
1.879701
1.391801
1.415470
1.105333
2.627416
0.726746
1.060879
2.236229
1.200939
0.796520
2.429227
1.505337
1.477567
1.469968
0.586377
1.840460
1.413365
1.774166
0.891143
2.618303
0.802161
1.998138
1.206072
3.045539
0.504527
1.995565
1.278379
1.046703
0.712193
1.464098
1.229572
1.583159
1.287380
1.316067
1.163136
0.770783
1.445175
0.778757
1.120227
0.867939
1.597511
1.312846
2.533209
0.512866
2.758832
1.035954
1.270396
1.893230
1.661675
1.813674
1.788366
2.806720
0.704784
1.087846
1.388741
1.100125
1.079264
3.113899
2.870752
1.228124
1.503322
1.753606
1.886981
1.518875
1.846440
2.379854
0.922509
1.701669
1.070998
1.386660
0.971074
1.459287
1.023779
1.520766
0.849129
2.684212
1.189172
1.522071
1.284253
1.458212
2.821674
1.172174
2.023912
2.302994
1.945782
0.299620
3.111884
1.357343
1.553486
1.955870
1.494550
1.681046
2.025320
0.921082
0.734376
1.535603
0.813239
0.957508
1.630557
0.550978
1.107911
2.569118
2.067123
2.123103
1.540668
1.041542
0.892189
1.314363
1.595423
2.447554
1.593273
1.832658
1.001591
0.878984
1.684452
1.240649
1.803091
2.265217
1.278117
0.742521
1.809277
2.483647
2.168291
0.988808
2.420992
1.569846
1.502227
3.197288
2.497304
1.219558
2.135656
2.625662
1.065279
2.217823
1.052632
1.431728
1.909493
1.492834
2.801372
1.001221
2.968660
1.534254
1.532537
1.334665
0.436688
2.091019
1.588656
0.968361
1.346208
1.362778
2.211253
1.630082
1.595123
1.196673
3.272641
2.226904
1.612841
1.142778
0.606609
1.136899
0.731073
1.730028
2.281093
1.683794
1.482658
1.294401
0.761864
1.199405
0.877050
1.428069
0.952657
1.415277
0.829543
1.351614
0.553794
1.469491
1.051852
1.164554
0.603213
1.206080
0.715448
1.993894
0.667974
2.332716
2.037851
2.514721
1.905708
1.398978
1.205136
1.807654
1.768859
1.647396
2.670992
1.968663
0.892571
1.509660
1.299814
1.770232
2.116478
1.466112
1.021865
1.704063
1.339461
1.309506
1.649333
1.371430
1.795185
1.329347
1.151665
1.089696
2.221184
1.646411
2.379781
1.062709
1.708814
1.976167
1.170410
1.038758
0.812626
1.019705
1.564062
1.943076
1.280594
0.854934
1.665746
0.747337
1.578160
1.451717
1.434435
1.602626
2.762722
2.337409
2.286870
0.584244
0.773014
0.320020
1.640305
2.853479
0.385162
1.687159
1.374767
1.154464
0.651658
1.920133
0.725992
1.134163
1.975423
1.651591
1.432576
0.747896
1.521595
1.853038
1.740130
1.544405
1.749473
0.516600
1.123377
1.997636
1.863594
1.946464
1.378921
1.423217
3.037012
1.188783
3.116317
0.695359
1.010140
1.030682
1.638005
1.180572
1.594155
0.663636
1.665737
1.257733
1.830615
0.923622
1.126503
0.468922
2.247602
1.090189
2.742790
2.171734
0.947726
0.827267
0.503272
0.804107
1.053038
0.970284
0.672381
1.177934
1.260637
1.193724
0.692826
1.042719
2.106183
0.476201
1.575409
2.500408
0.469906
0.631423
1.368788
2.018263
1.108334
1.555661
0.985483
0.705451
0.970789
1.052336
2.014734
2.099567
0.377674
1.729546
2.427344
2.116814
0.949955
2.462492
1.803249
1.727009
1.798656
1.780131
1.133772
1.789413
0.863759
0.233698
1.944993
1.153299
0.667196
1.277007
1.388899
1.103395
1.309964
1.481598
0.787996
1.182153
1.450127
0.887525
1.291391
1.520783
1.624036
0.424094
0.997102
0.701233
0.561591
0.653622
1.220670
1.533504
1.514816
1.186611
2.254469
2.906256
2.143944
1.515340
1.170953
1.494292
1.356146
1.269499
2.941654
0.974910
1.937135
1.362485
1.089665
2.135134
2.284885
0.481138
2.662409
1.514150
1.194038
1.871994
1.600870
1.360615
1.499339
2.214959
1.939366
1.452947
0.796337
1.379821
1.398173
2.067341
0.582667
1.074499
2.857346
1.685048
1.446168
1.584213
1.804044
2.834593
2.146194
1.600888
1.901563
2.595838
1.235419
2.187373
1.976943
1.348640
1.624105
0.441561
1.823037
1.447816
0.984270
0.994040
1.190587
1.395187
2.115785
3.081397
1.414259
1.327669
0.458335
1.432246
0.504483
0.909327
1.354028
1.276004
1.979479
0.837861
2.054628
1.695525
0.352875
0.836009
0.574833
0.954930
1.481680
1.850587
2.386027
0.683907
1.504109
0.304201
3.377918
1.375711
1.084313
0.931086
1.011470
0.696983
0.186726
1.221970
1.634302
1.030475
2.600018
1.786885
0.422013
2.423230
1.126412
1.817475
1.475556
2.029649
1.566290
1.410032
1.463453
1.318090
1.526434
1.329995
1.878726
1.764984
1.343592
0.999090
1.387615
1.282297
1.404497
2.518200
1.805523
1.384875
1.609408
1.501540
0.664466
2.160042
1.279998
1.522823
0.464928
1.073318
1.556380
1.298229
2.085150
0.851249
1.265575
1.406113
0.866119
1.483312
2.531845
1.268793
1.536405
1.810499
1.618939
2.446199
1.674339
0.805791
2.443261
0.962322
1.213695
1.037506
1.544561
2.073662
1.056405
1.118621
1.053681
2.715187
0.897934
1.576512
2.536315
1.082212
0.814958
1.464838
0.843112
0.577803
1.396705
2.025148
0.766584
0.830695
1.062991
1.819442
1.190534
1.632839
1.845283
2.587374
2.178618
0.782783
1.107908
2.414750
0.436566
2.116821
1.871722
0.648402
1.892971
1.479179
2.033806
1.352240
1.546854
1.674832
2.250790
0.489544
1.857790
1.679370
2.514795
0.855230
1.078170
1.095374
1.492656
2.314042
1.379972
1.090598
2.773003
2.245635
0.723402
1.485902
1.890244
1.047544
1.468750
2.081581
1.302759
1.531515
1.513488
3.143208
1.180242
1.427112
0.641775
1.577553
2.002596
2.162433
1.477928
1.735069
1.072603
1.976282
1.126276
1.772419
2.107881
0.731930
1.777074
1.320276
1.456414
2.009142
2.211775
2.208775
0.986132
1.161143
1.167816
0.724255
2.537844
1.475949
0.942066
0.985773
0.462859
2.579630
1.095068
1.821956
1.455528
1.817294
1.037325
2.260181
0.940726
1.895449
1.751422
2.655170
0.961204
1.880487
2.505800
1.456623
1.846119
0.853369
2.214820
1.959532
1.318854
0.921586
1.219339
1.354298
2.868947
1.503184
1.069615
1.646594
1.326993
1.831252
0.410022
1.796276
1.299842
0.805014
1.303708
1.005948
1.353355
1.499834
3.176425
1.513949
0.567353
0.901695
1.496454
2.498962
1.384086
1.193968
0.909952
2.105827
1.019390
1.538274
2.279464
3.017861
1.621431
0.709249
1.210193
0.482303
1.472477
1.983233
1.299922
1.543499
3.037197
0.988205
1.470347
0.686406
0.835350
1.513524
0.873191
2.368938
2.950287
2.926909
1.598736
1.394141
2.595839
2.386625
0.829877
1.829468
2.382479
1.284045
1.573567
2.567502
2.000157
1.642289
1.204707
1.369244
1.424941
1.152122
1.541115
2.909991
1.729739
2.843014
1.176492
0.849033
1.250121
0.484980
0.904941
1.395166
1.330554
0.483031
1.000566
3.339898
1.217475
1.602398
1.459384
2.700687
2.088631
1.192346
1.434178
1.001135
1.664830
0.999625
0.824833
2.613912
1.568534
1.571074
0.708537
1.218333
1.097612
2.082901
1.136920
2.461578
2.390058
1.647822
1.499697
1.521461
2.150748
1.446044
1.274168
2.320055
1.892264
2.294223
0.419384
0.880099
2.048585
2.159263
2.130811
1.128859
0.861867
1.445898
2.010911
2.231371
1.763328
0.830324
1.272043
1.297729
1.096983
1.472844
1.255733
2.724040
1.750364
0.864855
1.230630
1.065028
1.311059
1.135022
2.646988
1.019820
1.627156
1.371442
1.426106
1.829938
0.999964
1.027370
1.076052
0.621653
1.025551
0.643335
0.683579
0.821111
0.990706
0.274541
2.943660
2.784778
2.136081
2.812633
1.961948
3.014841
1.255503
2.312663
1.778060
1.145281
0.933175
1.711928
1.287735
1.507134
2.834346
1.075318
1.245043
0.989171
1.506426
1.948986
1.772010
1.017235
1.935350
0.790424
1.290127
1.610051
2.567457
0.676519
0.863869
2.433058
2.769043
1.654579
2.619965
1.134255
1.868835
0.955646
0.553219
1.144725
2.736321
0.307119
0.512724
2.353738
1.137394
1.380172
0.720742
1.388157
1.551823
0.955808
1.158199
2.345666
0.609790
0.970616
0.352501
0.593716
2.455369
1.660500
1.672081
1.340034
1.738391
1.928951
1.988451
0.941161
0.836657
0.681155
0.960221
1.486939
0.881164
1.499763
0.813388
2.010683
1.558531
1.410295
1.141131
0.624604
1.225079
0.764186
1.731893
2.724698
1.189859
1.066412
0.380577
0.494626
1.693360
1.042116
1.073564
0.204849
0.886507
1.791609
1.661274
1.310676
1.809650
2.230662
1.354880
1.982802
0.600530
0.437973
0.972148
0.904670
1.931648
1.482934
1.032425
1.475066
2.432252
1.341272
2.667628
1.004809
0.464444
1.210726
1.035978
1.556338
0.865089
1.279224
1.479346
1.290807
2.056136
2.088033
0.624513
1.801958
2.435028
1.555490
1.483316
1.587993
1.395843
1.394054
1.751156
1.250755
2.115144
0.549394
1.182705
1.164633
1.909945
0.468945
1.888258
1.130561
1.756042
1.027259
2.517900
1.689717
0.969311
2.388334
2.299331
2.808414
1.011181
1.415501
1.304297
1.293248
1.776387
2.174154
0.678157
1.715647
0.738103
0.839528
1.068358
2.113933
1.055482
1.554294
0.519053
2.132216
0.822567
1.037148
1.754534
0.362326
1.383832
2.244130
2.120850
2.216452
2.337379
2.115695
1.731842
1.723102
1.130139
0.905345
1.414642
2.477061
0.852741
0.964945
2.837200
2.187180
0.533178
1.266868
2.310199
1.933898
1.738805
1.485985
1.011368
1.835045
0.834793
1.240226
1.009725
1.475933
1.249548
1.506174
0.755899
1.809244
1.561586
0.336037
1.226239
0.902809
1.202560
0.108050
1.014481
1.291235
1.852556
1.823675
1.522033
2.206993
1.130721
1.407845
2.698661
1.129091
2.115322
1.343696
0.774313
1.048321
1.056774
1.052542
0.931655
1.824799
1.498170
1.905644
0.926397
0.422663
0.944515
0.979766
2.997620
0.630486
1.137618
0.593299
1.062453
1.105494
2.457266
1.286702
2.377209
0.871953
0.722948
2.392996
1.380217
0.827083
1.443182
1.523125
1.944910
1.465082
0.876091
2.424878
1.452750
1.316287
0.711362
1.801133
1.079739
1.642894
2.698893
2.036598
1.458838
1.925115
1.464662
1.324842
1.472387
1.356802
1.147332
1.849350
1.822033
1.740275
1.080140
1.942856
1.060828
1.697956
0.702565
0.974180
0.985475
1.190274
2.177920
1.946737
1.450096
2.014710
0.992602
2.057372
1.482257
1.228891
1.647078
0.718873
1.139101
0.947573
1.895027
1.180611
0.802589
0.983656
1.070165
1.579693
1.699673
0.332111
1.436037
1.389032
2.364134
1.087315
2.298304
2.237874
2.018158
1.606745
1.538518
1.118756
2.708628
0.734651
0.844158
1.597738
1.839342
2.458001
2.417532
1.949956
0.971977
0.463353
1.803637
2.947447
0.883170
1.296682
0.302101
1.445326
0.923696
1.712500
1.388578
1.331651
1.063689
0.751260
1.817596
1.966216
1.351874
1.418936
1.786122
1.109698
2.832442
1.198317
1.584226
2.349779
0.586079
1.556686
0.484995
1.197205
1.503005
1.518480
1.581126
1.326063
0.830187
1.294659
0.950618
1.730122
0.436819
0.759271
2.250197
1.881516
1.132563
0.991600
1.732512
2.333229
1.134758
2.096048
1.500065
1.731031
2.024877
2.111948
1.224782
0.758741
1.196906
1.636768
1.555477
0.517026
1.445165
0.521510
1.304880
1.915550
1.858227
1.237823
0.223800
1.696813
1.854300
1.066905
0.923135
1.524684
2.010383
0.943933
0.670298
0.658479
0.492258
0.610910
2.709520
2.306269
1.887819
1.859866
2.566422
2.172093
0.864839
1.913572
1.073988
1.508185
0.928509
0.382749
1.224377
1.871979
0.888604
1.273386
1.874203
0.674365
2.340703
1.787569
2.063864
0.266029
0.784794
0.686749
2.554017
0.766806
1.406106
1.020838
0.363856
0.981377
0.580716
1.238334
1.585567
1.309234
1.832448
2.459088
3.018349
2.676931
1.286194
1.255221
1.317900
0.950584
1.243313
1.411001
1.881954
1.489943
0.791534
1.711973
2.528510
1.642216
1.788891
1.621946
0.223018
0.806444
1.987548
1.381045
1.011555
2.101514
1.238955
1.630358
1.057669
2.274865
3.240559
2.096936
1.446242
2.234605
0.831340
1.990628
1.402222
0.930437
0.558113
1.971198
2.067541
1.093555
2.086043
1.563552
0.709391
1.703382
1.760703
1.036472
1.290238
1.609593
1.411455
0.777477
1.481224
0.474710
1.358881
0.970734
0.795616
1.792877
1.074562
1.051049
1.975432
1.882402
1.197409
0.990300
1.052764
1.359099
1.750876
2.078087
0.753203
1.300217
0.757032
1.566072
1.444783
1.478216
0.658860
1.853066
1.395172
2.138168
1.193216
1.630833
0.508511
1.517619
0.930732
3.053532
1.414850
1.356388
1.559898
2.158345
1.791219
2.657215
1.843418
1.360362
0.910571
1.038872
1.418560
0.361785
1.241393
1.603264
1.578992
0.467089
2.282834
0.837116
0.600481
0.836869
0.797048
0.397225
0.597145
1.473660
1.204402
1.472786
1.156881
1.452571
1.626539
1.274767
0.875500
2.562627
2.590240
1.562397
2.505885
1.264007
2.162406
0.745334
2.421437
1.323822
0.571083
0.839438
1.628536
3.308153
1.388438
1.991992
1.258048
2.570771
1.975207
0.768270
2.313493
0.991204
0.366103
0.680419
2.411459
0.500250
0.894658
1.457868
2.068071
1.685688
0.896366
0.825247
1.265520
0.946890
0.164686
1.798913
0.751095
0.350334
1.427669
1.820429
2.932158
2.153245
1.072438
1.705210
3.378604
1.497632
2.500669
0.471554
1.953209
1.464123
2.115840
1.332185
1.959691
2.655754
2.050636
0.556156
1.141439
1.521782
2.223017
1.824321
1.493052
0.651189
0.944074
0.588717
1.746182
0.982607
0.787118
1.809480
1.893109
1.998241
1.234557
1.078773
1.013771
2.004372
1.605736
2.807687
1.691997
0.956435
2.207159
0.289717
1.439337
2.488038
1.269756
1.973584
1.857919
2.228885
0.954050
2.705242
0.880132
0.991988
1.807102
1.646083
0.601127
0.967005
2.669299
0.995303
1.110533
1.133657
1.630439
1.958836
1.043749
1.088130
1.909486
1.809481
2.184011
1.084364
0.854121
1.450882
1.667432
0.895717
1.344918
1.464880
2.837164
1.277467
2.223737
1.569187
1.814757
1.700331
0.665786
2.254056
1.417330
1.568086
2.332624
1.422126
0.888142
1.188635
0.636901
0.399172
1.898103
1.824692
2.102458
0.830214
0.874111
0.920915
2.054909
2.503284
1.506200
1.451346
1.151939
1.359566
0.886142
1.912622
1.114722
2.256640
1.562391
1.768083
0.954388
0.733904
1.722199
0.329856
1.274351
2.868932
1.319818
1.153303
1.492699
2.227174
2.615504
2.087692
1.901040
1.927438
1.425037
2.309812
1.381322
1.260871
0.939353
2.474082
1.372295
1.048937
1.379524
1.029311
1.797439
1.214178
2.343243
0.651300
1.884693
1.600565
1.133605
1.012352
1.135631
2.789835
1.859191
2.404009
4.017518
2.244359
1.827835
0.847233
1.762026
1.348865
1.014492
0.631838
0.909293
1.174498
2.165011
0.139138
1.278529
0.897608
1.855986
2.940052
2.366551
2.650553
1.228849
0.960572
1.355304
0.894142
1.539965
1.374464
2.132142
0.600202
1.425809
2.396187
0.993060
0.958999
2.349991
1.737280
0.577629
2.453120
1.522229
1.446915
1.660747
2.053849
0.892763
1.042061
0.840034
0.568529
0.735641
2.287573
1.436702
1.691726
1.885370
1.486844
1.416635
2.207519
0.334553
0.996975
0.933786
0.550905
1.408743
1.268701
1.838190
1.317398
1.310105
2.531913
1.326460
0.791265
0.773318
2.668811
1.513700
1.461432
0.769633
0.732290
0.502520
1.754971
2.083949
2.971840
1.153150
1.613149
1.398065
2.365289
2.091206
1.281176
1.106769
2.193797
2.557505
0.579372
1.783244
2.540206
1.951827
2.131898
1.137323
0.795498
1.434627
0.986062
1.416581
1.427891
2.272717
1.449218
1.417582
0.553254
2.068404
3.306921
0.983383
1.709437
2.563098
1.051109
2.313900
2.584811
1.142123
1.394265
0.871102
1.227713
0.782109
3.280269
2.105568
1.050140
1.521723
1.198342
1.316512
2.203582
1.065213
0.614510
0.936266
2.586620
1.911348
1.709909
0.963559
1.397451
1.809204
2.108935
1.341740
2.355985
1.234061
0.682188
0.431200
0.886505
1.254820
1.747696
0.731199
1.282235
1.256929
2.189795
1.837816
1.434599
1.397616
2.602051
2.259156
1.114049
1.927262
1.457724
1.195117
2.070824
2.089648
1.930504
1.609253
2.893532
1.232846
2.803771
1.484746
2.396913
1.638075
0.431936
2.267356
1.672785
1.846394
0.682136
3.129969
2.218151
1.792516
1.716571
2.050495
2.158929
1.766273
0.986455
2.261301
1.611134
1.095430
2.255213
1.189682
1.891059
1.936526
0.878198
1.087659
2.668334
1.215652
1.170086
1.202629
0.873324
2.157334
1.337978
1.668708
3.445569
2.880045
1.745062
0.936708
1.747403
0.685269
1.526637
1.058258
0.565358
1.018864
1.426418
0.881666
1.344639
1.652263
1.889051
0.816836
1.219963
3.079286
0.742961
1.746357
0.607032
1.172798
2.053529
0.777027
1.793283
2.514124
1.327011
0.524836
0.387749
2.008766
2.655629
1.668361
1.561929
2.448751
1.644689
1.377670
1.287754
2.672428
1.381677
1.447631
0.632331
2.016507
2.020875
1.218437
1.607719
1.280416
2.698865
0.559134
0.971234
0.957954
2.540945
2.082269
0.448878
1.388796
1.170897
1.196124
1.249525
1.183790
1.168025
1.158944
2.191503
1.792059
2.158880
0.859047
1.604608
2.177066
1.399752
1.305439
1.301693
0.636792
1.867753
2.681703
1.548767
1.322231
1.681544
2.236442
1.102979
0.976719
2.247687
1.617747
0.979433
1.866740
1.992152
2.695318
1.186519
0.827227
2.044034
0.995370
1.076398
1.427414
0.798586
1.185372
2.613419
0.820028
0.952840
0.752244
1.891058
1.712014
1.536199
3.245941
0.634113
1.451732
0.932991
1.758138
1.368414
1.646652
0.880633
1.028551
0.823973
1.292550
1.183446
2.829552
1.347209
2.420801
1.027086
2.716748
1.860726
1.246475
3.849328
0.838940
0.966499
0.690685
1.006989
1.954932
1.315164
1.371707
1.560343
1.564027
1.038097
1.590480
0.668613
1.880701
1.188030
2.342861
0.429786
2.138920
1.559802
1.647259
0.861440
1.610303
1.082183
1.709525
0.847569
1.457169
1.696168
1.261632
1.063773
1.089112
1.491561
1.597616
2.000811
1.450291
1.791597
1.740850
1.773516
1.575961
2.223805
2.942493
0.883806
0.992133
1.159039
1.618275
1.469251
1.061732
2.399528
0.868680
1.053026
0.907704
3.094010
0.794991
1.263185
0.752935
2.994888
0.800656
2.350758
2.333946
1.932045
1.422551
1.368557
0.770748
0.925379
3.230274
1.165671
2.289503
1.051697
0.778368
0.453797
0.912066
0.763339
1.365272
0.980685
2.232858
2.329039
1.648919
2.045285
1.137133
1.407102
1.895098
0.539786
1.763635
1.231386
1.277931
0.677918
1.516211
1.545326
1.377196
2.200693
1.915599
1.440607
3.476438
1.154806
0.800837
1.660654
1.492448
1.699953
0.155749
1.892829
1.515428
2.406344
1.958980
0.581275
2.236500
1.808890
1.290992
0.614409
1.090375
1.290228
0.654693
2.861978
1.112671
1.380889
2.257001
0.582487
0.952834
2.027054
2.527381
1.420924
2.167154
1.943140
1.298458
1.720444
1.099554
2.710940
1.726237
1.274346
0.802547
1.694330
1.614688
1.328965
1.393857
1.907042
1.636693
0.562280
2.360350
2.073452
2.998262
1.187523
1.755667
1.766651
0.621987
1.778083
1.540655
2.043626
1.401364
1.934747
1.165840
1.276425
1.985652
1.446343
2.325109
2.859043
0.364083
0.498740
1.076853
1.539616
1.358355
1.841856
1.190395
1.005716
1.465819
1.612237
0.618481
1.756589
1.691379
2.348024
0.726256
2.694071
1.883403
1.333885
2.181322
2.561107
1.295848
0.950203
1.187727
2.133118
1.018766
0.622315
1.359216
1.837522
1.722561
2.070882
1.338358
0.660288
1.802672
0.733001
1.561270
2.387659
1.899451
0.987065
2.727334
2.135044
1.351940
0.696968
2.626703
0.902659
1.474475
0.488005
1.087271
0.273616
1.248752
2.223919
1.341071
1.625938
2.519558
1.373076
1.340434
2.359195
0.679995
1.403078
1.841049
1.727966
1.872782
1.216775
1.251002
1.777290
1.074874
1.466034
1.277924
2.526361
0.802327
2.515851
0.770646
1.377558
1.310242
0.773014
1.478824
1.085017
1.655493
2.008043
0.449258
1.947078
2.354185
1.309326
2.103668
0.910331
2.491151
0.937423
1.250149
0.496010
2.096056
1.569603
0.674077
1.847858
1.134050
0.421938
0.826372
0.938263
1.364372
1.567035
1.047182
0.721621
0.586287
1.259859
1.217414
0.536924
0.484480
1.522475
1.744584
1.752889
1.279525
2.550959
1.354190
1.567800
0.997091
0.892316
1.901259
1.302255
1.372374
0.784918
1.572107
1.192270
1.849407
1.109790
1.120571
1.605460
0.716245
4.100872
3.539209
0.252590
1.674981
1.208220
2.345628
1.609695
2.514800
2.516661
0.471812
2.495065
0.397535
1.563024
1.402309
1.394909
1.455575
0.838873
1.033632
1.928337
2.025798
1.873674
1.236551
1.268290
1.917306
2.390050
0.564178
1.187971
2.282781
1.086346
2.016802
1.051079
3.261505
1.170101
0.931622
1.946018
0.811561
1.226834
1.191194
2.167833
2.082882
1.788252
2.492269
1.452187
1.245143
2.230839
2.067803
0.647458
1.295689
2.099345
0.239559
1.152991
2.461546
1.797655
2.035139
1.838746
1.029445
3.204561
1.596654
1.068378
2.264574
0.800883
2.109974
1.286384
1.349484
0.676891
1.426481
1.837681
2.850666
1.798715
1.310573
1.667068
1.103589
1.765936
1.560873
0.888103
2.087356
1.424058
1.102620
2.006690
1.902904
2.289180
1.480870
1.138761
2.723463
1.453756
1.309339
2.219504
1.967721
1.964576
0.769568
1.106317
1.762061
1.247914
1.887402
1.023904
0.626411
2.132394
2.319483
0.852390
1.405327
1.653076
0.692599
1.189051
0.997235
1.026197
0.973305
0.974319
0.681182
2.161517
1.602213
1.500596
0.911358
2.579488
0.857922
0.921700
0.725393
1.345640
1.571893
0.992582
2.271108
1.890669
1.841536
1.307307
1.225023
0.902204
2.107468
1.019829
1.186981
3.835631
1.564352
1.853752
1.956505
0.956959
0.938124
2.208796
1.629034
1.515378
1.077536
1.231610
1.387388
2.402533
1.122606
1.006486
0.920128
1.189956
1.873205
2.217139
0.592332
1.234435
1.798753
1.418406
0.990378
0.629078
1.169184
1.497898
1.895478
2.417773
1.055277
1.603009
1.552691
1.050368
2.037025
2.439283
1.426704
1.175897
1.340772
0.678686
1.570633
1.530878
1.167867
1.976835
1.837779
0.988406
0.976586
2.445879
1.016822
2.158912
0.581439
1.939091
1.169736
1.663749
1.154816
1.649602
0.827263
1.084977
1.384083
1.909212
1.399861
1.993600
1.431614
1.394971
1.508027
1.051025
0.759950
1.055524
2.570724
0.735635
2.166166
0.687603
1.026621
2.271384
1.484412
2.346907
0.520137
2.804722
1.328442
1.313712
0.742810
1.900921
1.450283
1.275611
2.350653
1.605847
2.317351
1.205304
2.233240
0.905458
2.306888
1.147846
1.080931
0.930475
0.809426
1.370793
1.251809
2.151369
0.708359
0.992829
4.059371
0.881669
1.008303
1.608367
1.732097
1.500116
2.151229
1.055613
1.614952
0.957116
0.806931
0.858466
1.503535
1.657818
1.650958
2.310032
1.374819
1.445187
2.086338
2.027490
0.743153
1.136358
1.857513
1.183612
2.082027
2.467957
2.299300
0.652433
1.736550
1.522728
2.108626
1.313709
1.134225
0.528518
1.162735
2.070540
0.810003
1.647169
1.735221
1.214080
1.479648
1.292885
1.032953
2.202999
1.957586
0.838278
2.091722
1.703679
1.951958
1.151793
1.479852
1.455632
1.160152
2.567130
1.032935
0.291166
2.240381
2.367663
0.731150
1.557921
1.224555
1.859036
0.915058
1.080066
2.799747
2.938283
2.111978
1.589714
2.157117
1.837191
1.164713
1.053818
0.804529
1.395859
1.789020
2.313594
1.852711
0.444395
1.666398
1.959783
1.703725
0.865674
1.894913
1.744278
0.605708
0.666297
2.536583
2.502638
1.223374
0.958645
0.942995
2.753659
0.608199
0.528938
2.113858
1.400737
1.762403
0.859585
1.227025
2.023711
1.021874
1.205150
2.375176
2.848383
2.644007
2.257688
0.990138
0.796422
1.650235
1.777127
1.265942
0.544851
1.423698
0.627693
1.645729
1.716945
1.232233
1.815580
1.504574
1.374587
0.338538
1.187816
1.534008
1.285773
2.033668
0.629224
2.347170
2.831678
1.187841
1.232557
1.131452
1.787499
3.758163
2.117336
1.271201
0.611703
1.715044
2.408743
2.357336
1.317102
1.065115
1.064297
2.140250
1.129205
0.989348
2.431028
1.171783
1.010775
0.809327
1.978603
2.246853
1.132904
1.327177
1.042548
1.238512
1.587924
1.748660
2.034172
2.056548
1.882403
1.040246
0.783973
0.981752
1.904934
0.711566
1.269495
1.495440
1.885573
2.061481
1.169189
1.252462
2.611919
1.129998
2.035771
2.618737
1.307150
2.468134
1.470216
2.225243
2.378601
0.843292
1.917529
1.344205
1.757754
1.322460
0.892816
0.381027
0.981235
1.988333
0.964606
0.786009
2.238745
1.364259
1.980375
0.554758
0.565032
2.658449
1.942962
1.140304
1.169878
1.066921
2.773398
2.335638
0.847953
2.458528
1.853926
1.417472
0.626830
1.896858
2.285170
0.271587
0.416325
0.302773
1.194654
1.774251
1.809417
2.410680
1.476965
2.595783
1.506474
1.715038
1.043389
1.673016
0.734543
2.928811
1.519985
1.928980
1.261289
1.179037
1.825083
2.527841
1.913759
1.171017
1.906925
1.414303
1.073865
0.348884
1.999496
1.027313
0.560764
1.667878
1.689640
1.579972
0.116831
1.759397
1.365423
1.273160
2.105201
1.286044
2.341631
1.256167
1.739885
1.331288
1.743012
1.842555
0.948876
1.850474
1.545564
2.103618
1.499005
2.072554
1.580828
1.185741
1.525493
2.640729
1.015707
1.924211
2.022504
2.349706
1.097103
1.418801
0.537474
1.046422
3.025334
0.677189
1.077322
0.940957
1.800859
0.582950
1.518620
0.643401
1.310441
2.052231
1.969738
1.211079
1.027796
0.770092
0.989854
1.974466
2.520426
1.941480
2.082346
1.396101
1.535643
2.034903
0.991624
1.864830
1.382146
2.064977
0.491803
0.750446
0.124184
1.483759
1.041508
1.358358
1.302075
1.331443
1.354549
2.707035
2.019585
1.663410
2.092471
1.784451
0.811651
1.156394
0.553138
1.953814
1.234408
1.432162
0.514725
1.165685
1.808578
1.549716
1.078971
1.453070
0.717212
1.070377
1.061584
1.082373
1.288553
0.887178
0.445067
1.383668
0.726810
1.702784
1.901825
0.878391
2.011332
1.173830
1.650246
0.716121
1.581070
0.885348
0.598305
0.718222
1.485216
1.321823
1.483714
2.206463
0.916591
1.972248
1.591501
1.219147
2.181361
2.046793
2.358001
0.995543
1.926285
2.475863
1.379192
2.477832
0.839750
0.854991
2.055666
3.302851
1.683459
0.546613
0.513129
0.835930
2.692472
1.085504
1.016151
0.833806
1.901411
0.825148
1.616415
0.802497
1.020428
1.243952
1.095680
1.023728
1.278154
1.520733
1.258232
1.865352
1.128398
0.853834
0.978365
1.214897
1.985571
2.555945
1.494762
0.779103
1.116399
1.442725
0.746088
0.735557
1.252461
2.796766
0.796177
1.705457
1.013982
1.310298
0.753150
1.122997
1.225454
3.387340
0.825536
1.399258
1.043556
1.492714
0.692668
1.863463
1.943910
1.257522
0.914663
1.192889
2.438947
2.162362
2.455033
2.001255
0.880193
1.261532
1.057442
0.351042
1.665399
1.517156
1.496271
1.321895
3.232765
1.753141
0.741231
1.122114
1.001008
2.588217
0.995714
1.331385
1.513908
1.862811
1.293884
0.842522
0.635672
2.220913
1.321749
2.008129
1.611824
0.717586
1.086812
2.570560
1.578548
1.907874
0.763892
1.461127
1.458993
1.005696
1.259358
1.749178
1.018738
1.400965
1.020545
1.897298
1.231794
2.192446
0.785056
1.658614
1.029020
2.694719
0.520010
2.174866
1.785251
0.834913
1.498849
1.246836
1.110773
1.062323
2.034267
1.128743
1.140569
2.639291
1.824384
1.637191
1.303970
2.133767
3.041109
0.603671
1.031660
2.198085
0.964859
1.209701
1.612399
2.430137
1.125760
2.872258
0.821942
1.836806
1.867169
0.688275
0.611018
1.211555
1.068527
1.091267
1.236212
0.723697
0.696156
0.334932
1.556138
1.572689
0.580799
2.060552
2.226083
1.354322
0.788025
1.262902
1.612900
1.227094
0.867566
1.861939
1.873434
0.959554
3.287271
0.956131
0.781438
2.479536
1.813558
1.453835
2.431937
0.441954
0.960193
1.626044
1.134310
2.906965
1.836110
2.127668
1.890315
2.285870
1.315189
1.272757
1.065616
2.044674
1.363277
0.799969
0.758817
1.228722
1.069275
2.410006
0.975893
0.315916
1.265654
1.236565
1.675135
2.106220
1.028217
2.437112
1.496531
1.852107
0.848815
2.604154
2.428335
1.729013
2.037036
1.552041
2.205215
1.180590
1.075794
0.818665
1.415785
2.099113
1.346962
2.143910
1.595638
2.418042
0.816707
2.442434
1.343983
1.125129
0.902097
1.290466
0.989713
2.013359
0.362031
0.884151
1.111875
1.464734
1.549469
1.110017
1.606078
2.340751
3.106887
0.659580
1.256787
1.192140
0.807424
0.793596
2.214361
1.629190
1.935716
1.117757
1.008492
1.304151
2.108342
1.972738
2.043597
1.243438
2.749566
1.696815
0.840305
2.426912
0.974156
1.637675
1.327978
1.187355
2.322697
1.874792
0.991606
2.170325
2.360527
1.122400
1.850347
2.219650
1.726736
1.091348
0.902789
0.642855
1.726771
1.878000
1.431651
2.128772
1.963346
0.730678
1.036264
1.160280
1.148900
1.097809
1.433995
1.881591
1.559051
1.041727
1.383104
1.736955
1.994438
0.662561
1.290728
0.885336
1.832679
1.561697
1.910090
1.143372
0.982429
1.703732
2.192780
1.734529
1.641278
1.666904
0.272850
1.725992
1.818927
2.183777
1.962749
2.206712
1.524861
1.767157
1.036201
1.789175
0.852570
1.024703
1.405641
1.672861
2.501470
1.222972
0.685246
0.766013
2.067760
0.704202
1.134747
1.393643
1.813927
1.055167
0.963134
1.732774
1.272632
1.719180
1.618361
1.921559
1.441871
0.861574
1.466665
0.570101
1.431228
2.188153
1.175436
0.712102
1.768756
1.680224
0.729404
2.393167
1.277809
1.491527
1.550700
2.155823
1.971881
1.288222
1.715987
1.437251
1.188986
1.012207
0.812258
1.026584
0.963408
2.604568
0.722999
1.217629
0.704733
2.182656
0.651408
2.492264
0.848992
1.664941
1.226961
2.856550
1.945617
0.357692
2.210542
0.849128
1.538915
1.325821
0.906189
2.165391
1.476150
0.763693
0.400803
0.677923
2.032961
1.862061
1.597490
1.382683
1.618534
1.448683
1.361421
0.971077
1.459359
1.225159
1.505654
2.246085
0.711443
2.194280
2.055941
0.712594
1.916487
1.848417
2.202111
1.161753
2.349545
2.056269
1.490810
2.460564
1.645217
1.767911
0.890040
1.771553
0.934683
1.314893
1.228905
2.523490
1.045007
2.193422
1.646181
0.837895
2.399182
1.176603
1.674636
2.040111
2.355128
1.408534
0.784008
0.680080
0.787403
1.579486
2.598493
1.782881
1.015147
0.621284
0.289621
1.346778
1.837320
2.698082
1.063795
1.633896
1.781318
2.367138
2.684350
0.445371
1.926488
1.726677
1.288446
1.503010
0.995257
2.465649
1.026409
1.547282
1.392522
1.481450
2.143348
1.775247
1.768388
2.573024
1.814012
1.685438
1.542636
1.438384
1.710815
0.775636
1.558685
1.531096
2.123252
0.884776
0.456987
0.751894
1.363884
2.008850
1.778009
2.067754
1.129686
0.725828
1.417730
1.002047
1.518811
1.785005
1.605832
0.803891
1.314633
2.070765
2.918429
1.060231
1.542841
1.177883
0.930244
2.047872
1.116543
1.151424
0.929139
1.818776
1.403494
3.577211
1.275791
1.986643
2.327978
1.828323
1.153404
2.239296
1.159304
1.102556
1.194818
1.547627
0.597357
1.031121
1.519739
1.542997
2.318719
0.842431
2.230261
1.244810
1.893370
1.319892
1.135546
2.566237
0.815583
1.319213
2.837375
1.843444
1.806312
1.324699
1.372394
1.550615
0.533535
1.203436
0.857279
1.024054
0.664123
1.574459
1.596224
0.303976
1.663379
1.313207
2.562087
1.053798
1.446309
0.991935
0.803928
1.140798
1.858758
1.748058
1.316657
1.830271
2.221816
1.493450
1.766421
1.068677
1.432044
2.414171
0.914512
1.591574
1.668049
1.726134
0.870598
2.901353
0.440380
1.713794
1.252591
0.996823
0.559732
1.560611
1.439858
2.721908
1.714076
1.147098
2.079602
0.662996
1.487784
1.642607
0.642774
1.173506
0.872635
2.219106
1.372317
2.317724
0.758540
1.667502
1.962925
1.272738
1.260676
1.419183
2.432058
1.758112
1.174822
1.684489
0.968669
1.520660
1.198983
0.624210
1.964418
1.857771
0.442588
2.019332
3.396044
1.561803
0.673266
1.006595
2.244470
1.498999
1.055097
1.502977
2.591899
2.610291
1.430058
1.739587
0.719464
1.692583
1.792412
0.910912
0.988811
2.153106
1.683745
1.242361
2.255879
1.175030
1.524520
0.927151
1.164165
2.584627
1.271914
2.249586
1.749856
0.928000
1.219930
0.304384
1.119257
0.466396
1.025938
0.656360
1.070715
2.452252
1.283821
2.458219
0.962901
1.989401
2.099195
1.505773
0.721243
2.043766
1.842558
2.092505
0.660092
1.168749
1.161844
1.860748
0.735199
1.731191
1.095797
1.331557
2.049103
1.689878
0.602866
2.044625
1.744548
2.593813
1.325606
1.918691
0.885430
2.210677
0.687083
1.865749
0.729754
1.291197
2.278527
1.416374
1.173239
1.025578
1.018885
2.234339
1.484233
1.240438
2.598105
0.545898
0.603450
1.001025
2.754293
0.847151
1.085489
2.901833
2.484119
0.732576
2.005741
1.390692
0.774135
0.967993
0.631945
0.928902
2.380564
2.107661
1.661120
1.378669
1.493026
2.312746
1.072476
1.792591
1.710517
1.674072
1.288193
0.642840
1.472739
1.127721
1.083196
2.171655
1.324808
1.457421
1.435698
1.309222
1.643936
1.275085
1.981598
1.619655
1.129685
1.680473
1.319223
1.238165
2.161649
1.914481
0.932666
1.266459
2.076766
2.863404
0.866236
1.315288
1.409026
1.255457
1.814992
1.116263
0.495863
1.913020
1.260035
1.154744
1.327005
2.400348
1.974065
0.265196
1.687831
1.542126
1.787236
1.897634
0.765478
1.255047
0.661643
1.350441
0.493146
0.572362
1.839223
2.106182
1.418854
0.486542
0.930625
1.091889
0.594434
1.650707
1.471244
1.019240
1.659246
0.424793
1.266619
1.236713
1.268292
0.699023
1.013210
1.785714
1.578864
1.951484
1.347118
1.568023
1.507188
1.667487
1.253232
2.015320
2.130532
1.009144
1.307080
1.133642
2.644736
1.567022
0.238294
1.072166
0.896342
0.927742
1.282090
0.918468
1.091575
1.745779
0.220059
2.547283
2.290535
1.445173
2.591772
2.267219
1.154886
1.016178
2.182912
2.177646
0.571503
1.602320
1.318814
1.755578
1.323126
1.213763
1.201685
1.891923
2.790850
1.140062
2.304461
1.786743
1.016606
0.636720
1.051161
1.768025
1.264081
2.191605
1.688309
1.338508
0.485824
1.424956
0.973729
1.246201
1.395630
1.929386
1.569326
1.754906
3.515997
0.973382
2.504799
1.900199
1.081002
0.569618
1.800236
2.288758
1.518019
0.739925
0.953051
1.792391
1.424962
2.528090
0.810662
1.955403
0.713611
1.489010
1.050195
1.447263
1.997632
0.722659
1.344454
1.823727
0.778823
1.017235
1.602566
2.084236
3.045368
1.596435
1.417361
2.095249
1.014866
1.921855
1.005864
1.482532
0.900004
1.438957
2.194950
2.301360
2.365622
1.505645
1.849903
1.716359
1.776185
1.353279
1.208156
1.415671
1.221011
1.785812
0.257729
1.441426
1.346175
1.363690
0.593823
0.771672
2.205723
1.380349
1.259814
1.539882
1.999002
1.631580
2.577102
0.779199
1.852295
0.929567
1.215167
0.029376
1.022873
2.254071
1.051804
2.959739
1.488978
0.990078
1.256291
1.935751
2.272913
2.288400
0.953899
0.782727
0.806170
2.073379
0.922712
1.030561
1.231566
1.752849
0.899420
1.496907
1.258179
2.713543
1.248100
1.286551
1.191910
3.063184
2.671536
2.007273
2.083728
1.410749
1.348326
1.656604
1.494602
0.680914
1.564249
1.817103
2.710393
1.923610
1.129063
2.994180
1.512890
1.005650
1.509382
2.054727
0.822993
0.926298
1.516933
0.501101
1.284569
1.434756
1.225465
1.274132
3.117348
1.137302
1.386592
1.159945
0.569163
0.577913
2.190551
2.262102
1.899265
1.910449
0.641276
0.487564
1.647361
1.953382
2.794934
2.564350
0.624396
0.342067
1.243391
2.680576
2.694723
1.622693
1.256827
1.481374
1.834930
1.537583
1.511808
2.369133
1.754059
1.458724
2.131335
1.285355
1.627504
1.966928
1.097026
1.631948
2.030443
0.953704
1.109180
1.826472
0.724130
1.155376
1.384094
0.740844
2.251355
1.625550
0.918685
1.979929
1.581125
0.542877
0.936790
1.384065
1.016783
1.145093
1.490489
1.035845
1.709799
1.948109
1.600890
0.708372
0.540060
1.517318
1.239144
1.336525
1.882716
0.759708
0.857013
2.132036
2.057453
2.128162
1.187096
1.829753
2.128819
1.337714
1.003000
2.294518
1.193419
0.742103
1.961942
2.761135
2.049478
1.719734
1.113710
0.798614
0.958683
1.246674
1.203410
1.333463
1.136261
1.492465
2.225270
1.229608
1.797350
2.375758
1.800533
0.687551
2.089345
1.670040
2.415556
1.094317
1.230798
1.273284
3.487782
1.925070
1.890582
0.873806
1.382972
3.145851
1.289038
0.844102
1.094249
2.684403
1.039024
1.389383
2.548035
1.255878
2.790128
1.056596
1.367914
1.282815
1.873548
2.129036
1.450266
1.472284
0.786091
2.122892
1.229024
1.492483
1.201580
1.269539
1.601231
2.639131
2.938274
1.945343
2.552859
1.645766
2.256865
0.931890
0.407823
1.500702
0.992258
0.819126
0.808314
1.295013
1.466823
1.356063
2.615043
1.175239
1.910926
3.279125
1.446656
0.964098
1.689041
1.539694
0.917496
1.880899
0.970850
1.160375
1.135429
1.519679
1.914157
1.190641
1.170587
1.210571
0.884966
1.406214
1.152767
1.316071
1.381434
1.182132
1.039250
1.958400
0.477079
1.754230
0.790560
1.477992
1.110959
1.875236
1.667852
0.993849
0.918787
2.397924
2.485957
1.140463
0.701854
1.111879
0.757285
2.002416
1.948842
0.343827
1.636483
2.641326
1.150856
1.899052
0.848584
2.080584
0.538330
1.009589
1.156930
1.524570
1.205350
1.196413
0.546982
0.800036
0.805409
2.331838
1.639449
1.308650
0.503677
2.308330
1.775487
1.608930
1.076058
1.605337
1.277752
0.997325
1.789355
1.834129
2.300769
1.777980
2.272310
1.055100
1.012331
2.257152
1.402740
1.297128
1.644437
0.661053
0.519358
1.258218
2.385078
2.411706
1.960782
0.847118
1.464232
1.913698
1.485885
1.147419
2.266176
1.618807
1.370860
0.947873
2.886342
0.966127
0.614624
0.600881
1.995348
1.343168
1.593966
1.298104
1.248187
1.026619
1.725608
0.892105
1.617599
0.754096
1.008530
1.642985
0.786383
1.641644
2.305501
1.118353
1.579237
2.165660
1.771782
1.033806
1.576761
1.126755
2.000696
2.056663
2.081743
1.269840
2.710055
2.498459
1.980558
2.660295
0.928508
0.862702
1.576743
1.910652
1.781254
3.003399
2.726254
1.581867
1.992028
1.461034
0.821843
1.513617
1.787017
1.893564
1.033038
1.120374
0.986948
1.208652
1.918488
2.266667
2.717028
0.697943
1.712989
1.367418
0.689256
1.685559
0.587824
1.002958
1.523606
1.260051
0.476724
1.618777
1.274943
1.244849
1.749666
0.847399
2.050355
0.316425
2.610470
1.269310
1.598338
0.727649
1.672912
1.455305
1.108929
2.449127
0.958533
1.389986
0.554854
1.380378
1.275171
1.529439
1.139252
1.568029
0.851264
0.711623
1.156524
1.647316
2.121600
1.719012
1.921928
2.029274
2.275317
1.900410
2.759313
1.710505
3.346028
2.978053
1.853914
1.364175
0.628966
1.379871
1.169257
1.868016
0.547989
0.951514
1.768982
1.773440
1.856800
2.229862
2.134698
1.053142
1.919511
1.379049
1.448208
1.246944
1.003790
0.854711
1.306142
0.917728
1.353359
2.171866
1.442915
1.944027
1.329672
1.837811
0.870670
1.700708
1.106575
2.753939
1.968707
3.067411
1.560950
0.947526
1.256742
1.201419
1.398905
1.496394
0.533764
1.793134
1.527931
2.365218
1.254095
1.559028
3.177563
1.323577
0.590047
0.571078
2.152287
2.234435
2.116356
0.388631
2.040197
1.715405
1.687138
1.354047
0.545005
1.368119
1.059270
1.767996
0.850677
1.042378
1.074116
1.210920
1.730949
2.140612
0.633290
1.349923
1.345373
2.783711
2.401784
0.881861
1.236768
0.922253
0.502484
1.036361
1.282823
2.859106
2.038116
2.232489
1.239636
1.629194
1.031391
1.387338
1.807439
0.655811
0.927721
0.998572
1.374548
0.284420
1.189267
0.712924
1.366859
2.003680
1.184330
0.573767
1.777651
0.757431
2.741898
1.123771
1.567439
0.758501
1.633791
2.281914
0.867951
1.104573
1.406579
1.106858
0.921038
0.852614
3.112826
1.709471
0.992939
1.770127
1.916437
1.512845
1.032790
0.721704
1.371684
1.864900
1.536381
0.389886
0.830097
1.028698
0.970733
1.155294
1.719773
1.245072
0.756072
0.625310
1.201134
0.495316
1.725181
0.811478
2.100727
1.102888
1.238558
1.789940
1.635498
1.888649
1.771220
1.583305
1.449395
2.031792
1.154124
2.203080
1.179955
0.668627
1.415501
0.307759
1.354911
1.371501
1.274473
0.862904
0.993473
2.491521
1.483817
1.436980
1.519467
1.475560
1.481468
1.269566
1.739730
1.070469
2.345151
1.253308
1.213388
1.998481
0.985802
0.933262
2.375987
1.042846
1.301235
0.533949
1.745746
0.495580
2.353461
2.046897
0.895893
0.387746
1.619717
0.895410
1.061881
1.278184
0.766171
1.215717
1.911877
1.318105
1.421761
1.526098
1.084327
0.655571
1.360355
0.693840
2.025754
1.600916
1.309879
2.586595
2.356444
0.804502
1.330034
1.229371
1.325010
0.373981
0.223116
1.300810
2.139578
0.780343
1.937296
1.724485
2.475866
1.752320
2.247619
1.501423
1.891145
1.200764
2.256091
0.499199
1.739925
0.961439
0.728564
1.281913
1.191782
0.770877
2.335208
1.079812
2.149647
1.344352
2.012413
1.466482
0.839136
0.664370
0.709191
1.654154
1.178569
1.462951
0.898371
1.484421
1.766371
0.779233
2.743361
1.892331
0.524268
0.955138
1.447121
1.217839
2.536922
1.690071
1.316437
1.170322
1.207129
1.587442
1.844195
2.376337
1.582616
1.130219
1.826501
1.703686
1.174743
2.054656
0.572262
1.439867
2.231814
3.090321
0.839256
1.235855
2.393784
1.639260
0.410450
0.894194
0.971152
1.691278
1.848943
2.775809
1.633137
2.086632
1.716403
1.227828
2.003898
2.489710
0.707216
1.082287
1.446653
1.437630
0.911394
0.830862
2.179683
1.986346
1.044489
1.439213
2.590650
1.392088
1.493665
1.707807
0.766492
3.758471
3.185037
1.243000
1.059006
0.705498
1.119193
1.521767
1.656495
1.693115
2.588738
1.738413
2.097225
2.017063
1.335976
1.832229
1.850590
1.121816
1.586788
0.944920
1.050822
1.081910
0.989548
1.576437
1.339738
1.902036
1.531339
1.459939
2.513477
1.152858
1.739857
2.222562
2.232856
2.171242
0.944327
0.981919
0.474343
1.494101
1.311599
0.967779
0.552454
0.662894
1.765454
0.754536
1.119667
1.134011
2.031858
2.702074
2.797325
1.499215
2.384020
1.289029
0.722538
0.578888
1.607442
0.451506
2.163529
1.257625
1.865851
1.439540
1.977286
0.853420
2.023084
1.606542
1.225744
1.050165
1.858255
2.445379
1.979307
2.391053
1.084212
1.176508
1.917701
1.534181
1.273323
1.754568
0.837911
0.517821
0.983298
1.954459
0.821875
0.913429
2.174768
1.247078
1.195560
2.809354
0.921303
1.235416
0.899732
1.312236
1.841559
2.803881
0.985296
3.213282
1.082868
1.530958
2.456919
2.277506
0.448562
1.160452
1.234330
1.127113
1.915356
0.981011
0.812220
0.460495
3.139016
1.496516
0.678445
1.410174
1.298263
1.549333
1.608051
1.740321
1.699692
2.688150
2.420711
0.837345
1.473238
1.757883
1.756572
1.697074
1.628128
0.903494
1.912572
1.285321
1.189748
2.309327
1.925107
2.240813
2.078809
1.224208
1.950612
0.731454
1.214076
0.880015
0.690925
2.475100
0.824353
1.475432
1.530165
1.949275
0.394891
1.815449
1.726172
1.351257
1.404042
1.434274
0.584207
2.667587
1.599270
1.805712
3.275255
0.759440
1.399667
1.763373
1.457066
1.209115
2.096418
1.821373
2.111693
1.207804
1.188527
1.820753
1.410722
0.979641
0.919840
1.123064
2.240438
1.312020
1.714084
1.308393
0.984839
1.168339
1.736106
2.342245
1.777087
1.100365
1.080589
2.940307
0.604322
0.692826
0.463880
0.334106
2.054701
2.185695
1.187216
1.529764
1.008453
0.770045
1.775753
0.362011
1.994973
0.467006
2.090560
1.608466
2.246123
1.745071
0.888865
1.402949
1.349669
2.332607
1.238724
0.901907
1.823240
0.931684
1.002864
1.761445
1.535131
0.280383
0.764581
1.100756
0.441521
0.776802
1.982565
1.368700
1.549239
2.130471
2.288103
1.953999
1.144958
1.305768
0.691985
1.085114
1.621321
1.052433
1.721144
1.506783
1.381492
2.063462
1.343406
1.169439
1.227026
1.760193
1.162804
1.422735
0.060489
1.919994
0.677799
2.685193
3.161702
0.319928
2.185871
1.624235
1.781547
1.392637
1.856746
0.533985
1.093169
1.906083
1.092426
1.126263
1.204965
0.665659
1.458273
1.226598
0.925763
0.906699
2.780151
1.467808
0.582416
0.715246
0.936224
2.624299
0.739325
1.930164
1.678482
1.863403
0.748475
0.857365
1.174265
1.644040
0.939435
0.531126
1.000386
1.208678
1.520933
1.677485
0.741331
2.513941
1.612353
3.077857
1.122772
3.811017
1.977825
2.780308
0.804779
1.953920
1.047486
0.602527
1.223345
1.916748
1.032621
0.884308
1.493844
0.721283
1.894395
1.625764
2.783419
0.819684
2.461472
0.444940
1.311322
0.857279
0.926651
1.911133
1.055797
1.184411
1.331441
1.054641
1.982721
1.554785
1.002382
1.301987
0.838896
2.511338
0.614071
1.192302
2.096515
1.754911
0.926617
0.527348
2.100174
1.295970
1.452134
1.579483
1.227866
1.801958
0.912402
1.546871
1.583665
2.098118
1.238753
1.567036
1.623624
0.595728
1.437587
1.389564
1.683490
1.664943
1.683037
1.730333
0.909454
1.557917
1.305259
1.729765
0.786819
1.439054
0.782279
0.615699
2.085326
0.670197
2.202153
1.155352
1.783536
2.763021
1.419820
1.563547
1.198686
2.213136
1.255277
0.592236
1.854175
0.640345
0.709137
1.904969
1.459032
0.629532
3.175813
1.441527
1.819629
2.491265
0.893482
2.871840
1.142415
0.903670
1.004199
1.997535
1.546331
1.341663
0.557542
1.838000
1.282340
0.620407
1.506625
1.551033
1.968613
2.540030
2.292388
1.450783
1.775536
1.056038
0.883439
0.692444
1.194654
1.564727
1.544092
2.296150
1.445260
2.279395
1.920664
1.713602
1.516679
1.544339
1.729695
0.840488
2.226673
1.230526
1.874525
1.981673
1.555753
1.415675
1.297727
0.500002
1.539899
1.412605
0.771938
1.112884
0.706258
1.243668
2.367201
1.916091
0.770071
1.783357
1.881948
1.711567
2.030553
0.557167
1.292255
1.127187
1.450195
0.926301
1.556665
2.324475
0.997712
2.483102
1.841466
1.223148
0.781143
2.280106
1.130113
1.491126
0.622645
0.933298
0.763799
1.465460
1.988625
1.747758
1.917522
1.934341
1.770591
1.212181
1.393343
1.209980
1.393264
1.536138
1.500040
1.261449
1.994908
0.951419
1.353065
3.053208
1.783181
1.794591
1.222656
1.025080
1.822099
1.476419
1.951558
0.953054
1.490449
1.537975
1.133792
1.614429
1.721943
0.207581
1.319499
2.776498
1.546065
1.679172
0.576703
1.405997
1.502922
1.759060
1.346362
2.096893
1.222712
1.091190
1.251052
1.212162
1.549619
1.643668
0.343070
2.187313
1.306078
1.246498
0.871826
1.437079
0.872558
0.650512
1.662025
1.973457
2.050706
1.074583
1.759026
0.368255
2.511667
1.415776
1.449478
0.843346
2.047944
1.597671
1.435103
1.547387
1.824675
2.725582
0.948292
0.287238
1.421570
0.718949
0.609567
1.457828
1.591115
1.495582
1.004879
0.934070
1.347461
1.516781
0.306286
2.376010
0.878088
1.524827
2.112789
1.402977
0.809226
1.285498
1.604361
0.375559
1.772529
0.880344
1.164868
0.921238
1.601510
1.220925
1.649061
0.670818
2.023864
0.903694
0.312169
1.211077
1.018607
2.113534
2.522170
3.428679
1.679579
0.490835
2.241082
1.487140
2.118990
3.196056
1.842988
2.333896
2.211848
0.527483
0.676211
1.967200
1.304830
0.990409
1.591813
2.328321
1.669159
1.102132
1.335012
1.267484
0.702990
0.953824
0.306843
0.837038
2.131641
1.058532
1.681448
1.915678
1.345023
1.089301
2.618951
2.616751
1.517106
1.041485
1.269051
0.518268
2.432739
0.999460
0.586433
1.988481
0.801563
1.806829
1.621838
2.213677
2.553226
1.029057
1.952461
1.624748
1.161140
1.445555
1.150550
1.672650
0.989748
1.042605
1.000576
0.639769
0.918988
1.868584
2.102710
1.847292
1.391118
1.904474
0.886967
0.981936
1.851107
1.321084
2.865289
1.356503
2.410767
0.534657
1.786079
1.333390
0.475987
1.772821
1.576169
1.020513
2.177506
1.127971
0.980752
1.782919
1.403285
2.929169
2.027958
1.230960
1.612318
1.801215
1.118045
1.244015
0.978800
0.274391
1.454523
0.468851
0.289526
0.924870
1.782148
1.766419
1.569888
1.130083
1.538791
1.886201
1.174223
2.080437
1.021785
0.871723
2.264124
2.678329
1.902596
3.195661
0.696860
0.624812
1.137446
0.522195
1.068929
1.851365
1.576426
1.305131
0.680254
2.594398
0.969232
1.652500
1.446361
0.902389
1.650110
0.373389
2.530458
1.478236
1.704365
0.963909
1.172460
1.781464
2.165399
0.839060
0.998710
0.926561
2.034442
1.193290
1.221408
1.777830
0.441806
1.011161
1.074930
0.635144
0.925249
0.952095
1.255032
1.765849
0.812502
1.480018
1.559973
1.540543
1.562194
1.168068
2.684039
1.195391
1.759526
1.187972
1.139419
0.758304
1.120218
0.470011
2.938674
1.256168
1.238326
0.979162
1.800849
2.240124
1.034333
1.199458
2.001358
2.156631
0.714417
2.013368
0.974924
1.118214
1.830656
0.376915
1.677162
0.845545
0.787008
2.010435
1.727481
0.894454
0.987817
1.980503
2.766122
2.090552
1.470516
0.916573
0.527979
0.813212
2.631692
0.421290
0.712990
1.418352
1.198266
0.911029
1.362207
0.833883
1.789460
1.126881
2.460362
0.803602
2.181221
2.431591
0.679036
2.249347
2.459586
1.336156
3.089574
2.417084
1.377436
1.515019
0.809657
1.830695
1.950559
0.641139
1.547735
1.485788
0.935831
1.639951
1.912224
1.407929
0.985184
1.618751
1.837858
1.526911
1.352825
2.109785
1.331682
2.877939
1.124311
0.678484
0.862706
0.724332
1.088596
1.603858
0.714372
1.312370
2.265736
0.878930
2.060606
1.271675
0.457395
1.307708
1.236086
0.667085
1.293499
1.620801
1.420387
1.308038
1.312581
1.487700
0.613015
1.329353
1.562486
3.020296
2.167909
1.278456
1.004919
1.994211
1.261657
2.143124
1.648061
1.588381
0.962527
1.320544
2.076512
0.828593
2.545434
1.430993
3.118277
2.181602
0.924972
1.122178
1.354796
1.079410
2.679509
1.171432
2.523713
0.927171
1.340071
0.912933
2.331485
2.028491
1.129982
2.378178
2.517571
1.203826
1.485664
2.197748
1.275923
2.737931
2.083222
0.450877
1.447015
0.958236
2.423961
1.535733
2.208342
1.055622
0.475984
1.101984
1.011322
1.762579
3.222653
0.657967
0.752745
2.995838
1.893430
1.777372
0.992038
0.899090
1.336399
1.453956
1.536174
1.105792
0.580270
0.770670
1.827247
0.851932
1.099358
2.008363
1.310965
1.994067
0.919748
1.098962
1.363603
2.487855
0.926475
1.477518
1.701896
1.729725
1.513446
2.607474
2.092043
0.557455
0.896418
1.622828
1.278087
2.290319
0.390690
1.334741
1.743206
1.447642
1.284327
1.766558
2.028012
1.523611
1.518231
2.180240
2.343092
2.152058
1.098089
0.843478
0.515067
1.975030
1.502327
0.838970
1.465994
2.664916
1.904494
0.628375
1.765407
2.039293
0.763863
1.223975
1.886230
0.247411
0.790353
1.329815
1.769054
0.565062
1.327116
2.991058
1.478083
0.969758
1.642056
2.228683
1.025925
1.988576
1.044758
0.722575
0.966086
0.443764
2.572712
1.674028
1.630351
2.650678
0.519203
1.224496
0.970733
1.347245
1.938121
1.082343
0.839944
2.720409
1.748436
0.974821
0.770549
0.976128
1.202785
0.843499
1.824561
1.031068
0.976662
1.439727
2.406916
1.262467
0.856247
2.278323
0.647862
1.104738
0.817659
2.183958
1.660737
0.962367
0.837575
2.239064
2.007358
0.839253
1.211983
1.385428
1.316607
2.824639
1.461186
2.099585
1.289359
1.604489
0.666515
2.055182
1.636156
2.578054
1.120679
1.986218
1.547792
1.809398
1.418144
0.881674
1.190047
1.941118
2.160729
1.793264
2.064537
1.399407
0.872223
1.587094
0.480101
1.000914
1.316703
1.778435
2.771809
0.584190
1.535175
0.787406
0.844612
1.004271
1.518281
2.426550
1.774828
1.772089
0.807113
1.267169
0.672944
0.804667
1.266013
1.230422
0.447331
2.211111
1.595895
1.321379
2.309789
1.513137
2.279545
1.667926
1.124474
0.633282
0.434732
2.316988
2.083230
1.731499
1.208031
1.732643
1.446332
0.856635
1.938553
2.298834
0.744280
1.673325
0.179408
0.878076
1.468669
2.144343
1.516186
1.146753
0.764150
1.194062
0.904177
1.490047
1.148508
0.608735
2.037687
1.176173
0.408057
1.664592
1.958503
1.578069
3.299341
0.968679
1.444044
0.584434
1.890876
2.026648
1.461623
1.372013
1.616998
1.043992
3.097084
1.650464
0.966530
1.958589
0.628259
2.291277
0.574069
0.888638
0.911864
1.954480
1.038278
1.759545
1.327126
1.714734
0.949389
0.549674
0.832531
0.647338
1.662027
1.130314
0.319074
1.023314
0.815168
0.887784
1.941225
2.729847
0.884837
1.557017
1.327304
1.561100
1.776407
1.301825
1.881162
1.495031
0.565431
1.613805
1.194894
0.622474
1.101937
1.742421
1.441725
1.038930
1.504944
1.371556
1.414946
1.674939
1.566110
1.690432
2.370621
1.659738
1.225739
1.393415
1.478058
1.524819
0.590858
1.071765
2.873378
0.924918
2.701071
1.522232
1.479934
0.613882
1.987872
1.183237
0.573546
1.883198
1.628357
2.600999
1.266555
2.236359
0.313296
0.937922
0.898816
1.073252
1.685921
0.492808
0.524561
1.860177
1.350960
2.502260
1.845610
1.186579
1.948035
0.830021
0.908016
0.595156
0.945885
1.734057
0.743293
2.393401
1.446850
1.283376
2.480683
2.340044
0.811814
1.359301
1.563820
1.248409
1.372348
1.479841
0.463726
2.747848
0.496218
1.437724
1.042195
2.564758
1.010380
1.411189
2.306855
1.021839
1.077036
2.365748
2.190803
1.633852
1.438139
1.394113
2.166447
2.084181
2.072413
0.582890
1.827226
1.857791
1.089124
0.679266
0.730846
2.287616
0.841158
2.487892
1.739996
0.724414
1.861493
1.513612
0.803292
0.960362
1.246578
2.070868
1.732598
1.091711
1.447762
1.511320
0.451729
1.217856
1.383604
0.782181
1.438910
0.980454
1.313804
1.307752
0.816585
0.951295
1.304927
1.105430
1.352479
0.779692
2.523108
1.037049
2.093651
0.360607
1.616344
1.226033
1.532636
1.643204
1.662021
1.256633
2.017464
0.510647
1.732347
0.977188
0.866672
0.652790
1.612875
1.584915
1.485274
1.135453
0.599780
2.734776
2.145232
2.277717
0.612918
1.548860
0.899446
2.487673
0.727966
1.708883
1.509223
2.397963
1.435201
1.282802
0.567777
0.741086
1.441546
0.795242
0.805613
2.178225
1.733300
1.336167
2.768507
1.219368
0.766899
1.246886
2.467642
1.389258
0.920206
0.467600
2.417657
2.193793
1.268856
1.406369
1.201268
0.337051
1.891625
1.735776
0.591060
0.948466
1.629419
2.636523
0.852188
2.037064
2.197617
0.267065
0.499986
0.911498
2.755521
1.692455
1.137615
1.421151
1.404652
1.417373
1.036347
0.615832
0.719456
0.992548
2.692186
1.388904
1.889712
1.012484
0.673250
3.262875
0.637474
2.281186
1.222298
1.278409
2.057223
0.533492
1.453783
1.701798
0.409825
1.406547
0.548605
1.694935
1.506911
1.972159
1.355346
0.848415
0.285605
1.535711
0.794721
0.820417
1.185713
1.786987
1.761111
1.547947
0.521066
1.607599
0.798267
1.373043
1.268210
1.591067
0.276283
2.227202
0.879009
1.534412
2.914304
1.307647
2.145238
0.971170
1.142421
1.490666
1.893051
1.038574
2.330732
1.536390
1.773310
3.084417
0.912942
0.561605
0.855437
0.843278
1.417199
0.944690
1.013654
1.554584
1.373097
1.757745
0.983872
1.868140
2.175765
1.412687
2.121415
1.097546
1.454344
4.084421
1.858928
1.778939
1.837625
1.646398
0.980323
1.054180
1.797408
0.255857
3.245332
1.077054
1.503936
2.604775
1.900668
1.768294
0.968075
1.817293
1.590343
1.088888
2.064974
1.692346
0.958659
2.153524
1.129567
1.048811
2.529095
0.655098
0.949741
1.081604
0.902237
1.617799
2.136505
1.835472
2.307375
2.291611
1.209604
0.915467
1.368803
1.118844
2.001611
0.737776
1.401246
2.642900
1.933390
2.889143
1.422742
0.594110
2.073769
0.946365
2.393434
0.699940
0.900429
1.030807
0.682254
0.878256
2.751689
0.931012
2.070012
1.589519
1.118902
0.289198
1.024457
2.614573
1.744579
1.311860
1.082149
1.232542
2.181792
1.705207
1.670479
1.773949
1.839140
1.246594
1.679516
1.336913
2.650871
2.235991
2.061154
1.358320
0.706300
2.565377
0.933227
1.728430
1.527949
1.692519
2.819057
2.437313
2.383367
2.365048
1.410295
0.803398
0.944082
1.122913
1.999374
1.499804
1.539039
2.816422
1.458012
3.018724
0.788895
1.883039
0.375348
2.065352
1.113462
2.743126
2.527896
1.835743
1.584145
2.556152
0.670260
1.191441
1.956226
1.212554
1.351763
1.455970
2.086276
0.506463
1.085040
1.119557
1.552258
2.042768
1.226440
1.495910
0.760694
2.574160
1.041290
0.858112
1.096702
1.512968
1.307216
1.060467
0.861702
0.999263
0.812998
2.698516
0.873715
1.023292
1.699514
2.512007
2.190399
2.773870
1.940400
1.627536
0.463903
1.278350
1.746489
1.910142
0.569921
0.774970
1.487151
1.144062
2.025212
2.011641
2.566042
2.273175
0.279138
1.464318
1.278054
0.877984
1.485323
1.501974
1.874092
1.158402
0.756743
2.394827
1.101515
1.625566
2.040250
0.793111
1.494113
0.678222
1.683051
0.239530
2.355133
0.514203
1.091471
2.819749
3.161495
1.706315
1.707084
1.285218
1.840534
1.222330
1.181223
1.064529
1.687544
1.769095
2.118625
0.813238
1.373963
0.956789
0.979409
1.103449
1.590689
1.611117
2.599634
0.850325
1.135590
1.017460
2.120040
0.964043
2.336991
1.400540
1.952459
2.009645
1.691293
2.296692
2.017481
0.755553
1.389172
1.723464
2.701356
1.579487
1.144070
2.552423
0.420431
1.238365
2.056681
1.422371
1.217245
0.771503
2.354841
1.008502
1.252803
0.853074
1.058114
0.535652
3.297577
0.881887
1.894504
1.749302
1.375093
0.987533
0.823028
0.802974
0.827725
0.841652
1.176072
0.777708
1.811334
0.883424
0.450822
2.217863
1.582678
2.177129
0.464453
1.531129
0.786156
0.804169
0.851702
1.665347
0.711071
1.416177
3.157075
1.867017
1.263842
1.118849
2.351936
2.853708
1.048816
1.868443
1.506310
1.206237
1.499619
3.762593
1.308613
0.597827
0.787669
1.407356
2.797822
0.666439
1.653205
1.389322
1.221225
1.278336
1.510348
1.087362
0.836342
1.259910
2.376206
1.777692
0.689092
0.600377
0.945855
0.952672
1.837362
1.992230
1.948152
1.683751
1.168901
0.539204
1.157547
0.435707
0.947342
0.983154
0.824835
1.987376
2.506464
1.091878
0.740709
0.678463
2.248070
1.513662
0.375391
1.250005
2.370480
1.828667
1.623992
2.490405
1.370910
0.806635
1.330051
1.535026
1.093025
2.584151
0.331790
1.133140
1.633286
0.697506
1.002266
2.362872
0.236210
1.195284
0.866691
3.409508
1.046381
1.756721
1.929455
0.945504
1.665750
2.475787
1.681966
1.523931
1.062532
0.996575
2.428886
0.929302
0.989952
2.606415
1.055602
1.743913
2.576523
1.729137
1.392595
0.554960
0.740494
0.867551
1.182711
1.131907
1.140017
1.711505
3.008877
2.960736
3.102339
2.213325
2.099737
0.935222
2.054219
1.022521
1.519280
0.862256
1.574766
1.480630
1.893676
1.617334
1.955359
2.200412
1.379583
2.457414
0.775517
1.912034
1.099867
1.107604
0.915745
0.380333
0.823059
0.838179
1.398001
1.403796
0.414990
0.922091
1.149875
1.818323
1.788257
2.033662
0.096740
0.850434
1.986645
2.416613
1.191000
0.459701
2.320916
0.431310
2.603434
2.108125
0.489802
2.255819
1.727898
0.589416
0.226374
1.958364
0.984665
3.108716
0.970487
1.699075
1.260698
0.414814
1.331476
1.194202
2.633001
2.325708
0.692747
1.478920
1.509418
0.883823
2.205778
1.141795
1.073060
1.990970
0.859898
1.123045
1.613245
0.674518
2.266761
1.627863
1.224820
2.239511
1.596083
1.276895
1.316244
1.687515
0.675726
0.821340
0.909726
1.063827
1.911736
0.451913
1.668465
1.905397
2.627168
2.043364
2.980822
0.663198
2.173697
0.871976
1.637216
0.545219
2.347357
2.056569
0.713360
1.362722
1.099541
2.006231
1.927332
1.506816
0.950512
2.906257
1.669362
0.851061
1.432497
0.463957
1.074214
1.388030
1.765924
1.116248
2.474713
1.490085
1.863834
1.614829
0.859054
1.970738
0.978739
1.090178
1.498929
0.833666
1.935790
1.230403
1.630813
2.177275
1.969461
1.618862
1.549631
1.579348
1.675000
1.803441
2.748309
1.987372
0.220057
0.987428
1.121277
1.165213
1.393182
0.751417
1.567835
1.286575
1.675006
1.543482
1.654916
1.053880
1.731839
1.101678
2.305456
0.846821
2.455130
1.458862
1.220347
1.441989
1.163682
1.658815
1.274456
1.294026
2.609132
3.249177
0.846620
1.973950
2.063367
1.815716
0.962344
1.562235
2.299694
1.394398
1.329490
0.886601
1.625582
0.432430
1.359541
1.470388
1.239438
4.154276
0.864317
1.410772
0.892886
2.016323
1.766914
2.044095
1.839296
1.035862
0.808522
2.830070
1.505141
2.760028
0.357240
1.492572
1.527385
1.036166
1.862559
0.854749
1.771666
1.603654
0.590186
2.214174
0.611108
1.095005
1.985129
2.067268
1.435172
2.265872
1.861553
1.891418
2.618360
1.664163
1.946135
1.022151
0.697822
1.244979
1.255450
1.184475
1.613053
0.369010
1.715878
0.731496
0.972091
0.769856
1.045892
1.462468
1.750196
0.531634
2.121703
2.616789
0.900315
1.529987
1.117461
1.663920
1.946713
1.169910
1.114249
1.534401
1.069841
1.923185
1.727423
1.127640
1.683158
1.730622
1.892468
0.754405
1.759272
2.308717
1.174641
0.865376
1.667140
0.640628
2.538910
1.108252
1.920045
1.517073
1.461761
2.166403
1.400907
0.868044
2.139102
1.222142
1.349384
1.754225
0.391623
1.441299
0.764117
1.672601
1.867162
1.059587
0.594722
1.001089
0.559870
