0.635803
0.356018
0.351044
0.497769
0.572573
0.540119
0.444964
0.633326
0.997631
0.817848
1.254212
0.466986
0.378294
0.421067
0.320626
0.364118
0.370189
0.612566
0.726324
0.652027
0.583503
0.787587
0.330317
0.290038
0.104118
0.328785
0.603780
0.452652
0.432543
0.479151
0.389344
0.365561
0.737738
0.461055
0.460490
0.466460
0.517603
0.282032
0.735885
0.394423
0.209625
0.468072
0.635059
0.443843
0.207168
0.274996
0.779173
0.709076
0.498548
1.117458
0.553581
0.593684
0.372101
0.602995
0.617473
0.746174
0.825858
0.452425
0.744522
0.355135
0.263381
1.009016
0.463991
0.378152
1.004518
0.489599
0.718398
0.165401
0.619459
0.982871
0.709346
0.525075
0.779318
0.948068
0.391857
0.233705
0.560115
0.912817
0.381513
0.943008
0.265628
0.469423
0.329904
0.409114
0.564523
0.442977
0.348417
0.473363
0.505700
0.786057
0.486066
0.534508
0.404375
0.894511
1.295811
0.180507
0.449957
0.813766
0.454908
0.277922
0.621443
0.301742
0.223206
0.575354
0.206625
0.326074
0.216435
0.751056
0.460158
0.299792
0.854422
0.854833
0.413543
0.574629
0.599988
0.622989
0.382317
0.635729
0.573806
0.217801
0.858601
0.618731
0.421673
0.527659
0.334807
0.400523
0.614319
0.407670
0.863960
0.649252
0.623961
0.276169
0.225901
0.251895
0.718674
0.633632
0.848824
0.561042
0.215440
0.483870
0.653076
0.414377
0.359798
0.661949
0.535550
0.470547
0.550672
0.822690
0.505153
0.617060
0.674101
0.721046
0.710544
0.225640
0.801571
0.298199
0.495183
0.665426
0.578457
0.316582
0.613302
0.393767
0.198839
0.650037
0.443113
0.288096
0.275081
1.018244
0.714827
1.248643
0.383980
0.238277
0.712752
0.607965
0.430717
0.326890
0.441576
0.161694
0.463218
0.415345
0.370347
0.405299
0.756505
0.452540
0.666562
0.417308
0.389891
0.725601
0.740210
0.542582
0.921338
0.384538
0.436240
0.798787
0.689938
0.902046
0.290732
0.418642
0.374715
0.609818
0.376255
1.016851
0.493994
1.006798
0.290777
0.264348
0.575041
0.542973
0.811588
0.366063
0.535074
0.499058
0.190274
0.490520
0.336286
0.347752
0.848989
0.523323
0.383869
0.752667
0.480740
0.305343
0.760986
0.709609
0.351131
0.429025
0.664651
0.686446
0.569296
0.402063
0.445408
0.050740
0.542776
0.434299
0.579138
0.432560
0.728080
0.352343
0.618275
0.677080
0.532489
0.455289
0.633249
0.300237
0.091711
0.422559
0.417094
0.385022
0.383769
0.534678
0.405607
0.582070
0.194910
1.177959
0.051067
0.506939
0.149521
0.492339
0.338867
0.438060
0.352265
0.324745
0.507637
0.375390
0.425534
0.503795
0.226799
0.167593
0.519137
0.572101
0.387873
0.391691
0.206688
0.534807
0.899168
0.834335
0.433223
0.354094
0.519178
0.698501
0.553898
0.535584
0.357939
0.586980
0.428771
0.499470
0.117848
0.433108
0.559484
0.877478
0.788917
0.849030
0.477259
0.423776
0.709979
0.553588
0.411764
0.353471
0.407729
0.310607
0.738371
0.364615
1.140458
0.335721
0.373128
0.341384
0.723578
0.411275
0.498481
0.722369
0.600079
0.626519
0.286365
0.547928
0.995777
0.453591
0.168509
0.996631
0.664816
0.928017
0.466974
0.457432
0.218988
0.381823
0.494435
0.553709
0.520755
0.338447
0.478404
0.794504
0.565384
0.765421
0.613010
0.641102
0.636506
0.413884
0.833917
0.366545
0.309299
0.702236
0.570512
0.093473
0.641460
0.369945
0.223710
0.253424
0.453315
0.559875
0.605944
0.379293
0.697981
0.640228
0.652223
0.380017
0.418490
0.302037
0.484901
0.289871
0.608892
0.442208
0.513710
0.589251
0.447223
0.907434
0.948790
0.706881
0.402747
0.468177
0.467892
0.735833
0.266054
0.688421
0.926977
0.171465
0.536964
0.599101
0.091745
0.333555
0.248754
0.746601
0.376622
0.841256
0.584279
0.452414
0.734042
0.255484
0.480816
0.362724
0.506540
0.549847
0.258405
0.622099
0.601287
0.509382
0.294915
0.943202
0.362699
0.514946
0.982264
0.514026
0.438142
0.188496
0.706346
0.709570
0.433951
0.247683
0.265177
0.737207
0.697930
0.513622
0.581574
0.415545
0.655312
0.475712
0.397385
0.362531
0.643017
0.760675
0.685253
0.607739
0.515165
0.389621
0.338519
0.634379
0.245386
0.314869
0.526167
0.268900
0.526067
0.466262
0.344139
0.869620
0.433866
0.497763
0.347797
0.615319
0.370429
0.415132
1.200004
0.733975
0.584783
0.646876
0.674995
0.647713
0.571793
0.648183
0.645413
0.237328
0.495522
0.795271
0.163715
0.549843
0.635670
0.809854
0.531132
0.539788
0.170785
0.328605
0.597429
1.169246
0.453853
0.764474
0.890653
0.398733
0.252721
0.182989
0.358947
0.476766
0.634991
0.303073
0.709586
0.748725
0.539067
0.940627
0.198579
0.181676
0.529988
0.613802
0.418912
0.726678
0.529943
0.380265
0.818633
1.066821
0.694391
0.382251
0.370221
0.395061
0.559281
0.586694
0.487878
0.440785
0.529556
0.354143
0.595085
0.737965
0.556181
0.527556
0.586237
0.742479
0.332021
0.505597
0.736092
1.117284
0.688428
0.388537
0.441864
1.024402
0.594242
0.401092
0.411871
0.367819
0.639714
0.405536
0.696230
0.400995
0.348306
0.777747
0.143961
0.865138
0.664048
0.619060
0.305137
0.409703
0.217250
0.405807
0.699792
0.225263
0.397144
0.227931
0.451225
0.533309
0.420436
0.604143
0.597285
0.280926
0.293159
0.615853
0.420897
0.428401
0.278163
0.660559
0.521152
0.821814
0.430950
0.171968
0.150312
0.576096
0.358645
0.736810
0.854601
0.311969
0.810748
0.603823
0.498452
0.375665
0.160546
0.676101
0.576512
0.929268
0.779641
0.284834
0.752858
0.601366
0.807656
0.337625
0.406417
0.553114
0.196497
0.492027
0.790378
0.614764
0.689151
0.274143
0.477044
0.422978
0.280296
0.326778
0.478729
0.417674
0.416220
0.728236
0.968595
0.315344
0.652055
0.279151
0.788158
0.619301
0.741402
0.727707
0.586817
0.311413
0.752448
0.751131
0.698455
0.457513
0.517018
0.571151
0.834783
0.389408
0.237640
0.525575
0.398836
0.706280
0.395493
0.425738
0.577229
0.320409
0.772478
0.248036
0.794394
0.514610
0.599087
0.240630
0.598550
0.341518
0.623999
0.458809
0.281103
0.574437
0.556999
0.488115
0.530750
0.590324
0.376918
0.739213
0.161423
0.571737
0.934888
0.475017
0.159104
0.177950
0.390169
0.947936
0.376910
0.409057
0.821818
0.953654
0.323319
0.626221
0.633497
0.597477
0.340358
0.419978
0.615073
0.652987
0.499523
0.551643
0.383136
0.401567
0.801428
0.518619
0.911234
0.135403
0.250428
0.427348
0.586501
0.278612
0.777951
0.443294
0.342085
0.547324
0.674809
0.586146
0.475027
0.803095
0.692699
0.497495
0.581381
0.431293
0.454918
0.527605
0.820680
0.645179
0.582770
0.295017
0.650570
0.627342
0.787056
0.640481
0.524599
0.579401
0.493072
0.238629
0.679560
0.295199
0.494167
0.604361
0.305817
0.639055
0.454625
0.729086
0.877894
0.844278
0.564045
0.275251
0.320658
0.193699
0.638516
0.313181
0.480009
0.533460
0.780480
0.291317
0.569934
0.578204
0.991206
0.316577
0.298537
0.563630
0.448699
0.382641
0.586417
0.353713
0.872513
0.539694
0.967622
0.420422
0.380739
0.378400
0.400080
0.691983
0.489581
0.812072
0.919435
0.465314
0.500009
0.513597
0.575591
0.288542
0.386557
0.747813
0.332756
0.430456
0.297450
0.270188
0.672188
0.345510
0.741714
0.369709
0.649846
0.888035
0.592368
0.344464
0.489298
0.399848
0.878851
0.517756
0.271297
0.445299
0.808294
0.105631
0.187406
0.517317
1.040444
0.447711
0.395957
0.594379
0.679730
0.816435
0.638942
0.305184
0.754168
0.372606
0.721483
0.492907
0.916984
0.571337
0.483060
0.611327
0.753150
0.522417
0.586035
1.118785
0.889049
0.325480
0.291744
0.534343
0.709255
0.579545
0.563226
0.954544
0.210212
0.663299
0.258736
0.332987
0.178875
0.225163
0.262869
0.676993
0.378372
1.044559
0.130203
0.495028
0.824963
0.666405
0.506109
0.692947
0.585372
0.098897
0.375216
1.268854
0.393265
0.112250
0.246125
0.382932
0.267791
0.365639
0.468999
0.675810
0.573583
0.811149
0.438140
0.376815
0.447507
0.386549
0.207989
0.575763
0.689278
0.459240
0.151667
0.497435
0.423425
0.440919
0.535036
0.276265
0.257646
0.590247
0.673996
0.228126
0.315429
0.578642
0.483748
0.294645
0.346104
0.471063
0.738081
0.466794
0.415162
0.884809
0.454247
0.371318
0.310095
0.208112
0.644497
0.672835
0.442278
0.938617
0.556095
0.516353
0.627977
0.069583
0.492537
0.512799
0.862050
0.756344
0.699102
0.541806
0.486101
0.719017
0.373733
0.902292
0.339626
0.743086
0.563374
0.215771
0.536391
0.579490
0.231403
0.270290
0.838197
0.527814
0.374929
0.249524
0.369139
0.440689
0.299294
0.607604
0.329278
0.690579
0.196956
0.775786
0.619111
0.338783
0.333700
0.278785
0.206522
0.408232
0.362702
0.435946
0.366807
0.978874
0.412797
0.604120
0.502146
0.542533
0.694330
0.620935
0.283011
0.601423
0.668169
0.291699
0.265775
0.307808
0.678172
0.218506
0.666324
0.467535
0.261949
0.374414
0.636670
0.295090
0.142546
0.725689
0.617373
0.540853
0.524698
0.572180
0.860133
0.250050
0.214657
0.531852
0.467426
0.653466
0.509837
0.516337
0.372923
0.694028
0.604800
1.048672
0.484213
0.410358
0.556902
0.667551
0.744253
0.889892
0.394052
0.620675
0.571170
0.808899
0.520687
0.991426
0.414484
0.314416
0.281744
0.603512
0.584707
0.433839
0.624187
0.942633
0.556060
0.118345
0.522753
0.645407
0.599445
0.165078
0.523563
0.521129
0.400456
0.496260
0.663128
0.858284
0.330883
0.490366
0.290389
0.463564
0.332605
0.619092
0.468304
0.950895
0.260051
0.060173
0.757695
0.050991
0.432968
0.871917
0.239200
0.425141
0.530894
0.764330
0.722729
0.553888
0.468019
0.798535
0.572209
0.244662
0.591328
0.240923
0.928304
0.236153
0.586206
0.406060
0.431813
0.233231
0.189456
0.709591
0.614516
0.651474
0.265766
0.505218
0.163515
0.497091
0.393844
0.415903
0.639747
0.659846
0.769204
0.319816
0.515281
0.664585
0.305215
0.563093
0.573607
0.396303
0.249805
0.582502
0.512226
0.507898
0.934994
0.619879
0.520977
0.640836
0.656766
0.387891
0.837390
0.464611
0.764403
0.462430
0.584536
0.765315
0.870199
0.337691
0.685803
0.502686
0.327462
1.125210
0.749583
0.370625
0.633086
0.436468
0.823214
0.468705
0.702531
0.719365
0.341883
0.437288
0.661262
0.264005
0.447868
0.737629
0.547298
0.936577
0.683270
0.863647
0.571373
0.546946
0.451920
0.484950
0.675545
0.936468
0.157168
0.459102
0.937539
0.628203
0.625239
0.212109
0.771962
0.186659
0.518761
1.307531
0.265262
0.266740
0.418190
0.903954
1.249278
0.102301
0.782491
0.659605
0.360651
0.507737
0.555204
0.948643
0.567792
0.216641
0.427678
0.498231
0.222132
0.596363
0.289405
0.367985
0.523901
0.375759
0.383859
0.809826
0.402987
0.729690
0.229024
0.753653
0.606898
0.689265
1.028266
0.662904
0.808129
0.602077
0.161301
0.317736
0.375595
0.434082
1.100078
0.272355
0.527925
0.133469
0.622519
0.803527
0.422156
0.474397
0.532532
0.404202
0.213539
0.800305
0.637046
0.741119
0.506143
0.481927
0.364482
0.183642
0.509903
0.785372
0.696431
0.453670
0.708638
0.273812
0.623233
0.401717
0.412268
0.374171
0.825427
0.499978
0.889085
1.001505
0.518656
0.770422
0.372027
0.622234
0.408538
0.694264
0.330246
0.360144
0.701699
0.242025
0.236326
0.438898
0.617307
0.861109
0.555821
0.243294
0.872575
0.568768
0.500755
0.468119
0.581678
0.487753
0.439826
0.259010
0.678896
0.312389
0.780416
0.551905
0.555949
0.506265
0.942761
0.482565
0.741486
0.369202
0.557619
0.085863
0.353725
0.665485
0.621514
0.193611
0.718448
0.527799
0.495299
0.579539
0.278039
0.553273
0.391652
0.343341
0.488503
0.554150
0.952525
0.589955
0.920954
0.392986
0.526013
0.426860
0.381313
0.489711
0.352457
0.368045
0.851913
0.656986
0.316876
0.373094
0.421367
0.213015
0.648710
0.263229
0.277480
0.569480
0.898113
0.688114
0.458065
0.288709
0.850858
0.487502
0.406292
0.784299
0.689925
1.012979
0.789082
0.263606
1.065899
0.279648
0.660299
0.595854
0.907080
0.396280
0.629548
0.364252
0.480163
0.388267
0.383120
0.452773
0.245854
0.724146
0.283772
0.422453
0.713760
0.958987
0.997564
0.336155
0.378359
0.871846
0.728128
0.596898
0.628529
0.272301
0.575449
0.653299
0.323825
0.922330
0.784651
0.728890
0.574806
0.352521
0.333745
0.698044
0.567732
0.153604
0.158680
0.582362
0.487899
0.543727
0.634838
0.216351
0.551238
0.413537
0.591384
0.432450
0.459648
0.619520
0.482520
0.729323
0.381091
0.341394
0.457430
1.173338
0.592522
0.437188
0.411025
0.618565
0.253125
0.925980
0.450939
0.518154
0.575913
0.265177
0.559017
0.256938
0.955272
0.263181
0.694013
1.111732
0.235057
0.497773
0.879360
0.640585
0.203948
0.567217
0.920249
0.720209
0.907157
0.557703
1.052513
0.785656
0.123060
0.631036
0.483564
0.375872
0.386993
0.476977
0.577773
0.493253
0.129538
0.038112
0.896586
0.217422
0.371677
0.340264
0.730919
0.545332
0.389261
0.334783
0.132015
0.709065
0.825362
0.546323
0.622167
0.483291
0.511733
0.164206
0.394436
0.416846
0.421510
0.390125
0.800298
0.648964
0.416912
0.575181
0.506783
0.360168
0.238244
1.031827
0.687545
1.075184
0.701692
0.555028
0.425716
0.451488
0.614631
0.392187
0.633473
0.780509
0.159398
0.311001
0.457697
0.293878
0.242593
0.377030
0.556219
0.711838
0.213040
0.854798
1.022302
0.497941
0.415258
0.504214
0.499488
0.135662
0.327539
0.683827
0.671198
0.909071
0.699685
0.251625
0.352357
0.261291
0.563971
0.554735
0.516102
0.465558
0.454731
0.578727
0.737174
0.417379
0.574952
0.204139
0.612189
0.370265
0.481337
0.472569
0.748878
0.697059
0.935904
0.185088
0.585700
0.611569
0.277057
0.576752
0.283706
0.337756
0.649490
0.404839
0.184637
0.402719
0.554501
0.612025
0.665313
0.376324
0.815012
0.447019
0.402325
0.466157
0.439278
0.404127
0.980030
0.330564
0.346747
0.650545
0.768569
0.210946
0.500018
0.578430
0.435712
0.680033
0.122627
0.555163
0.306834
0.921369
0.646024
0.635268
0.370405
0.386606
0.425805
0.878449
0.151312
0.283012
0.584752
0.815697
0.653890
0.878157
0.428281
0.679469
0.433374
0.514644
0.626222
0.176230
0.898695
0.179822
0.811535
0.504516
0.414419
0.086358
0.412208
0.115293
0.613617
0.239658
0.560817
0.485356
0.901921
0.701595
0.695235
0.413386
0.391536
0.288361
0.360019
0.275482
0.602109
0.502541
0.519995
0.441364
0.309617
0.631963
0.531082
0.550783
0.985529
0.502708
0.728657
0.112394
0.647007
0.318741
0.559681
0.478032
0.895517
0.598387
0.543497
0.545003
0.741287
0.226791
0.543719
0.381709
0.383473
0.882185
0.681121
0.409687
0.488442
0.934168
0.573636
0.603217
0.582393
0.583009
0.913443
0.308407
0.576210
0.430720
0.660895
0.103772
0.269993
0.773426
0.648764
0.465333
0.794068
0.959687
0.393723
0.994312
0.325176
0.570901
0.626791
0.763293
0.875233
0.607534
0.511830
0.386292
0.449545
0.590225
0.311126
0.422124
0.187886
0.914065
0.448790
0.843602
0.247243
0.175204
0.838404
0.181202
0.450756
0.189666
0.221775
1.102899
0.403428
0.687070
0.335335
0.493826
0.428910
0.282053
0.473272
0.279049
0.771997
0.624848
0.387641
0.745400
0.631349
0.438563
0.441307
0.378016
1.168082
0.594057
0.771699
0.746492
0.420381
0.564274
0.621667
0.266842
0.445888
0.330725
0.260579
0.656488
0.654608
1.050608
0.409204
0.705459
0.423653
0.793211
0.382162
0.499323
0.547120
0.344420
0.818240
0.450337
0.708196
0.479353
0.807258
0.346012
0.483184
0.493934
0.213369
0.371901
0.484600
0.577216
0.334049
0.403551
0.450912
0.368039
0.804532
0.318916
0.408978
0.298014
0.905515
0.574261
0.608677
0.485629
0.344496
0.687920
0.200561
0.578474
0.747046
0.432389
0.885776
0.383832
0.741530
0.882490
0.644921
0.239987
0.426901
0.556537
0.945009
0.683431
0.635561
0.279197
0.432258
0.061282
0.291091
0.485571
0.706591
0.565205
0.636678
0.579902
0.601504
0.738999
0.651209
0.471125
0.380156
0.463773
0.320300
0.332242
0.724063
0.198741
0.407087
0.796936
0.746198
0.218831
0.695002
0.545874
0.362599
0.291903
0.722389
0.782770
0.918816
0.401310
0.345829
0.451144
0.539094
0.566877
0.477870
0.678553
0.365156
0.852748
0.519545
0.359939
0.382230
0.541674
0.669647
0.385007
0.624247
0.501564
0.593816
0.397475
0.303466
0.688832
0.674859
0.482459
0.334128
0.194473
0.362230
0.760395
0.205017
0.642960
0.332354
0.839257
0.820957
0.140231
0.772725
0.317474
0.412178
0.591030
0.562845
0.568488
0.601063
0.862803
0.497053
0.641039
0.328747
0.239647
0.638884
0.361403
0.945158
0.573436
0.345356
0.364348
0.363435
0.638039
0.779051
0.667195
0.540266
0.447819
0.380754
0.809254
0.562914
0.637041
0.505917
0.264589
0.276306
0.283699
0.582920
0.348109
0.186190
0.607906
0.127152
0.613531
0.630205
0.509115
0.271658
0.582793
0.760069
0.818296
0.629320
0.644600
0.520350
0.397287
0.336517
0.395305
0.533317
0.240775
0.533924
0.390341
0.337741
0.513788
0.315870
0.455934
0.484978
0.337657
0.430848
1.027396
0.553876
0.422618
0.512367
0.734421
0.919499
0.666596
0.543488
0.303753
0.278874
0.530629
0.689454
0.746983
0.360202
0.619406
0.350345
0.469619
0.308131
0.626161
0.223044
0.242015
0.778632
0.556560
0.595802
0.308891
0.348870
0.450262
0.880046
0.353044
0.503681
1.170029
0.603542
0.183675
0.542005
0.651625
0.585502
0.388841
0.750751
0.443713
0.473481
0.713397
0.482758
0.822834
0.301752
0.361289
0.631624
0.510257
0.743583
0.490789
0.675510
0.317774
0.967475
0.400537
0.438739
0.285830
0.545478
0.758248
0.618161
0.349806
0.464189
0.647280
0.798719
0.498238
0.255047
0.699070
0.467888
0.353776
0.550621
0.587487
0.058324
0.825271
0.554662
1.012364
0.496104
0.756914
0.400889
0.483547
0.766812
0.324195
0.289726
0.613437
0.777016
0.902048
0.402549
0.456603
0.323478
0.845900
0.548791
0.562970
0.918242
0.665183
0.357233
0.675867
0.261706
0.470761
0.793466
0.703024
0.490599
0.398424
0.222933
0.591338
0.492927
0.568888
0.698373
0.669975
0.273686
0.816011
0.572485
0.151213
0.462769
0.570331
0.870154
0.297745
0.481322
0.317073
0.598834
0.511812
0.305115
0.800021
0.390864
0.703792
0.792737
0.428349
0.357245
0.627150
0.446412
0.630515
0.251814
0.437624
0.980208
0.334314
0.355845
0.763472
0.681360
0.208988
0.235693
0.707898
0.519274
0.569776
0.833536
0.630897
0.644366
0.324535
0.482439
0.445239
0.404017
0.185217
0.288714
0.592924
0.829853
0.750663
0.306609
0.232116
0.556549
0.848284
0.331336
0.285888
0.228916
0.650271
0.475498
0.647326
0.633125
0.334547
0.444675
0.546503
0.338157
0.542336
0.376725
0.329022
0.511124
0.457009
0.707722
0.699856
0.335673
0.444559
0.557883
0.623933
0.236674
0.491173
0.305244
0.485902
0.615955
0.785176
0.672822
0.581718
0.277756
0.237692
0.131038
0.294876
0.398246
0.273978
0.632879
1.121574
0.426447
0.517788
0.705547
0.727811
0.599338
0.191621
0.767166
0.780605
0.381672
0.516061
0.823974
0.349853
0.708036
0.546040
0.663521
0.410697
0.461499
0.592393
0.328766
0.270602
0.660230
0.705932
0.526213
0.548026
0.676781
0.794369
0.742641
0.479207
0.440221
0.766009
0.187660
0.525248
0.681788
0.552107
0.349913
0.764210
0.409138
0.631213
0.448149
0.596860
0.898185
0.435533
0.278090
0.385732
0.443940
0.697997
0.273391
0.144643
0.269823
0.629377
0.633908
0.617655
0.881024
0.603800
0.366883
0.114790
0.501694
0.588840
0.660060
0.352208
0.484377
0.391901
0.433334
0.873697
0.665068
1.013975
0.633497
0.495596
0.432684
0.327763
0.171359
0.404523
0.592804
0.755535
0.161786
0.586012
0.567106
0.580285
0.272156
0.672643
0.178647
0.846150
0.888517
0.709817
0.454359
0.648259
0.943001
0.309333
0.408098
0.673654
0.695857
0.682430
0.699069
0.684413
0.438681
0.303383
0.316019
0.715398
0.502110
0.746322
0.716092
0.144408
0.678393
0.478649
1.182279
0.733766
1.227814
0.848699
0.486517
0.408777
0.422630
0.472116
0.678137
0.581833
0.144150
0.559706
0.612590
0.660637
0.573233
0.089191
0.641817
0.611463
0.311881
0.570605
0.168542
0.601562
0.278717
0.739016
1.338988
0.127919
0.395327
0.795317
0.304743
0.524422
0.838023
0.633888
0.590297
0.394708
0.559712
0.090501
0.593815
0.395241
0.616575
0.341570
0.263009
0.358778
0.584917
0.661049
0.365631
0.567904
0.744080
0.368152
0.270756
0.409470
0.659083
0.811723
0.523852
0.205628
0.466633
0.859625
0.342325
0.066756
0.977977
0.931723
0.703535
0.567278
0.441240
1.015605
0.543199
0.634786
0.873336
0.034298
0.218523
0.447264
0.873587
0.268716
0.836754
0.466321
0.666253
0.547510
0.563870
0.567583
0.492766
0.716327
0.450543
0.358421
0.347804
0.380205
0.409430
0.330807
0.791926
0.606498
0.505807
0.679354
0.150027
0.460933
0.552312
0.394357
0.747962
0.113832
0.552953
0.302324
0.443493
0.654675
0.423689
0.796981
0.789632
0.329086
0.750736
0.243532
0.588777
0.296769
0.222431
0.430444
0.441602
0.498766
0.572314
0.148035
0.291392
0.407507
0.667195
0.771140
0.619958
0.445232
0.670479
0.322745
0.683866
0.315896
0.367185
0.272613
0.336254
0.748504
0.491109
0.108013
0.837921
0.955142
0.511000
0.529847
0.380468
0.351515
0.424012
0.407377
0.728000
0.448905
0.469531
0.294587
0.421600
0.455494
0.514495
0.735393
0.279779
0.590161
0.719890
0.601648
0.428562
0.545971
0.256583
0.949821
0.460374
0.222459
0.309539
0.398753
0.562161
0.296495
0.538640
0.866630
0.471657
0.539390
0.258664
0.450678
0.338547
0.197620
0.251815
0.259977
0.284654
0.400618
0.617574
0.177799
0.926618
1.139426
0.541250
0.356111
0.812845
0.378333
0.739426
0.435848
0.247519
0.422915
0.265753
0.855857
0.617256
0.653262
0.542552
1.088688
0.747864
0.778413
0.537181
0.602229
0.502620
0.274334
0.909901
0.857791
0.099423
0.336455
0.311576
0.205972
0.370405
1.109948
0.372415
0.986318
0.584152
0.965695
0.419743
0.504985
1.079719
0.257717
0.570896
0.106445
0.616450
0.938134
0.573102
0.435941
0.502292
0.525795
0.693232
0.693115
0.322151
0.258338
0.289191
0.154437
0.875788
0.243609
0.731424
0.804580
0.709318
1.141438
0.454240
0.583923
0.416860
0.617999
0.811176
0.760323
0.413138
1.105501
0.648993
0.527083
0.535387
0.318069
0.388711
0.337266
0.696109
0.260265
0.296129
0.480841
0.471013
0.631813
0.931695
0.391671
0.627316
0.637739
0.569212
0.800913
0.497657
0.766502
0.332929
0.992502
0.238685
0.499982
0.247592
0.603643
0.423076
0.659788
0.488677
0.262630
0.623903
0.529571
0.585340
0.469393
0.647615
0.776812
0.397924
0.600980
0.324695
0.984281
0.438723
0.586668
0.683219
0.610452
0.562513
0.345984
0.601298
0.276245
0.358777
0.460590
0.428542
0.194566
0.502477
0.412345
0.630262
0.304716
0.351284
0.253067
0.483454
0.603795
0.540162
0.302752
0.554696
0.590096
0.177329
0.311839
0.615108
0.265527
0.646458
0.554819
0.700066
0.499929
0.289920
0.063747
0.291737
0.234334
0.336217
0.293190
0.411694
0.417978
0.252102
0.350300
0.477098
0.347941
0.634988
0.434937
0.197981
0.365864
0.371993
0.678194
0.328243
0.990086
1.010777
0.873207
0.269935
0.275997
0.162821
0.119041
0.165665
0.729488
0.243922
0.425638
0.787483
0.348140
0.642380
0.714300
0.366034
0.099344
0.512478
0.207720
0.645536
0.151586
0.252054
0.648565
0.476890
0.252792
0.365870
0.254559
0.224712
0.414009
0.360193
0.790587
0.649688
0.493403
0.398380
0.457381
0.352251
0.597699
0.399441
0.583461
0.625784
0.671213
0.883810
0.335677
0.535159
0.503499
0.068742
0.613390
0.256837
0.617162
0.659797
0.322737
0.649559
0.273667
0.309281
0.411236
0.778408
0.317289
0.336082
0.706369
0.620805
0.683008
0.562977
0.429327
0.584563
0.904811
0.348889
0.207588
0.737725
0.436301
0.214445
0.729312
0.703370
0.414477
0.109325
0.657876
0.287459
0.343679
0.553717
0.670210
0.547464
0.526150
0.348510
0.531302
0.618376
0.153997
0.668208
0.495933
0.604438
0.588206
0.402347
0.563351
0.204572
0.230233
0.343616
0.602928
0.658279
0.253550
0.522741
0.852826
0.563377
0.489577
0.548607
0.785010
0.632626
0.301571
0.859519
0.585635
0.401637
0.428219
0.570048
0.415402
0.358674
1.063785
0.547090
0.580463
0.426081
0.319957
0.531249
0.317906
0.492036
0.529137
0.215705
0.524333
0.668678
0.263475
0.535898
0.935668
0.631250
0.340817
0.412567
0.488547
0.291522
0.502799
0.260361
0.272402
0.361284
0.714107
0.178717
0.328289
0.367259
0.756210
0.865647
0.414248
0.307368
0.422174
0.587436
0.877643
0.521677
0.855370
0.562158
0.224043
0.365220
1.004782
0.218503
0.329301
0.675053
0.780155
0.217615
0.592164
0.335278
0.599421
0.487778
0.977426
0.327165
0.655079
0.685459
0.242865
0.722356
0.403961
0.431023
0.616558
0.302243
0.584107
0.593656
0.702907
0.566800
0.351221
0.456470
0.538807
0.231852
0.734983
0.532959
0.425625
0.663076
0.576010
0.814110
0.718507
0.572372
0.512212
0.362786
0.323619
0.453228
0.598177
0.461485
0.553598
0.837551
0.412943
0.387186
0.485372
1.079156
0.466592
0.620045
0.309593
0.217747
0.809736
0.760217
0.465037
0.501359
0.371569
0.551168
0.466740
0.659361
0.795981
0.521502
0.220636
1.221830
0.245208
0.382119
0.616549
0.715631
0.970954
0.558246
0.434588
0.480998
0.502276
0.546951
0.534157
0.571930
0.464319
0.283344
0.587100
0.264028
0.438942
0.646891
0.643396
0.483926
0.527904
0.913292
0.365090
0.516309
0.279956
0.587544
0.963022
0.157265
0.555706
0.690885
0.627747
0.735700
0.907155
0.567632
0.899539
0.368647
0.506506
0.277193
0.698718
0.382431
0.401679
0.635502
0.885710
0.351096
0.732013
0.553408
0.365934
0.707367
0.419878
0.360192
0.479767
0.881016
0.110177
0.203929
1.135122
0.584531
0.851378
0.466977
0.243514
0.431101
0.381970
0.375602
0.314971
0.363775
0.605676
0.431458
0.591431
0.451650
0.352170
0.438776
1.028564
0.356219
0.517912
0.420218
1.057313
1.026094
0.957445
0.594824
0.302710
0.435574
0.684266
0.680379
0.269140
0.538088
0.506837
0.161395
0.113070
0.681126
0.679425
0.613652
0.510407
0.431304
0.318167
0.515295
0.509491
0.465322
0.816582
0.566620
0.261038
0.889001
0.229401
0.676899
0.455633
0.558231
0.468326
0.506666
0.341519
0.658265
0.401359
0.688478
0.785308
0.515844
0.437173
0.298703
0.848524
0.764542
1.082288
0.360039
0.418526
0.513642
0.244145
0.895043
0.658359
0.349861
0.335930
0.542187
0.463976
0.564629
0.465404
0.154871
0.863782
0.619849
0.658486
0.986755
1.083862
0.381505
0.599472
0.795589
0.624468
0.708210
0.798741
0.493609
0.322105
0.803352
0.455495
0.274325
0.604889
0.530589
0.708561
0.149904
0.685494
0.364370
0.485161
0.278873
0.441131
0.191390
0.787245
0.485687
0.480411
0.899207
0.273509
0.440452
0.424206
0.537364
0.239046
0.806063
0.355028
0.232840
0.774726
0.569417
0.799804
0.717503
0.398832
0.633574
0.364061
0.474837
0.657010
0.430992
0.225283
0.651425
0.252537
0.345021
0.652682
0.846837
0.322716
0.223723
0.794517
0.510431
0.938530
0.779758
0.222045
0.564931
0.831720
1.049208
0.595276
0.352938
0.490862
0.141857
0.592406
1.190357
0.909587
0.837951
0.605985
0.710867
0.528944
0.275266
0.560515
0.480647
0.648321
0.624245
0.681436
0.420553
0.318976
0.709088
0.273544
0.373617
0.793616
0.682065
0.496459
0.240889
0.456171
0.138510
0.366552
0.333717
0.571173
0.651313
0.307069
0.608480
0.208123
0.431641
0.710474
0.647985
0.138921
0.814820
0.153015
0.149829
0.169464
0.622402
0.330615
0.512974
0.392352
0.679928
0.455921
0.314505
0.587868
0.833039
0.331866
0.246916
0.286585
0.423104
0.591937
0.746607
0.849474
0.378659
0.543569
0.942042
0.885375
0.504897
0.512347
0.361778
0.067654
0.363365
0.921591
0.894524
0.632308
0.900885
0.437554
0.521470
0.379365
0.421454
0.355441
0.392000
0.270932
0.800820
0.175740
0.435966
0.880632
1.172745
0.611391
0.496227
0.478627
0.422340
0.373299
0.620979
0.532611
0.300859
0.667271
0.735086
0.137045
0.475149
0.427512
0.709252
0.623921
0.778961
0.802759
0.329794
0.284308
0.549570
0.473579
0.144245
0.679250
0.485567
0.477527
0.657781
0.671948
0.327999
0.782716
0.382342
0.444527
0.402879
0.422311
0.420450
1.039374
0.815013
0.670256
0.665927
0.264925
0.618072
0.668566
0.442306
0.438421
0.566016
0.768996
0.794832
0.339875
0.341251
0.153725
0.556296
0.415424
0.445145
0.767161
0.548378
0.374918
0.344348
0.525550
0.397393
0.544008
0.510652
0.200898
0.264867
0.489141
0.444904
0.570984
0.709065
0.786980
0.690262
0.683302
0.783972
0.401496
0.401717
0.888920
0.408304
0.335982
0.450088
0.831577
0.122508
0.646441
0.650757
0.995936
1.003300
0.368809
0.570542
0.382006
0.419694
1.025146
0.347180
0.683870
0.926905
1.036684
0.744573
0.306779
0.485875
0.429136
0.354833
0.096581
0.628609
0.615389
0.351994
0.401146
0.090819
0.331576
0.677810
0.471429
0.450436
0.316208
0.831573
0.473912
0.366868
0.500608
0.286506
0.697729
0.442422
0.523713
0.581000
0.839610
0.600144
0.809802
0.331406
0.151250
0.793435
0.325978
0.414487
0.300571
0.616054
0.365924
0.410129
0.696106
1.059223
0.496777
0.467278
0.423223
0.736377
0.593439
0.285721
0.435613
0.645021
0.457225
1.085450
0.449957
0.609353
0.722916
0.220574
0.812425
0.484668
0.130317
0.474585
0.661241
1.036004
0.200150
0.669620
0.490261
0.338572
0.531362
0.636267
0.637342
0.418687
0.697893
0.958275
0.604555
0.799325
0.497868
0.609853
0.703888
0.477694
1.054156
0.384017
0.535095
0.589211
0.436541
0.882939
0.562489
0.642744
0.570836
0.555578
0.349558
0.662803
0.737539
0.401840
0.394226
0.764529
0.536925
0.637497
0.728922
0.429000
0.380051
0.591109
0.795243
0.170078
0.437200
0.918994
0.181340
0.518420
0.731785
0.812989
0.677838
0.370826
0.469780
0.793047
0.375142
0.562006
0.537161
0.393866
0.741332
0.929669
0.530960
0.457852
0.297217
0.544614
0.361475
0.436994
0.625993
0.608815
0.379063
0.853773
1.087846
0.309503
0.645901
0.694530
0.346538
0.265845
0.107073
0.649422
0.588948
0.575212
0.781725
0.903481
0.899230
0.379289
0.377674
0.805506
0.573936
0.586263
0.469170
0.808805
0.866525
0.433247
0.520262
0.574310
0.616716
0.541706
0.267599
1.185464
0.608173
0.307828
0.479287
0.661070
0.465199
0.876723
0.843479
0.779837
0.434969
0.314921
0.729018
0.647468
0.538940
0.560169
0.247521
0.820351
0.360900
0.776894
0.572039
0.444342
0.539832
0.229724
0.329070
0.448499
0.812929
0.114035
0.616691
0.348073
0.496722
0.972320
0.517255
0.256096
0.662648
0.365485
0.533036
0.766767
0.274885
0.535697
0.246220
0.161123
0.446817
0.256221
0.497676
0.467973
0.369739
0.970309
0.566292
0.633258
0.609273
0.573050
0.313959
0.585488
0.739550
0.708734
0.307322
0.570985
0.179430
0.589641
0.387631
0.451307
0.284589
0.312017
0.373779
0.631769
0.079497
0.421070
0.581399
0.193882
0.339232
0.762356
0.261034
0.343936
0.803381
0.340797
0.298969
0.349689
0.213979
0.753980
0.559779
0.547591
0.978461
0.389828
0.374301
0.919571
0.498655
0.728754
0.447155
0.859142
0.622957
0.530531
0.356356
0.415996
0.312249
0.331825
1.442497
0.303743
0.692393
0.402990
0.363813
0.292546
0.639644
0.239044
0.295643
0.479581
0.233542
0.362638
1.077403
0.248223
0.421683
0.624316
0.318541
0.200087
0.659432
0.927773
0.456556
0.244397
0.513021
0.340353
0.430407
0.362945
0.503419
0.350964
0.613756
0.223223
0.999985
0.661804
0.410810
0.295299
0.715213
0.310856
0.848277
0.519480
0.479076
0.456487
0.756250
0.677372
0.785286
0.185401
0.681546
0.482266
0.419345
0.294019
0.460767
0.973376
0.586940
0.520041
0.892077
0.545153
0.579716
0.458584
0.603024
1.065206
0.286955
0.611720
0.432359
0.778263
0.613194
0.661125
0.296805
0.397779
0.849160
0.583912
0.599259
0.354057
0.380955
0.636985
0.441029
0.336954
0.319457
0.269854
0.489948
0.382285
1.137715
0.256032
0.442361
0.457862
0.424579
0.386750
0.384518
0.876055
0.496028
0.582326
0.624948
0.471984
0.419662
0.335931
0.196528
0.801425
0.491830
0.771735
0.600758
0.315342
0.646378
0.527044
0.645473
0.322394
0.579014
0.358321
0.954126
0.273192
0.615460
0.927442
0.508588
0.510086
0.406855
0.217274
0.224550
1.007863
0.402172
0.602484
1.071547
0.413285
0.445737
0.626318
0.213698
0.233670
0.457956
0.599431
0.870872
0.484565
0.612199
0.715961
0.497129
0.606313
0.333042
0.584957
0.616298
0.380493
0.321566
0.511959
0.210899
0.434389
0.277554
0.498268
0.606224
0.531603
0.857384
0.626908
0.850733
0.655924
0.524518
0.717666
0.495091
0.302938
0.249844
0.636092
0.334699
0.762744
0.587517
0.825377
0.007641
0.259554
0.532706
0.438949
0.261533
0.243552
0.239973
0.646343
0.953850
0.409594
0.423290
0.523530
0.612806
0.268657
0.359796
0.232976
0.276204
0.270248
0.498205
0.556834
0.567993
0.419951
0.519577
0.751305
0.452464
0.301907
0.400665
1.149740
0.470044
0.229928
0.926297
0.606929
0.488583
0.571442
0.166127
0.709407
0.596813
0.509723
0.397655
0.746909
0.939074
0.901508
0.563052
0.303396
0.822395
0.713142
0.226928
0.728389
0.763368
0.672055
0.250007
0.690058
0.454634
0.575095
0.552114
0.386791
1.066712
0.217816
0.365300
0.346632
0.494712
0.223156
0.973333
0.376697
0.436795
0.407298
0.683539
0.664151
0.567633
0.480729
0.680450
0.512822
0.644807
0.799429
0.410689
0.549273
0.329619
0.394882
0.235987
0.120021
0.559227
0.622054
0.155161
0.336050
0.362376
0.522036
0.670321
0.395656
0.800356
0.684521
0.305987
0.225444
0.447699
0.788006
0.356353
0.243789
0.218776
0.779144
0.441162
0.438852
0.536172
0.112628
0.455597
0.608436
0.326769
0.633620
0.943533
0.622487
0.616086
0.478906
0.413793
0.364993
0.900613
0.421594
0.360117
0.514590
0.122088
0.195912
0.603729
0.328376
0.534947
0.727045
0.708014
0.487990
0.434734
0.360432
0.334390
1.023820
0.509784
0.616293
0.620453
0.173193
0.724913
0.343636
0.302990
0.345214
0.229894
0.630936
0.394458
0.372053
0.234750
0.254026
0.651553
0.569062
0.577618
0.538415
0.490360
0.502999
0.188044
0.474923
0.230471
0.455856
0.386747
0.347229
0.614595
0.235527
0.288759
0.675051
0.666308
0.231996
0.915377
0.462272
0.583918
0.532067
0.385713
0.632712
0.690177
0.540771
0.940369
0.301909
0.395763
0.680299
0.648677
0.605140
0.280091
0.247752
0.445375
0.473660
0.412070
0.904567
0.449916
0.330628
0.477038
0.351553
0.344215
0.475436
0.767342
0.732037
0.771385
0.808395
0.794721
0.247303
0.588146
0.557047
0.835584
0.643670
0.506706
0.410131
0.399664
0.583084
0.140364
0.747129
0.482235
0.619244
0.409614
0.240402
0.365777
0.476808
0.376449
0.720594
0.425894
0.687002
0.435669
0.560213
0.665374
0.268164
0.834611
0.260937
0.632252
0.554878
0.419820
0.699048
0.404950
0.555709
0.669057
0.683967
0.155286
0.399035
0.791194
0.195208
0.786711
0.284573
0.306681
0.955216
0.411662
0.828548
0.386427
0.853530
0.432481
0.326724
0.416457
0.549852
0.240363
0.481111
0.442578
0.511139
0.455236
0.172252
0.716065
0.330369
0.804658
0.739040
0.386263
0.268416
0.538741
0.160587
0.550897
0.918653
0.648261
0.539072
0.484552
0.807208
0.391550
0.630414
0.882868
0.624644
0.401619
0.931849
0.463069
0.463740
0.564815
0.457275
0.658783
0.501074
0.708894
0.520708
0.353013
0.234810
0.447390
0.219366
0.825167
0.339573
0.472978
0.476386
0.330108
0.860430
0.329431
0.889934
0.136675
0.952190
0.355076
0.263349
0.704370
0.567433
0.295156
0.218591
0.695127
0.452693
0.328753
0.525281
0.195059
0.598282
0.404950
0.205332
0.441348
0.663141
0.774174
0.966814
0.296255
0.556104
0.612451
0.660605
0.207635
0.782143
0.828996
0.285575
0.466444
0.547362
0.747727
0.499272
0.298128
0.329145
0.576618
0.427499
0.833020
0.855833
1.032209
0.887085
0.374031
0.744671
0.256903
0.587632
0.674371
0.383491
0.404495
0.406662
0.597297
0.832847
0.486628
0.520820
0.312475
0.465317
0.368573
0.729889
1.014565
0.452389
0.720889
0.592770
0.455919
0.556476
1.007313
0.142196
0.368784
0.370141
0.712965
0.379006
0.726333
0.754809
0.667743
0.555918
0.455787
0.781773
0.144416
0.384610
0.367611
0.473463
0.396332
0.679726
0.635986
0.296984
0.706749
0.439018
0.425655
0.242574
0.446310
0.306290
0.194168
0.589309
0.552808
0.522792
1.160973
0.238374
0.540505
0.821179
0.715339
0.695226
0.240842
0.578611
0.738102
0.286676
0.350613
0.750205
0.427839
0.837215
1.133656
0.333753
0.390829
0.523432
0.220126
0.271611
0.678084
0.484580
0.166923
0.565958
1.123410
0.934630
0.571807
0.617386
0.439139
0.734817
0.556534
0.359804
0.325519
0.673998
0.453271
0.295912
0.668164
0.711863
0.858997
0.483106
0.486535
0.321539
0.524349
0.669986
0.534383
0.577035
0.628246
0.367728
0.558569
0.350818
0.345615
0.583919
0.839054
0.751830
0.468425
0.251625
0.616691
0.454066
0.699315
0.603006
0.709368
0.409587
0.884241
0.431323
0.433271
0.572140
0.424492
0.730861
1.010487
0.212974
0.422441
0.214372
0.473202
0.482598
0.541803
0.403986
0.215355
0.422069
0.450799
0.159500
0.652858
0.232168
0.246285
0.720912
0.537939
0.111585
0.272060
0.366339
0.593565
0.446108
0.334498
0.808266
0.689714
0.656149
0.197362
0.873808
0.345461
0.577244
0.635687
0.475674
0.367656
0.593988
0.422494
0.482110
0.226180
0.555184
0.986939
0.467643
0.854929
0.528838
0.788322
0.202552
0.274268
0.743542
0.626036
0.327708
0.315338
0.314166
0.720295
0.494326
0.483181
0.795846
0.445597
0.313621
0.680161
0.104379
0.492687
0.560123
0.345147
0.606884
0.404258
0.453608
0.417442
0.702078
0.498739
0.389741
0.314121
1.024361
0.443478
0.487991
0.711923
0.658575
0.527200
0.630053
0.412137
0.432871
0.375170
0.732701
0.332678
0.479764
0.671313
1.207531
0.583911
0.647907
0.472091
0.144451
0.918185
0.492820
0.501521
0.463567
0.366922
0.218426
0.644834
0.625826
0.474938
0.384406
0.274032
0.420777
0.657474
0.504222
0.912609
0.561729
0.452757
0.680764
0.827459
0.429514
0.769587
0.388055
0.389879
0.128381
0.564231
0.390741
0.318971
0.687638
0.642849
0.773571
0.320343
0.534139
0.372432
0.195422
0.305426
0.917503
0.356488
0.671088
0.515800
0.403920
0.821366
0.309149
0.461995
0.418083
0.805457
0.381889
0.805571
0.284668
0.861317
0.818780
0.767450
0.706168
0.670102
0.875928
0.669891
0.376185
0.607859
0.666332
0.365908
1.125221
1.225522
0.617324
0.681967
0.395499
0.640843
0.672830
0.404596
0.300972
0.652866
0.374456
0.367426
0.646154
0.595069
0.733752
0.765926
0.429418
0.570753
0.428646
0.564071
0.315426
0.331779
0.387120
0.962573
0.581044
0.461513
0.441054
0.944311
0.972925
0.594503
0.578602
0.796969
0.239817
0.865323
0.149506
0.734445
0.448470
1.005129
1.277002
0.337752
0.688989
0.211300
0.641732
0.292738
0.609563
0.796616
0.302917
0.193037
0.386621
0.521069
0.592494
0.358954
0.648692
0.124779
0.667153
0.637872
0.360169
0.191928
0.230555
0.414713
0.461103
0.728597
0.565024
0.563628
0.328186
0.541148
0.571313
1.262234
0.514549
0.221866
0.511726
0.468330
0.147436
0.976466
0.382380
1.202859
0.086791
0.584058
0.872215
0.568009
0.749892
0.562491
0.835491
0.423094
0.519549
0.530475
0.504829
0.363039
0.708736
0.698370
0.033649
0.390623
0.243704
0.170440
0.419807
0.603128
0.553572
0.862206
0.664772
0.371455
0.556600
0.431544
0.614157
1.030538
0.525166
0.384428
0.497189
0.397393
0.312004
0.597661
0.502025
0.249272
0.476521
0.843606
0.619256
0.654767
0.477797
0.852832
0.636895
0.507558
0.760387
0.420899
0.534125
0.700550
0.598683
0.191041
0.514038
0.433684
0.281034
0.402124
0.639100
0.846164
0.181143
0.539742
0.538073
0.342081
0.230205
0.759286
0.622390
0.164678
0.536245
0.440615
0.777590
0.768911
0.416531
0.274813
0.619793
0.873131
0.295356
0.517092
0.586763
0.969182
0.629111
0.534807
0.556212
0.888424
0.294549
0.684105
0.532510
0.107765
0.249364
0.569052
0.911297
0.344460
0.477070
0.585577
0.462125
0.788204
0.787042
0.670015
0.467487
0.380831
0.262590
0.522316
0.239497
0.261600
0.560448
0.531274
0.562904
0.678380
0.589692
0.853544
0.774646
1.039062
0.593057
0.975781
0.231474
0.485445
0.430495
0.493262
0.565764
0.114159
0.404193
0.358657
0.546827
0.781508
0.668315
0.379954
0.533805
0.863571
0.206397
0.664156
0.379345
0.438598
0.427134
0.878119
0.339811
1.001559
0.422452
0.618961
0.303416
0.387122
0.680660
0.584191
0.565377
0.525149
0.472363
0.476946
0.644700
0.356587
0.545130
0.337291
0.214375
0.883451
0.716740
0.823710
0.608317
0.653446
0.375715
1.047387
0.992774
0.541477
0.530163
0.528074
0.422519
0.738021
0.721561
0.726879
0.337730
0.166698
0.479834
0.323972
0.281620
0.637426
0.610267
0.526155
1.023673
0.209998
0.651987
0.517567
0.679638
0.563416
0.654786
0.333779
0.620354
0.363355
0.310693
0.518625
0.712646
0.226098
0.333583
0.270565
0.314217
0.251344
0.311718
0.223168
0.145732
0.959568
0.402771
0.778534
0.650326
0.870886
0.726422
0.445288
0.121704
0.634707
0.635868
0.352806
0.478062
0.598459
0.495073
0.232813
0.396417
0.187640
0.690717
0.538850
0.778171
0.457118
0.302607
0.305075
0.217279
0.409758
0.102848
0.658936
0.335380
0.110498
1.226711
0.631435
0.795895
0.330784
0.545258
0.797747
0.247333
0.357167
0.392338
0.497039
0.373425
0.815724
0.752183
0.619591
0.384546
0.320750
0.632028
0.498520
0.730517
0.423322
0.341506
0.372267
0.553393
0.300419
0.579402
0.295212
0.464630
0.753229
0.561442
0.442157
0.624330
0.385509
0.496923
0.569104
0.504837
0.836417
0.628177
0.324496
0.340658
0.705287
0.573831
0.598719
0.261441
0.372520
0.672395
0.753278
0.606054
0.110829
0.290300
0.571859
0.476505
0.543565
0.432574
0.568081
0.408404
0.339911
0.366726
0.351256
0.625760
0.402740
0.180425
1.101550
0.543309
0.839034
0.311378
0.316988
0.610429
0.432871
0.641482
0.618448
0.490453
0.769618
0.477568
0.408262
0.393336
0.398216
0.300488
0.251148
0.825908
0.556592
0.681787
0.278581
0.512517
0.529198
1.135781
0.677797
0.390325
0.180241
0.598472
0.476999
0.346742
0.819826
0.899681
0.232736
0.700871
0.782232
0.554559
0.783319
0.513538
0.217195
0.694348
0.665680
0.143586
0.502616
0.389081
0.386205
0.499344
0.186721
0.298306
0.695438
0.193994
0.685397
0.455687
0.415751
0.293239
0.228044
0.579541
0.698463
0.440097
0.199273
0.895279
0.938962
0.633103
0.519510
0.589180
0.342333
0.132380
0.282809
0.418764
0.530993
0.403583
0.279940
0.911750
1.404377
0.433693
0.742670
1.164673
0.956949
0.397050
0.461841
0.459929
0.661961
0.403551
0.088712
0.975687
0.373557
0.741480
0.250425
0.346258
0.594269
0.242807
0.580276
0.127603
0.480344
0.538209
0.459945
0.720958
0.673835
0.550977
0.263488
0.378368
0.651640
0.893258
0.377644
0.637073
0.620038
0.077344
0.402362
0.322706
0.742649
0.404653
0.781215
0.369234
0.433859
0.145461
0.474177
0.447406
0.725232
0.737286
0.280568
0.317034
0.439362
0.276914
0.149848
0.441538
0.544775
0.721472
0.586599
0.279317
0.472815
0.793442
0.364571
0.629565
0.406108
0.218547
0.225484
0.230225
0.666792
0.503200
1.087604
0.877583
0.272823
1.043942
0.262931
0.396639
0.666787
0.370410
0.613150
0.888417
0.441574
0.227038
0.860790
0.557309
0.912209
0.401139
0.474245
0.287878
0.774083
0.407698
0.706832
1.210766
0.417145
0.387652
0.346402
0.461851
0.432306
0.685151
0.899158
1.001152
0.783932
0.925819
0.627833
0.536090
0.276369
0.309236
0.720908
0.766347
0.100380
0.293601
0.609570
0.734470
0.473701
0.326672
0.530299
0.496614
0.447282
0.584255
0.664370
0.704754
0.570692
0.387329
0.579679
0.616428
0.305664
0.828595
0.650856
0.565478
0.403271
0.463900
0.269779
0.451773
0.510784
0.370032
0.426744
0.296318
0.357915
0.374195
0.430063
0.623917
0.595448
0.287854
0.278350
0.364592
0.338055
0.374404
0.475403
0.610105
0.474933
0.268162
0.551597
0.838615
0.430848
0.419951
0.251238
0.361664
0.624071
0.452092
0.918834
0.651721
0.803938
0.132000
0.200878
0.679192
0.515322
0.404086
0.680024
1.210352
0.585474
0.273828
0.372903
0.520641
0.542125
0.266539
0.277958
0.577179
0.277263
0.936269
0.177716
0.387415
0.684556
0.594739
0.298179
0.362465
0.633184
0.527979
0.329119
0.649763
0.656254
0.721623
0.234472
0.193923
0.306875
0.705739
0.374896
0.524162
0.722641
0.836739
0.450101
0.583605
0.598562
0.375475
0.324375
0.505282
0.630704
0.456786
0.830963
0.348374
0.523023
0.459145
0.418150
0.366022
0.168899
0.675229
0.823385
0.362138
0.745190
0.391334
0.389243
0.429412
0.822298
0.854445
0.842557
0.413809
0.583419
0.787768
0.742960
0.378251
0.648917
0.705058
0.294071
0.328260
0.419895
0.202268
0.630479
0.252641
0.321160
0.564743
1.029171
0.742874
0.434503
0.168693
0.562365
0.515017
0.695006
0.612292
0.768118
0.507077
0.086346
0.414252
0.326382
0.735169
0.482843
0.721400
0.659997
0.753556
0.279024
0.276424
1.099438
0.587832
0.502428
0.481009
0.688753
0.450063
0.323941
0.354065
0.306980
0.813123
0.324160
0.446125
0.336225
0.706591
0.293524
0.498775
0.538120
0.709170
0.484975
0.360228
0.252129
0.609958
0.074069
0.748377
0.787981
0.610745
0.377481
0.401958
0.428783
0.364862
0.766975
0.617147
0.857133
0.823889
0.475799
0.288014
0.268853
0.479886
0.738146
0.778629
0.523253
0.322035
0.420304
0.619185
0.905494
0.521647
0.317412
0.361264
0.436951
0.518131
0.425267
0.965919
0.657921
0.572290
0.648733
0.294153
0.450299
0.678874
0.600891
0.626384
0.469212
0.388844
0.440661
0.482487
0.744600
0.515105
0.578675
0.402428
0.481551
0.839679
0.480487
0.879156
0.112933
0.843325
0.380308
0.741846
0.702219
0.949946
0.640403
0.148385
0.518906
0.927702
0.817488
0.379927
0.796612
0.485073
0.950426
0.433190
0.705385
0.360385
0.407701
0.674079
0.272706
0.425978
0.685546
0.130052
0.381243
0.893349
0.539044
0.583591
0.577609
0.672196
0.396444
0.550415
0.746300
0.485620
0.407374
0.359463
0.575802
0.627372
0.309203
0.334158
0.618866
0.130909
0.096461
0.536591
0.377305
0.289796
0.505176
0.279128
0.308338
0.622591
0.085027
0.242249
0.685957
0.353001
0.520247
0.058018
0.242867
0.565334
0.609308
0.608835
0.589406
0.500367
1.211417
0.273520
0.504624
0.922617
0.247355
0.927301
0.433061
0.939138
0.876362
0.762565
0.336359
0.360698
0.946989
0.579524
0.586353
0.226192
0.374162
0.722847
0.076432
0.229853
0.552651
0.731181
0.597861
0.289626
0.257352
0.418675
0.845705
0.527878
0.417522
0.381360
1.067596
0.920118
0.435755
0.292927
0.551481
0.485550
0.200496
0.763534
0.449895
0.613558
0.355784
0.432565
0.458794
0.754773
0.766768
0.452755
0.627601
0.901645
0.389792
0.892378
0.360643
0.336166
0.732883
0.597988
0.261619
0.398203
0.559624
0.796445
0.373187
0.368105
0.490710
0.925641
0.246372
0.481159
0.856390
0.567461
0.547658
0.305803
0.282169
0.354443
0.794545
0.504910
0.891905
0.517952
0.299192
0.690604
0.156557
0.344891
0.606157
0.299760
0.878277
0.609652
0.540393
0.447927
0.605693
0.453500
0.603226
0.225321
0.663734
0.127015
0.572159
0.375699
0.530245
0.259989
0.550316
0.528323
0.496788
0.319345
0.666788
0.419221
0.459344
0.608522
0.843859
0.763174
0.550524
0.457885
0.668545
0.339975
0.430435
0.559772
0.635758
0.702016
0.515473
0.407616
0.903879
0.220918
0.408596
0.379871
0.628317
0.302699
0.315175
0.204312
0.670726
0.538941
0.491793
0.318306
0.802181
0.650354
0.605441
0.423825
0.518647
0.510377
0.307092
0.526154
0.553717
0.711581
0.206863
0.439247
0.615635
0.369451
1.088146
0.739117
0.431143
0.571191
0.479590
0.239735
0.440195
0.421603
0.241511
0.246652
0.509859
0.685908
0.646257
0.743038
0.633520
0.641714
0.198122
0.614795
0.768801
0.331765
0.657659
0.725720
0.588321
0.204585
0.678592
0.630654
0.564056
0.720952
0.656709
0.560261
1.214458
0.731577
0.558526
0.228604
0.870881
0.345397
0.593293
0.926629
0.429846
0.598065
0.696872
0.747400
0.157340
0.401138
0.427273
0.404028
0.596253
0.307155
0.877886
0.566288
0.454870
0.669898
0.163478
0.698103
0.889452
0.184456
0.277343
0.970676
0.436700
0.900538
0.589414
0.223704
0.561690
0.488415
0.576836
0.285770
0.748425
0.769318
0.608351
0.466855
0.682901
0.401697
0.719509
0.599218
0.583920
0.441755
0.382016
0.603290
0.936908
0.636906
0.575137
0.088325
0.292072
0.614473
0.628035
0.601332
0.598051
0.402104
0.266537
0.565476
0.286432
0.651791
0.620975
0.566612
0.748222
0.699263
0.379607
1.231412
0.163463
0.714893
0.459304
0.418025
0.795144
0.188750
0.087567
0.352723
0.726762
0.314076
0.743427
0.314783
0.137346
0.386705
0.754422
0.750262
0.399175
0.447985
0.389677
0.811275
0.611759
0.222391
0.519527
1.055275
0.393804
0.681539
0.480536
0.822752
1.112336
0.374045
0.487957
0.319810
0.510953
0.976737
0.962708
1.042602
0.989333
0.972519
0.260350
0.516726
0.808672
0.413056
0.484549
0.497495
0.482758
0.535117
0.457894
0.392024
0.325215
0.550382
0.278924
0.797391
0.485592
0.521230
0.220983
0.629356
0.881618
0.179112
0.601636
0.424814
0.620799
1.277135
0.468881
0.642880
0.783522
0.393894
0.198145
0.268185
1.022991
0.762163
0.322226
0.392152
0.416559
0.170503
0.502497
0.420481
0.260351
0.560840
0.126545
0.531037
0.408838
0.508763
0.788032
0.377285
0.529070
0.415975
0.480716
0.392916
0.764824
0.497728
0.501050
0.481854
0.728454
0.769381
0.392739
0.383679
0.131051
0.250981
0.265847
0.098798
0.410289
0.959410
1.036906
0.387406
0.060207
0.132584
0.392191
0.477831
0.521110
0.911720
0.622829
0.216858
0.312803
0.811799
0.345251
0.603209
0.396275
0.304774
0.705935
0.398712
0.297947
0.348349
0.602048
0.894419
0.641892
0.352273
0.432138
0.582153
0.250385
0.482094
0.609524
0.402318
0.587921
0.312441
0.575215
0.313823
0.588941
0.491772
0.683872
0.662976
0.376421
0.213883
0.504757
0.578474
0.855093
0.609729
0.466947
0.800413
0.507119
0.817963
0.516716
0.815646
0.926762
0.423081
0.272730
0.373448
0.215941
0.356699
0.764803
0.870951
0.456982
0.733144
0.214853
0.878910
0.585050
0.774874
0.400426
0.470552
0.660082
0.619810
0.394551
0.412518
0.501587
0.567376
0.497367
0.210767
0.412583
0.405201
0.604133
0.655249
0.228032
0.357668
0.407622
0.217805
0.562349
0.361096
0.649212
0.457986
0.498413
0.562529
0.713063
0.478262
0.551685
0.606464
1.061213
0.420705
0.754815
0.363520
0.463966
0.490221
0.409266
0.496837
0.627696
0.614398
0.485583
0.324495
0.544161
0.839646
0.247161
0.516750
1.046730
1.214846
0.318550
0.794568
0.605992
0.283655
0.417332
0.339748
0.540933
0.756525
0.840600
1.015607
0.339370
0.400891
0.387882
0.686398
0.391665
0.595657
0.482111
0.644426
0.854452
0.343993
0.545338
0.693086
0.818646
0.482883
0.271817
0.284226
0.900937
0.543599
0.324054
0.406821
0.446690
0.507698
0.299255
0.430229
1.050849
0.863777
0.665431
0.342387
0.445932
0.709197
0.491028
0.429630
0.577637
0.824519
0.450045
0.553545
0.324387
0.545645
0.341241
0.570292
0.253464
0.491538
0.600411
0.681361
0.837320
0.668316
0.451671
0.276773
0.230211
0.703251
0.596944
0.487929
0.288745
0.453185
0.291521
0.447761
0.573164
0.544373
0.605545
0.472206
0.375241
0.760948
0.510384
0.487860
0.673458
0.292212
0.398093
0.557736
0.317556
0.370846
0.253795
0.463109
0.124415
0.369926
0.463413
0.125810
0.330971
0.463231
0.311444
0.548539
0.122035
0.349319
0.529291
0.155570
0.213770
0.319510
0.183181
0.408049
0.523486
0.237752
0.583866
0.326627
0.507564
0.514475
0.198597
0.034250
0.464566
0.631984
0.713855
1.170132
0.425675
1.209671
0.193291
0.468593
0.765847
0.282172
0.546656
0.494389
1.029967
0.913212
0.426896
0.823599
0.881947
0.607206
0.544248
0.152338
0.283185
0.334239
0.445522
0.528840
0.738221
0.441140
0.593611
0.524007
0.404695
0.709985
0.636282
0.570494
0.442605
0.537484
0.502367
0.582973
0.474083
0.330826
0.725145
0.640601
0.400979
0.372800
0.926069
0.601437
1.056070
0.509669
0.333416
0.300531
0.417707
0.208338
0.600205
0.779501
0.761042
0.456771
0.206879
0.592364
0.341537
0.667613
0.182113
0.787305
0.232553
0.632525
0.423539
0.561648
0.546800
0.318820
0.472609
0.517244
0.731627
0.586024
0.768579
0.379699
0.924583
0.428321
0.629696
0.488468
1.208453
0.134968
0.802049
0.289291
0.377600
0.314777
0.165621
0.315844
0.328504
0.918183
0.464200
0.333170
0.703251
0.210951
1.062069
0.435782
0.215238
0.801383
0.787446
0.413400
0.443795
0.511523
0.161099
0.296448
0.267493
0.947425
0.667128
0.516148
0.338933
0.438021
0.258121
0.319265
0.497712
0.573346
0.717264
0.468774
0.334213
0.082217
0.470478
0.175136
0.285046
0.378765
0.187319
0.359228
0.438319
0.489685
0.967036
0.898394
0.544349
0.870570
0.825042
0.399532
0.217030
0.414150
0.331090
0.934622
0.779896
0.505634
1.006820
0.598829
0.940494
0.387664
0.301492
0.308508
0.463327
0.774609
0.432138
0.615517
0.630328
0.612265
0.487633
0.767292
0.310424
0.478296
0.313559
0.706539
0.563822
0.920645
0.483475
0.373406
0.447264
0.291869
0.340265
0.258243
0.408904
0.513388
0.278057
0.522215
0.324222
0.523153
0.607889
0.555538
0.459101
0.177061
0.355174
0.343371
0.125241
1.049084
1.024754
0.563688
0.304339
0.413143
0.302146
0.851161
0.241527
0.679444
0.376819
0.333146
0.775834
0.477292
0.344145
0.934316
0.498345
0.264117
0.312195
0.570375
0.462108
0.379504
0.249149
0.369650
0.365041
0.555770
0.305859
0.570973
0.645530
0.377568
0.734616
0.516492
0.575941
0.148950
0.569882
0.800907
0.339240
0.956983
0.567266
0.634536
0.566436
0.288352
0.639699
0.343621
0.470451
0.390048
0.424237
0.714666
0.533861
0.959733
0.756712
0.655868
0.329769
0.117609
0.600316
0.483179
0.650048
0.260810
0.400401
0.148704
0.311166
0.374145
0.383775
0.175090
0.602589
0.271237
0.749762
0.627455
0.600032
0.483130
0.375694
0.536038
0.591549
0.748524
0.258405
0.671111
0.464575
0.650781
0.511452
0.314404
0.294839
0.470465
0.660790
0.135431
0.574147
0.200934
0.517113
0.305238
0.299021
0.535921
0.652899
0.723714
0.426849
0.448645
0.729486
0.614300
0.411836
1.120989
0.712115
0.568678
0.574688
0.416734
0.704107
0.417905
0.419485
0.420602
0.485011
0.431287
0.355026
0.510651
0.586270
0.349926
0.710435
0.637937
0.257841
0.532377
0.612585
0.634150
0.767621
0.515346
0.504892
0.519185
0.358730
0.303011
0.373913
0.782485
0.316343
0.833747
0.832955
0.362791
0.364899
0.711523
0.674600
0.938269
0.207275
0.955833
0.423501
1.036274
0.687512
0.835101
0.617909
0.701207
0.509341
0.583055
0.599750
0.270157
0.317344
0.510453
0.367598
0.776507
0.563348
0.962298
0.784353
0.414859
0.441166
0.382404
0.571856
0.369655
0.555235
0.737387
0.315883
0.562827
0.614670
0.559719
0.344053
0.331713
0.564743
0.409655
0.392147
0.403217
0.379526
0.320582
0.231825
0.558462
0.419279
0.345615
0.448924
0.219595
0.721177
0.486212
0.454406
0.733587
0.337661
0.499602
0.801168
0.829156
0.394211
0.515052
0.689987
0.528374
0.340574
0.261113
0.444404
0.491027
1.618237
0.373117
0.533801
0.232424
0.216348
0.314432
0.122597
0.272692
0.814893
0.214476
0.866064
0.469222
0.551681
0.217933
0.365326
0.189302
0.702532
0.516017
0.928021
0.290521
0.576516
0.254874
0.825297
0.657785
0.469655
0.631061
0.212340
0.160042
1.012022
0.734482
0.668593
0.212014
0.525862
0.328626
0.501365
0.323424
0.547150
0.597521
0.451625
0.631640
0.185404
0.434839
0.554616
0.752918
0.494617
0.692894
0.428067
0.706730
0.586582
0.269314
0.614590
0.849728
0.247360
0.476404
0.559360
0.382462
0.531550
0.160165
0.461696
0.398257
0.861152
0.135549
0.669076
0.783946
0.735578
0.513776
0.741437
0.407565
0.310924
1.040951
0.391484
0.814056
0.614060
0.101521
0.254313
0.403707
0.357643
0.777702
0.504958
0.944547
0.630185
0.522246
0.402816
0.802394
0.466558
0.379590
0.438735
1.031243
0.819745
0.336734
0.470064
0.408654
0.822373
0.262898
1.086243
0.357187
1.085715
1.035919
0.495669
0.158756
0.542242
0.524878
0.418932
0.156032
0.761415
0.746873
0.885853
0.919629
0.292688
0.350013
0.552294
0.604663
0.743674
1.142895
0.620115
0.629602
0.621709
0.310275
0.726374
0.498789
0.710185
0.247835
0.134874
0.803628
0.661782
1.097202
0.792067
0.310820
0.577580
0.883493
0.197705
0.744066
0.845021
0.666616
0.486378
0.797206
0.411590
0.243578
0.643220
0.362261
0.224308
0.482250
0.867954
0.546329
0.450715
0.593624
0.854973
0.254353
0.468771
0.443991
0.707047
0.400512
0.680191
0.341573
0.347714
0.291903
0.610791
0.616127
0.571985
0.739872
0.918372
0.331915
0.587635
0.378868
0.373535
0.607145
0.127924
0.180846
0.150192
0.225518
0.580344
0.577365
0.553822
0.347703
0.448774
0.845987
0.364203
0.283617
0.316940
0.614218
0.578473
0.537572
0.596148
0.446981
0.713113
0.540057
0.235606
0.922808
0.544066
0.437947
0.115530
0.446554
0.476472
0.503243
0.153493
0.928928
0.331510
0.554786
0.553072
0.444879
0.751048
0.514416
0.738082
0.486327
0.271204
0.757468
0.314524
0.372233
0.736525
0.926467
0.694111
0.471261
0.323287
0.657286
0.301915
0.631217
0.699065
0.870450
0.595025
0.314424
0.742838
0.456630
0.789056
0.349727
0.292023
0.156929
0.662817
1.167362
0.882073
0.573460
0.465615
0.432789
0.182810
0.571218
0.598218
0.508528
0.617626
0.377934
0.439079
0.224260
0.145104
0.762833
0.566620
0.397244
0.561680
0.299763
0.573167
0.307188
0.758453
0.336077
0.234387
0.659587
0.553845
0.475677
0.328739
0.611917
0.277444
0.324045
0.362575
0.190153
0.287938
0.265780
0.359670
0.558639
0.605342
0.394982
0.441041
0.164511
1.236570
0.423261
0.662712
0.525097
0.660269
0.602508
0.699898
0.267104
0.570355
0.452548
0.848363
0.950818
0.309831
0.553900
0.300264
0.288443
0.713632
0.255334
0.694330
0.501747
0.546350
0.425144
0.729960
0.568300
0.579518
0.607792
0.566227
0.524385
0.321859
0.495363
0.401672
0.673324
0.275222
1.161102
0.431907
0.333647
0.534601
0.471751
1.841280
0.594331
0.372784
0.742719
0.660236
0.732024
0.475622
0.799652
0.410269
0.453338
0.444654
0.638611
0.919018
0.621243
0.880559
0.811689
0.640748
0.276868
0.464771
0.492619
0.669892
0.453858
0.774599
0.512609
0.495293
0.401181
0.658377
0.657048
0.624835
0.729329
0.847763
0.852665
0.634826
0.749981
0.701707
0.757195
0.524339
0.309097
0.667403
0.452203
0.365389
0.746857
0.265120
0.820928
0.411236
0.459256
0.772430
0.258648
0.307280
0.375436
0.441831
0.241313
0.237807
0.294729
0.571634
0.626886
0.574796
0.664528
0.406101
0.634869
0.253281
0.514474
0.531504
0.678418
0.195992
0.442983
0.126366
0.434745
0.496616
1.030248
0.259971
0.937429
0.614510
0.555991
1.057464
0.324076
0.661213
0.222038
0.392250
0.651677
0.333543
0.609376
0.910093
0.623022
0.739541
0.495620
0.598263
0.206105
0.352471
0.301093
0.579934
0.373158
0.475608
0.572727
0.698735
0.443882
0.769084
0.485955
0.620446
0.193437
0.489020
0.425231
0.462921
0.264151
0.461634
0.676790
0.151152
0.502117
0.649040
0.302225
0.343258
0.451496
0.735650
0.429657
0.480194
0.757095
0.763132
0.458939
0.353539
0.433542
0.102495
0.532410
0.590239
0.392695
0.626747
0.588109
0.511760
0.766604
0.459372
0.822027
0.273216
0.597547
0.542042
0.901473
0.132287
0.928511
0.127271
0.364266
0.422118
0.719941
0.491862
0.339396
0.446763
0.194107
0.254265
0.621386
0.618233
0.658511
0.482334
0.111194
0.694682
0.239999
0.798666
0.529285
0.421844
0.616153
0.531458
0.843077
0.731346
0.656341
0.513918
0.569507
0.441663
0.897549
0.470995
0.417602
0.467795
0.397798
0.305575
0.663934
0.802408
0.486780
0.628423
0.327579
0.471226
0.508742
0.386584
0.414730
0.888058
0.354568
0.545601
0.684618
0.154522
0.214428
0.357586
0.297399
0.616413
0.322566
0.748191
0.696709
0.488496
0.188453
0.466471
0.798609
0.327679
0.771823
0.198005
0.822760
0.195182
0.372207
0.572093
0.911013
0.523101
0.551979
0.393262
0.490295
0.880337
0.275750
0.765255
0.313847
0.671296
0.744180
0.304072
0.577806
0.566943
0.493590
0.587068
0.263302
0.064960
0.689971
0.718272
0.811288
0.581948
0.380503
0.278401
0.427003
0.907162
0.810212
0.844571
0.859251
0.796541
0.788589
0.329800
0.478928
0.535606
0.453512
0.410510
0.572508
0.826262
0.470442
0.627850
0.200673
0.498416
0.528056
0.291208
1.182640
0.232874
0.556742
0.341176
0.858297
0.449642
0.412961
0.333045
0.510568
0.584438
0.487119
0.517705
0.142024
0.505984
0.410127
0.369510
0.395577
0.454783
0.463324
0.706527
0.326029
0.243629
0.652277
1.001304
0.348763
0.570879
0.841498
0.936457
0.566671
0.705756
0.522240
0.500383
0.810203
0.250953
0.662238
0.194249
0.467227
1.044906
0.358025
0.496219
0.958652
0.412832
0.193735
0.325170
0.679205
0.527876
1.023302
0.694562
0.242917
0.178508
0.597103
1.119923
0.704156
0.390285
0.542945
0.048299
0.671083
0.590867
0.691236
0.720834
0.647699
1.357850
0.240245
0.398593
0.588305
0.646250
0.832796
0.478189
0.376258
0.565620
0.393266
0.750267
0.177919
0.558921
0.599795
0.882163
0.519858
0.901684
0.672674
0.793124
0.490349
0.373968
0.821343
0.399517
0.598422
0.398423
0.381309
0.588388
0.479408
0.657861
0.272574
0.239105
0.423549
0.426978
0.327620
0.664760
0.967155
0.413628
0.155224
0.409035
0.350968
0.667631
0.664220
0.149131
0.416728
0.324658
0.580450
0.263140
0.601020
0.769013
0.482261
0.547269
0.642870
0.570330
0.482667
0.301134
0.171838
0.320731
0.286331
0.371246
0.576756
0.402400
0.449307
0.337287
0.726327
0.255967
0.474632
0.729350
0.377668
0.523540
0.500125
0.200659
0.611920
0.442753
0.550452
0.295193
1.079539
0.740256
0.351972
0.726759
0.499766
0.353438
1.079340
1.037384
0.416667
0.481234
0.529415
0.870847
0.339858
0.440590
0.198082
0.341079
0.837456
0.727941
0.574912
0.523452
0.569020
0.194483
0.545835
0.223115
0.347717
0.611090
0.949645
0.718347
0.878055
0.472502
0.841068
0.528982
0.371699
0.487754
0.187908
0.418764
0.331515
0.363232
0.691893
0.315732
0.545066
0.309139
0.138051
0.712030
0.432276
0.566731
0.291864
1.000212
0.607524
0.756839
0.383753
0.345859
0.577048
0.321780
0.589667
0.706495
0.203340
0.514270
0.479323
0.170147
0.454898
0.538934
0.297197
0.744134
0.309066
0.868093
0.358624
0.681867
0.789223
0.432282
0.474694
0.356456
0.575738
0.373768
0.162009
0.752576
1.031029
0.549361
0.610347
0.572037
0.422846
0.461317
0.533310
0.250894
0.577650
0.467722
0.236044
0.572001
0.885608
0.603439
0.346502
0.648315
0.689033
0.686393
0.278976
0.724594
0.656730
0.224857
0.410400
0.656125
0.541596
0.544979
0.448402
0.947690
0.168415
0.161826
0.833021
0.122768
0.239985
0.471416
0.283977
0.365716
0.364349
0.918576
0.420180
0.480818
0.127194
0.636220
0.627618
0.287931
0.710606
0.365857
1.138239
0.450078
0.622373
0.275567
0.895401
0.482483
0.603952
0.562235
0.772465
0.874368
0.681231
0.763988
0.583877
0.733115
1.027534
0.351380
0.537629
0.394604
0.587737
0.442834
0.807947
0.609272
0.761035
0.497205
0.487782
0.485765
0.477574
0.634617
0.900502
0.413314
0.589255
0.112288
0.660104
0.825812
0.332964
0.418948
0.219367
0.210729
0.651991
0.851863
0.721527
0.385629
0.840106
0.424994
0.915040
0.659186
0.482806
0.322154
0.582782
0.093945
0.573644
0.591279
0.309927
0.804524
0.582667
0.263004
0.964194
0.632586
0.228465
0.609431
0.567040
0.641644
0.407776
0.461295
0.549078
0.553799
0.441345
0.327881
0.255286
0.552758
0.385998
0.791548
0.522341
0.465801
0.716571
0.244065
0.297859
0.490360
0.567771
0.574911
0.167777
0.484759
0.238092
0.553686
0.526890
0.365706
0.523049
0.293636
0.775722
0.164314
0.812909
0.808488
0.642954
0.476236
0.446294
0.677089
0.376003
0.601750
0.642601
0.835195
0.801755
0.555487
0.392684
0.354546
0.588480
0.512511
0.612175
0.134035
0.248936
0.222528
0.184008
0.405694
0.213500
0.443466
0.555258
0.692541
0.612631
0.472701
0.267005
0.499854
0.373975
0.123081
0.690144
0.629522
0.253207
0.656682
0.781732
0.401182
0.452611
0.564543
0.360281
0.540189
0.702617
0.414337
0.914822
0.273482
0.966385
0.882567
0.645149
0.988913
0.700787
0.735342
0.729689
0.264156
0.662073
0.362184
0.381052
0.515907
0.924311
0.833665
0.208222
0.155994
0.211526
0.512598
0.555913
0.734995
0.819794
0.730328
0.625719
0.467031
0.189681
0.738685
0.355730
0.153936
0.438721
0.700227
0.733523
0.529944
0.447565
0.609685
0.675875
0.677651
0.686859
0.465396
0.335168
0.505074
0.620387
0.660734
0.871856
0.640996
0.313657
0.344424
0.543179
0.714935
0.397098
0.786422
0.490553
0.807888
0.295136
0.496160
0.670958
0.913832
0.259193
0.601248
0.722078
0.374711
0.527920
0.626383
0.227461
0.388149
0.287523
0.526339
0.653110
0.609934
0.201050
0.314852
0.541378
0.540583
0.863758
0.577716
0.472375
0.602984
0.468035
0.916592
0.636825
0.497450
0.250561
0.963908
0.600934
0.638071
0.598083
0.364135
0.865617
0.810551
0.925323
0.414896
0.348237
0.302139
0.957638
0.428803
0.410742
0.295307
0.475388
0.567710
0.397965
0.604873
0.370239
0.462114
0.455198
0.410436
0.477332
0.967503
0.621162
0.204873
0.528447
1.049767
0.842452
0.254576
0.139269
0.638764
0.507753
0.212155
0.577133
0.402467
1.061741
0.382904
0.725540
0.402082
0.402190
0.375499
0.668349
0.510922
0.434870
0.603032
0.252154
0.723300
0.507457
0.433139
0.340774
0.730963
0.371052
0.190540
0.883173
0.706527
0.716165
0.529178
0.341147
0.374127
0.188691
0.208731
0.377074
0.266947
0.514529
0.335792
0.850153
0.138075
0.732465
0.988983
0.465630
0.351158
0.942735
0.870544
0.409326
0.332201
0.915397
0.186540
0.276343
0.402501
0.219906
0.899751
0.677856
0.343530
0.904625
0.629390
0.508223
0.348200
0.680969
0.656972
0.381084
0.665292
0.540019
0.778959
0.474506
0.367615
0.872458
0.570396
0.193943
0.524542
0.726990
0.372185
0.928837
0.136434
0.552969
0.705417
0.701582
0.216652
0.760252
0.383898
0.573909
0.328392
0.299838
0.361153
0.299200
0.442775
0.116639
0.536348
0.241758
0.903142
0.508956
0.122540
0.470918
0.612062
0.465107
0.403189
0.451328
0.189119
0.473023
0.828558
0.562471
0.289231
0.390929
0.587361
0.583011
0.688511
0.641240
0.552350
0.368805
0.736337
0.802621
0.045916
0.751453
1.144895
0.187082
0.436699
0.710973
0.500835
0.768562
0.488213
0.187159
0.423968
0.437249
0.491145
0.737130
0.201670
0.318915
0.382038
0.774371
0.628093
0.332425
0.907107
0.668230
0.781366
0.277033
0.720543
0.534558
0.407981
0.592792
0.324502
0.130114
1.046941
0.540053
0.378069
0.891167
0.803145
0.579715
0.531361
0.645206
0.935890
0.769992
0.703994
1.010243
0.339382
0.629801
0.642981
0.491166
0.616977
0.543632
0.735581
0.471518
0.383617
0.273189
0.627447
0.725660
0.704928
0.303653
0.438172
0.324584
0.439308
0.496565
0.389057
0.441612
0.419591
0.784319
0.848523
0.390804
0.907452
0.349571
0.072235
0.281051
0.368877
0.986602
0.243009
0.819978
0.314687
0.278595
0.411943
0.466888
0.451438
0.115291
0.933344
0.185263
0.604802
0.281770
0.327703
0.742125
0.270125
0.534595
0.808511
0.438202
0.627535
0.515436
0.312258
0.804904
0.205578
0.525873
0.342904
0.544853
0.599523
0.241381
0.274516
0.344185
0.564562
0.497471
0.289422
0.563477
0.577183
0.092003
0.400552
0.446809
0.285065
0.640035
0.927735
0.553709
0.371624
0.535325
0.284074
0.608589
0.230521
0.693306
0.428665
0.462326
0.877778
0.526641
0.499672
0.648116
0.399214
0.352348
0.539169
0.306361
0.329252
0.471744
0.656661
0.322378
0.575471
0.756963
0.796323
0.493010
0.513693
0.162108
0.443894
0.257099
0.800384
0.911542
0.417001
0.340401
0.647394
0.092371
0.566822
0.436446
0.142392
0.094579
0.257625
0.334890
0.534555
0.324509
0.614249
0.478270
0.696645
1.163168
0.721496
0.928873
1.340380
0.853197
0.496565
0.541720
0.217770
0.681510
0.199199
0.232345
0.151535
0.151124
0.450444
0.557156
0.542810
0.319988
0.360142
0.558523
0.393769
0.376067
0.518014
0.624094
0.610928
0.731708
0.700466
0.290501
0.626834
0.316798
0.645297
0.646083
0.396884
0.228756
0.226012
0.549100
0.494450
0.332783
0.553131
0.409256
0.368697
0.487595
0.386050
0.325817
0.389648
0.433133
0.517893
0.772581
0.519846
0.277510
0.550646
0.542114
0.825144
0.823700
0.237174
0.551583
0.349255
0.843686
0.396152
0.213511
0.384803
0.742138
0.689775
0.500204
0.550904
0.173772
0.334169
0.784379
1.202507
0.543997
0.478848
0.402061
1.112876
0.233046
0.520785
1.013705
0.167633
0.278443
0.663195
0.621584
0.306466
0.533054
0.505776
0.651884
0.457045
0.650898
0.640682
1.195623
0.402574
0.610434
0.798622
0.494178
0.960133
0.494557
0.288588
1.045321
0.572895
0.443032
0.608884
0.854136
0.734780
0.861173
0.659063
0.803816
0.848021
0.244946
0.476763
0.144175
0.460833
0.047964
0.198028
0.724982
0.607571
0.946460
0.401856
0.919282
0.372622
0.285576
0.362640
0.946721
0.248910
0.420628
0.423679
0.272386
0.317676
0.843237
0.275096
0.833363
0.543150
0.442251
0.457125
0.636377
0.656098
0.479776
0.501877
0.533062
0.563844
0.626074
0.626643
0.473167
0.299059
0.535912
0.458233
0.413829
0.728117
0.315929
0.355519
0.303426
0.597702
0.750351
0.398403
0.496805
0.611299
0.703381
0.643991
0.606898
0.577761
0.279810
0.560218
0.393412
0.629047
1.223487
0.754966
0.369085
0.439599
0.537498
0.779487
0.263430
1.019401
0.775996
0.420655
0.232496
0.264646
0.216890
0.637480
0.888975
0.517790
0.514071
0.193185
0.510910
0.656020
0.436395
0.534205
0.704933
0.143662
0.447083
0.691537
0.193387
0.119669
0.399107
0.653599
0.191460
0.756944
0.553549
0.231986
0.381565
0.500292
0.694096
0.389069
0.227443
0.414052
0.905319
0.616196
0.493937
0.895905
0.363098
0.374694
0.240181
0.511064
0.952271
0.321341
0.156176
0.496170
0.611683
0.673481
0.788085
0.754401
0.278042
0.267415
0.391422
0.249451
0.473228
0.375183
0.598740
0.399937
0.520819
0.214609
0.574072
0.306797
0.193368
0.441524
1.084307
0.710392
0.385941
0.251588
0.730450
0.264826
0.636937
0.566757
0.460360
0.728921
0.368665
0.412889
0.697265
0.637662
0.224131
0.299540
0.506929
0.947275
0.579763
0.459585
0.192409
0.476761
1.038100
0.342365
0.395529
0.364297
0.262619
0.548203
0.380268
0.892233
0.671386
0.243196
0.489859
0.370399
0.628874
0.831282
0.373012
0.644393
0.543615
0.507122
0.629669
0.531629
0.583821
0.162473
0.163275
0.321900
0.784782
0.817731
0.414969
0.666673
0.169009
0.395577
0.871641
0.337703
0.211504
0.977400
0.910585
0.333022
0.543461
0.837894
0.488473
0.323299
1.005969
0.545595
0.539484
0.462555
0.593847
0.687335
0.341951
0.549012
0.524371
0.571756
0.377993
0.609429
0.776259
0.443635
0.569827
0.528625
0.213190
0.667517
0.237733
0.470482
0.846263
0.887925
0.154445
0.931833
0.980377
0.390950
0.537288
0.341802
0.558428
0.494341
0.493646
0.523602
0.602634
0.647114
0.680739
0.675893
0.305562
0.563037
0.538702
0.684801
1.156251
0.803538
0.092152
0.179352
0.388632
0.361964
0.497262
0.325946
0.331532
0.399154
0.434409
0.844465
0.710017
0.476721
0.179180
0.674775
0.351864
0.508335
0.399720
0.436729
0.368239
0.507934
0.238756
0.903695
0.739543
0.699565
0.365485
0.526384
0.352035
0.514629
1.024400
0.129909
0.313767
0.677679
0.390965
0.475973
0.914014
0.406750
0.671228
0.345962
0.229398
0.189928
0.773012
0.265205
0.425569
0.395726
0.654019
0.582388
0.333086
0.728692
0.475565
0.284822
0.332943
0.699789
0.165452
0.437410
0.488656
0.714557
0.961613
0.367251
0.724300
0.743902
0.563582
0.925145
0.193931
0.182687
0.702429
0.636750
0.195309
0.707534
0.378070
0.418140
0.551967
0.428969
0.825314
0.642685
0.325424
0.977179
0.384963
0.442760
0.484259
0.767676
0.232390
0.776755
0.643176
0.611929
0.315352
0.338577
0.198485
0.679528
0.497857
0.589773
0.583298
0.443529
1.007961
0.552060
0.974932
0.687362
0.695314
0.380250
0.647805
0.800826
0.438636
0.307920
0.261841
1.103526
0.458822
0.705571
0.594549
0.631654
0.341929
0.611716
0.193897
0.369518
0.316117
0.617134
0.606356
0.449164
0.477651
0.465603
0.391398
0.617098
0.411268
0.947436
0.469280
0.368999
0.316937
0.396879
0.427512
0.426224
0.610841
0.186484
0.592087
0.617723
0.436332
0.433511
0.502530
0.667040
0.477834
0.337875
0.429715
0.598447
0.737741
0.366039
0.349128
0.269080
0.681782
0.623910
0.807780
0.800281
0.546208
0.351430
0.968699
0.491593
1.051076
0.523860
0.782354
0.268222
0.677154
0.745967
0.286579
0.564030
0.641647
0.548466
0.506954
0.603282
1.074741
0.276990
0.254513
0.436600
0.345066
0.584810
0.796542
0.401820
0.468672
0.669062
0.606059
0.674228
0.413835
0.826380
0.622901
0.585322
0.461475
0.230054
0.481913
0.941920
0.259350
0.318542
0.252797
0.693950
0.223697
0.349507
0.431686
0.877076
0.760439
0.539474
0.683915
0.414565
0.716898
0.633584
0.388969
0.481371
0.591945
0.728919
0.689692
0.953234
0.384806
0.570056
0.541933
0.534716
1.016431
0.447406
0.659572
0.775696
0.457239
0.744605
0.386264
0.677427
0.504292
0.501665
0.482914
0.613815
0.261805
0.542452
0.341332
0.373024
0.720639
0.282009
0.379086
0.659725
0.564997
0.374902
0.278899
0.071138
0.681014
0.477851
0.811209
0.564951
0.402767
0.482866
0.327618
0.599145
0.946493
0.609422
0.407654
0.274093
0.320813
0.282912
0.791482
0.820287
0.122906
0.439835
0.230169
0.633543
0.416899
0.399226
0.412670
0.291636
0.485638
0.680709
0.311817
0.239412
0.251751
0.468226
0.925200
0.498483
0.413713
0.605288
0.267079
0.704326
0.549655
0.200379
0.515109
0.662102
0.328298
0.312851
0.477757
0.401972
0.549047
0.219435
0.571524
0.345494
1.197202
0.585076
0.768834
0.614003
0.676376
0.062853
0.368198
0.447487
0.468621
0.426210
0.511678
0.807847
0.645161
1.031509
0.270679
0.117163
0.779442
0.834593
0.372394
0.238690
0.512770
0.130101
0.587466
1.006202
0.049311
0.847188
0.874857
0.134603
0.237324
0.377530
0.203487
0.858499
0.457385
0.651073
0.738062
0.272388
0.305251
0.351246
0.246094
0.563774
0.460269
0.129334
0.190226
1.025678
0.688587
1.100541
0.675370
0.298121
0.696105
0.784115
0.428090
0.153996
0.643096
0.281700
0.439624
0.310421
0.747371
0.696923
0.658368
0.343445
0.691213
0.796880
0.666893
0.714213
0.677243
0.151902
0.804284
0.320451
0.884798
0.399219
0.623883
0.338881
0.756779
0.398990
0.414812
0.459050
0.553730
0.262811
0.536122
0.475182
0.607486
0.290096
0.388430
0.247003
0.446178
0.112057
0.727520
0.333193
0.686899
0.721334
0.405249
0.342530
0.273379
0.707197
0.311264
0.441389
0.472977
0.250239
0.168548
0.191825
0.526086
0.697534
0.832646
0.109231
0.429041
0.246818
0.300416
0.769667
0.696551
0.660789
0.357475
0.756076
0.272055
0.542041
0.316997
0.340238
0.450782
0.309872
0.136076
0.692740
0.441507
0.615726
0.362178
0.741791
0.405910
0.429437
0.230766
0.255219
0.268754
0.954501
0.369486
0.556540
0.704314
0.238950
0.357061
0.899606
0.513795
0.360451
0.427360
0.540015
0.419730
0.773023
0.457705
0.542021
0.653320
0.700571
0.781508
0.542009
0.577561
0.503444
0.874249
0.398421
1.042250
0.464936
0.731664
0.234212
0.445726
0.681260
0.388764
0.084082
0.731160
0.253997
0.268679
0.696542
0.857198
0.810556
0.738437
0.396068
0.808425
0.358280
0.843727
0.555363
0.435006
0.704492
0.416113
0.980823
0.656280
0.760601
0.372502
0.582800
0.392206
0.429766
0.317560
0.585172
0.616010
0.417624
0.625419
0.061569
0.434655
0.750851
0.514317
0.698338
0.514302
0.657849
0.647159
0.381587
0.271549
0.595061
0.607236
0.493741
0.850138
0.636842
0.538812
0.897078
0.242369
0.539177
0.289383
0.270563
0.479537
0.504678
0.548377
0.223872
0.367864
0.809693
0.434586
0.175194
0.257872
0.474177
0.314323
0.552424
0.334528
0.295060
0.891801
0.618953
0.695774
0.744830
0.486271
0.227399
0.407942
0.560171
0.310027
0.729346
0.714164
0.334185
0.552236
0.282885
0.750866
0.321632
0.289702
0.126559
0.382239
0.778182
0.626588
0.486150
0.652653
0.358102
0.531269
0.574905
0.309367
0.390213
0.298184
0.500152
0.200871
0.618732
0.507210
0.297127
0.558999
0.353340
0.368628
0.439000
0.114202
0.727748
0.582379
0.552647
0.482075
0.395432
0.222415
0.381245
0.374904
0.833454
0.717606
0.483264
0.605918
0.339138
0.508209
1.342352
0.371818
0.280625
0.739929
0.660223
0.098156
0.375832
0.427071
0.454402
0.518540
0.420084
0.489509
0.573175
0.504037
0.778927
0.477147
0.470732
0.559945
0.369192
0.454797
0.601408
0.740545
0.231484
0.191502
0.772083
0.394634
0.383772
0.230469
0.438521
0.274875
0.499474
0.732634
0.463054
0.318746
0.441859
0.116393
0.397987
0.235010
0.198114
0.227190
0.526066
0.783419
0.439812
0.325269
0.152321
0.275061
0.274943
0.611935
0.578233
1.082627
0.530041
0.659261
0.463282
0.739597
0.237438
0.601509
0.525467
0.575303
0.471535
0.551519
0.120949
0.381792
0.334922
0.620933
0.579330
0.553634
0.858548
1.289690
0.690038
0.639901
0.572896
0.339560
0.273005
0.284334
0.543792
0.287371
0.341772
0.385568
0.613770
0.623590
0.855630
0.446326
0.469463
0.949143
0.283468
0.366197
0.406331
0.601037
1.019685
0.450505
0.718404
0.299246
0.490843
0.082270
0.763752
0.374176
0.306702
0.918455
0.900675
0.512761
0.617190
0.553650
0.448848
0.292896
0.549430
0.959961
0.811297
0.676683
0.569252
0.846391
0.545034
0.271265
0.986646
0.907140
0.443773
0.786190
0.456714
0.282281
0.588401
0.599540
0.822564
0.641396
0.585924
0.554751
0.488183
0.594501
0.543031
1.042291
0.988153
0.160324
0.299030
0.486020
0.666678
0.674289
0.621507
0.788339
0.749017
0.410717
0.927631
0.602378
0.139565
0.579600
0.372288
0.562308
0.739243
0.217334
0.743658
0.265829
0.432486
0.484827
0.456486
0.527577
0.384058
0.312118
0.767406
0.478444
0.472270
0.338080
0.213654
0.444650
0.533897
0.410179
0.163316
0.804211
0.216980
0.360506
0.664164
0.369614
0.556069
0.456299
0.282970
0.699499
0.746007
0.814915
0.497468
0.691721
0.744989
0.409706
0.673727
0.408275
0.303874
0.071097
0.309449
0.935572
0.500137
0.554234
0.732769
0.917375
0.354509
0.499022
0.288052
0.160014
0.255178
0.393271
0.305054
0.399897
0.665848
0.783983
0.528316
0.483549
0.747421
0.428465
0.658928
0.712936
0.566508
0.978676
0.661424
0.375131
0.757382
0.648036
0.363578
0.426331
0.362347
0.302800
0.661969
0.488178
0.391905
0.627366
0.389725
0.426335
0.163552
0.664284
0.758857
0.216970
0.289232
0.775281
0.753330
0.406133
0.605192
0.214952
0.449207
0.490157
0.334929
0.436916
0.381645
0.690869
0.614907
0.720936
0.593791
0.368675
0.351206
0.133394
0.760224
0.518297
0.401530
0.574618
0.535243
0.458244
0.187610
0.138664
0.736374
0.578613
0.690925
0.212983
0.479193
0.258152
0.829477
0.489007
0.838898
0.633090
0.315324
0.483226
0.448516
0.601068
0.592559
1.083255
0.781655
0.580149
0.208085
0.343794
0.575416
0.836858
0.724183
0.367895
0.377129
0.571473
0.491724
0.747240
0.382118
0.332046
0.583351
0.815165
0.342548
0.233717
0.520650
0.442425
0.475707
0.774001
0.527278
0.551577
0.580323
0.453939
0.184081
0.369024
0.876886
0.452209
0.787264
0.317756
0.312977
0.346434
0.579087
0.290889
0.947337
0.743675
0.265559
0.443636
0.652694
0.644947
0.752636
0.627230
0.170341
0.771598
0.331860
0.789354
0.724229
0.550234
0.413104
0.722195
0.692139
0.304768
0.318709
0.345523
0.379268
0.450764
0.586691
0.499285
0.184073
0.386087
0.810087
0.818701
0.215800
0.368360
0.448910
0.443162
0.720243
0.154624
0.599539
0.410059
0.404341
0.446273
0.131836
0.319931
0.133596
0.460690
0.390521
0.256091
0.554656
0.432104
0.274980
0.279127
0.431237
0.656527
0.893406
0.608387
0.680882
0.264314
0.540250
0.698370
0.189893
0.372408
0.623394
0.275091
0.398958
0.483032
0.500074
0.793152
0.653823
0.565413
0.430166
0.661470
0.762456
0.747429
0.363573
0.833370
0.242347
0.446010
0.610624
0.504468
0.459502
0.457662
0.732396
0.829332
1.069228
0.649449
0.812669
0.152716
1.144127
0.356664
0.528484
0.359128
0.663232
0.516123
0.923120
0.295289
0.398898
0.429014
0.505317
0.522380
0.586366
0.398298
0.446002
0.480009
0.415733
0.977711
0.472628
0.306344
0.969231
0.689675
0.475716
0.523147
0.401888
0.301672
0.665982
0.235317
0.632887
0.253946
0.271516
0.153020
0.261276
0.769888
0.638650
0.875562
0.710348
0.396936
0.424861
0.626908
0.353827
0.611252
0.464861
0.627132
0.448841
0.121335
0.595986
0.620156
0.267961
0.575668
0.418287
0.210236
0.487950
0.643276
0.223769
0.311824
0.592681
0.947913
0.764353
0.529234
1.081393
0.336825
0.174013
0.125173
0.633616
0.607465
0.255332
0.345928
0.441143
0.501322
0.426326
0.509446
0.279364
0.975990
0.770840
0.685943
0.173283
0.303551
0.609091
0.474436
0.489774
0.400381
0.971801
1.140575
0.459805
0.828809
0.550095
0.536393
0.370789
0.638233
1.146903
0.750409
0.156788
0.534156
0.275883
0.479321
0.305171
1.022268
0.342224
0.574667
0.311253
0.478929
0.652914
0.276377
0.928475
0.698736
0.928676
0.783644
0.397008
0.535141
0.450540
0.632048
0.941587
0.567392
0.284468
0.178820
0.469130
0.422340
0.596189
0.709265
0.393443
0.335517
0.504880
0.466824
0.561011
0.637042
0.602463
0.289860
0.537079
0.315712
1.002352
0.585859
0.649667
0.348358
0.750513
0.461541
0.398529
0.589729
0.283275
0.163879
0.742889
0.352280
0.175789
0.049033
0.951907
0.379387
0.438737
0.406642
0.293531
0.514187
0.477371
0.328492
0.520803
0.108258
0.376789
0.132175
0.752835
0.604776
0.259194
0.372608
0.421286
0.714676
1.229827
0.510908
0.759069
0.364377
0.584194
0.272633
0.261685
0.317126
0.782216
0.320342
0.617193
0.352406
0.663348
0.280579
0.238433
0.304934
0.242608
0.221786
0.730458
0.162052
0.729593
0.368691
0.602170
1.020215
0.600296
0.573312
0.860260
0.895571
0.428035
0.184247
0.629372
0.252217
1.032297
0.426805
0.496866
0.449963
0.356353
0.639116
0.321937
0.312912
0.540719
0.746219
0.391150
0.277755
0.221580
0.575167
0.334212
0.418877
0.101395
0.427813
0.457359
0.579892
0.498620
0.670507
0.605171
0.317343
0.363231
0.543898
0.371098
0.267745
0.498954
0.165873
0.524336
0.286331
1.146947
0.831038
0.757703
0.669808
0.869391
0.579136
0.641141
0.760916
0.168646
0.661063
0.477541
0.833508
0.404695
0.422477
0.448351
0.417226
0.696280
0.206817
0.393727
0.516711
0.263689
0.621072
0.280113
0.511350
0.092013
0.271940
0.556172
0.237163
0.400991
0.412295
0.695883
0.910108
0.596088
1.022012
0.757723
0.500859
0.177776
0.568072
0.750508
0.460834
0.940714
0.336503
0.211546
0.042516
0.330719
0.359084
0.354149
0.816353
0.733966
0.345989
0.605039
0.617125
0.942029
0.408187
0.689359
0.543504
0.577627
0.612105
0.298542
0.261679
0.531471
0.191052
0.294326
0.260057
0.419085
0.724271
0.807470
0.642500
0.411563
0.481795
0.363075
0.481613
1.184624
1.329185
0.639244
0.594543
0.214139
0.405107
0.501784
0.385416
0.522379
0.215874
0.342235
0.312202
0.674719
0.382203
0.424564
0.516294
0.632614
0.563358
0.512871
0.667117
0.427447
0.651598
0.150390
0.565905
0.395204
0.439307
0.272406
0.338134
0.463583
0.589558
0.796253
0.951322
0.545332
0.771042
0.173107
0.307888
0.290542
0.727210
0.730986
0.334014
0.521173
0.511659
0.578577
0.521082
0.461988
1.103132
0.565983
0.443779
0.608565
0.647351
0.889316
0.815960
0.506079
0.862394
0.797040
0.276804
0.752470
0.426518
0.666550
0.437030
0.544811
0.389446
0.388119
0.237974
0.918856
0.207845
0.734396
0.767514
0.580529
0.572791
0.550239
0.562291
0.376359
0.887217
0.313443
0.830221
0.576540
0.402227
0.317521
0.573456
0.193556
0.401853
0.534262
0.513187
0.803451
0.677951
0.351670
0.407039
0.211489
0.296125
0.387983
0.375079
0.315803
0.547959
0.105430
0.658290
0.375451
0.286982
0.748469
0.806896
0.502407
0.737790
0.444828
0.804628
0.570051
0.170491
1.181030
0.546358
0.584252
0.380804
0.647394
0.531111
1.175980
0.068633
0.755967
0.874305
0.428360
0.587081
0.345267
1.153102
0.683769
0.815793
0.373725
0.195586
0.079681
0.436276
0.848141
0.685714
0.306429
0.365504
0.488623
0.943304
0.517339
0.299351
0.464244
0.554523
0.125247
0.612107
0.513626
0.375801
0.523000
0.263946
0.923634
0.710472
0.295945
0.397097
0.565367
0.516566
0.468797
0.405365
0.262893
0.822730
0.528015
0.582516
0.739635
0.519821
0.380321
1.109911
0.614294
0.546992
0.367680
0.565879
0.545948
0.458798
0.482424
0.654600
0.625471
0.625872
0.543895
0.338227
0.306778
0.588697
0.471768
0.473155
0.746137
0.697744
0.851550
0.640408
0.752253
0.877884
0.949297
0.925625
0.442384
0.859374
0.563916
0.371496
0.546505
0.487076
0.407485
0.681326
0.752118
0.479684
0.588589
0.519173
0.195488
0.597001
0.514691
0.534080
0.723686
0.564598
0.668327
0.595573
0.437219
0.491192
0.690326
0.778849
0.731609
0.570836
0.634965
1.054821
0.838694
0.277346
0.666841
0.365070
0.242689
0.379998
0.575509
0.586185
0.554359
0.449658
0.648797
0.732254
0.609958
0.588125
0.316824
0.578847
0.210170
0.908229
0.447654
0.856797
0.521895
0.665462
0.122933
0.340056
0.895152
0.832501
0.417798
0.315612
0.455380
0.157281
0.482669
0.216585
0.728989
0.462429
0.409257
0.636815
0.291812
0.486734
0.387690
0.811612
0.559408
0.394468
0.572555
0.419691
0.689919
0.283812
0.445167
0.419842
0.637634
0.370276
0.685475
0.794862
0.660837
0.899466
0.388994
0.430376
0.795505
0.573702
0.397469
0.624437
0.458310
0.500169
0.215665
0.888517
0.768497
0.303868
0.378350
0.395950
0.750865
0.551038
0.726987
0.407324
0.618008
0.386189
0.648074
0.790064
0.190559
0.333394
0.794947
0.588983
0.493321
0.336193
0.442944
0.320322
0.848702
0.509825
0.414759
0.884947
0.529432
0.411795
0.323716
0.564392
0.865272
0.575014
0.448580
0.452665
0.526596
0.835930
0.770692
0.166424
0.714255
0.246057
0.301635
0.700927
0.492369
0.703278
1.021212
0.607628
0.747748
0.331778
0.413817
0.624530
0.225180
0.249715
0.408009
0.325575
0.422253
0.523638
0.770060
0.258479
0.263310
0.366104
0.261583
0.617981
0.298026
0.357324
0.713634
0.909126
0.234995
0.384173
0.625568
0.693749
0.306240
0.585077
0.864568
0.594269
0.528698
0.498483
0.201892
0.614902
0.325126
0.666737
0.676773
0.749129
0.519920
0.526430
0.507686
0.513298
1.035461
0.827654
0.707979
0.443654
0.329882
0.672784
0.505819
0.478402
0.383890
0.363852
0.415968
0.688745
0.335433
0.381602
0.837054
0.472827
0.184290
0.234970
0.610706
0.299240
0.678161
0.307761
0.585016
0.593778
0.387484
0.254145
0.306337
0.484609
0.510866
0.258619
0.376151
0.860928
0.463700
0.317988
0.887686
0.442615
0.569963
0.322980
0.244015
0.535649
0.744225
0.826965
0.129496
0.636775
1.157102
0.522698
0.547897
0.539545
0.722676
0.937830
0.362959
0.302126
0.603131
0.527299
0.365864
0.523672
0.517901
0.387173
0.755686
0.563761
0.313638
0.978115
0.425584
0.445809
0.216977
0.970764
0.160651
0.655399
0.523669
0.563887
0.884335
0.706440
0.721901
0.753929
1.268393
0.510742
0.289081
0.300044
0.685178
0.744946
0.395156
0.400320
0.442701
0.603770
0.178353
0.341165
0.696541
0.285825
0.559149
0.775949
0.437150
0.389432
0.805006
0.206873
0.240700
0.462203
0.688046
0.413190
0.348028
0.205090
0.139403
0.631554
0.491545
0.376903
0.510261
0.749133
0.784815
0.973424
0.532881
0.606908
0.929126
0.528482
0.586082
0.772422
0.617827
0.641691
0.318616
0.836344
0.205278
0.213102
0.930488
0.535214
0.517371
0.341486
0.366779
0.294268
1.014100
0.722397
0.419970
0.370900
0.412974
0.394224
0.439903
0.736585
0.670444
0.397532
0.759342
0.475068
0.424648
0.736006
0.426329
0.656218
0.758945
0.738750
0.376823
0.256509
0.612785
0.565547
0.617965
0.788522
0.436442
0.302334
0.197701
0.464361
0.776421
0.353351
0.945744
0.507989
0.467784
0.678960
0.818425
0.212070
0.339895
0.463083
0.702652
0.560262
0.568919
0.308876
0.204432
0.810830
0.404854
0.589092
0.732612
0.253745
0.191388
0.638015
0.243012
0.579723
0.516090
0.421679
0.493872
0.327498
0.586696
0.997146
0.494250
1.153408
1.008348
0.728152
0.185351
0.175148
0.295210
0.670198
0.471230
0.521065
0.725700
0.525047
0.990081
0.703499
0.262475
0.790431
0.409272
0.682129
0.355141
0.394800
0.445734
0.651394
0.299940
0.845076
0.415231
0.502303
0.250908
0.565014
0.560339
0.893025
0.969811
0.161291
0.386644
1.077609
0.932007
0.428150
0.832394
0.549665
0.778208
0.454598
0.438787
0.408916
0.309735
0.466012
0.370780
0.548582
0.602032
0.548385
0.231076
0.342065
0.498675
0.841555
0.597872
0.331647
0.566319
0.771780
0.315129
0.737711
0.440249
0.617704
0.585898
0.220497
0.456747
0.485804
0.429365
0.735262
0.626024
0.393568
0.318542
0.636187
0.473539
0.582061
0.553142
0.382876
0.218114
0.379991
0.463486
0.560256
0.219486
0.736102
0.377641
0.300291
0.797244
0.493017
0.279111
0.894888
0.614326
0.229724
0.731292
0.500137
0.431353
0.276566
0.812364
0.478575
0.964331
0.328027
0.715633
0.605669
0.941196
0.640849
0.545983
0.539295
0.288562
0.297590
0.816069
0.428921
0.596751
0.778256
0.512005
0.527323
0.789629
0.477261
0.305596
0.519485
0.598679
0.663906
1.027521
0.761217
0.257563
0.316344
0.069763
0.114255
0.631750
0.842677
0.854911
0.525764
0.460022
0.611481
0.240281
0.293772
0.208005
0.746341
0.085756
0.304474
0.640660
0.362508
0.618923
0.441667
0.810093
0.505140
0.217003
0.461724
0.743139
0.642313
0.335189
0.379089
0.297658
0.061251
0.271522
0.213458
0.687493
0.333074
0.294968
0.051855
0.124259
0.468656
0.509032
0.480485
0.192681
0.578976
0.897501
0.507075
0.547438
0.269283
0.073351
0.433824
0.597490
0.808708
0.480106
0.409950
0.452338
0.339836
0.373481
0.674523
1.103207
1.160969
0.576754
0.406863
0.173467
0.671241
0.774077
0.585721
0.220075
0.784654
0.565167
0.371671
0.505237
0.288559
1.199106
0.254075
0.302416
0.346783
0.715827
1.129070
0.316106
0.362746
0.664548
0.376332
0.371195
0.605678
0.290745
0.381474
0.168314
0.150691
0.940465
0.546790
0.217656
0.464871
0.417224
0.552125
0.458573
0.534910
0.478959
0.193809
0.955130
0.666663
0.362305
0.545308
0.491864
0.406642
0.522064
0.744601
0.836293
0.723879
0.497173
0.994172
0.780413
0.565790
0.547393
0.103950
0.935481
0.636909
0.456123
0.465329
0.510581
0.426702
0.827364
0.356207
0.735183
0.878541
0.376197
0.224834
0.156124
0.820214
0.259853
0.351126
0.320257
0.863804
0.354101
0.904773
0.175615
0.603150
0.804123
0.316169
0.457753
0.151089
0.114837
0.209453
0.357573
0.415616
0.808057
0.545886
0.512027
0.781706
0.704603
0.347377
0.510615
0.270041
0.476029
0.740865
0.339722
0.338662
0.680006
0.418471
0.229413
0.745096
0.632856
0.584402
0.611463
0.556822
0.269462
0.461010
0.430568
0.335973
0.516821
1.399941
0.476295
0.641512
0.479818
0.347774
0.547296
0.455922
0.243399
0.760680
0.096258
0.272855
0.462818
0.445987
0.079553
0.782701
0.388476
0.237955
0.658287
0.246410
0.536074
0.432689
0.482437
0.790020
0.995146
0.701318
0.606808
0.434924
0.779373
0.375969
0.393347
0.414090
0.217212
0.410508
1.277246
0.297194
0.492524
0.500397
0.721504
0.409073
0.947717
0.571090
0.634943
0.329229
0.695452
0.583436
0.541647
0.642839
0.268880
0.680651
0.475129
0.108737
0.313171
0.288911
0.755100
0.477122
0.586992
0.396117
0.652687
0.532031
0.812908
0.563217
0.544446
0.658043
0.321702
0.577356
0.745261
0.312476
0.602342
0.987912
0.672921
0.243462
0.550885
0.405393
0.339982
0.701748
0.776164
0.329155
0.185414
0.626978
0.385397
0.856332
0.792514
0.284792
0.472852
0.266071
0.463175
0.718044
0.426586
0.591809
0.753342
0.274156
0.681341
0.570082
0.943478
0.449084
0.910475
0.412919
0.732129
0.249589
0.403937
0.107667
0.797497
0.544492
0.474490
0.475553
0.519365
0.762291
0.454838
0.680544
0.622006
0.405560
0.415523
0.620969
0.551535
0.540350
0.376373
0.454821
0.767204
0.523517
0.278954
0.403983
0.783553
0.357093
0.366994
0.339436
0.642239
0.427868
0.145422
0.680353
0.612425
0.635636
0.391289
0.326059
0.634718
0.585920
0.422515
0.501412
0.534434
0.114059
0.395736
0.720458
0.293741
0.762936
0.355098
0.579485
0.356730
0.760334
0.322759
0.646995
0.478143
0.317139
0.216763
0.682514
0.827542
0.668842
0.557027
0.822152
0.416006
0.990569
0.473072
0.563738
0.737031
0.278179
0.261252
0.586741
0.514223
0.768245
0.431507
0.138711
0.135770
0.742092
0.433963
0.325461
0.529202
0.419979
0.293244
0.729476
0.212219
0.510232
0.656471
0.581279
0.217986
0.619499
0.503573
0.326457
0.410913
0.336932
0.483932
0.619368
0.482105
0.410764
0.546521
0.582467
0.271669
0.158167
0.609350
0.565548
0.186227
0.579337
0.587808
0.320383
0.725047
0.626288
0.409705
0.260696
0.328949
0.222460
0.726009
0.820761
0.585484
0.355205
0.417527
0.325881
0.515392
0.260816
0.301750
0.185060
1.040052
0.393621
0.529014
0.391778
0.750966
0.823061
0.233043
0.423814
0.895627
0.381965
0.478936
0.338553
0.417459
0.665586
0.441533
0.587512
0.389177
0.435917
0.538367
0.296484
0.383920
0.610488
0.653644
0.344535
0.305130
0.483010
0.517360
0.768081
0.572177
0.521002
0.490337
0.241694
0.171139
0.165423
0.450115
0.520291
0.687570
0.276158
0.640084
0.356707
0.561722
0.273662
0.386439
0.721292
0.389780
0.115937
0.459208
0.646066
0.734684
0.253655
0.406910
0.271544
0.753251
0.472369
0.544260
0.518412
0.326548
0.950370
0.510089
0.425623
0.460335
0.948273
0.147277
0.730564
0.949319
0.930451
0.433436
0.431566
0.603216
0.664020
0.743246
0.743455
0.606039
1.455360
0.559601
0.932452
0.448306
0.556495
0.771776
0.567525
0.333422
0.758213
0.704596
0.951392
0.391167
0.314893
0.381612
0.598038
0.280096
0.619546
0.496693
0.500140
0.871932
0.375614
0.631237
0.673292
0.585069
0.632302
0.746848
0.624003
0.424450
0.868253
0.687455
0.799993
0.208910
0.794325
0.640337
0.719671
0.390297
0.790519
0.610668
0.492883
0.425788
0.140855
0.160603
0.282137
0.676032
0.410503
0.525607
0.645924
0.679954
0.277867
0.550019
0.359042
0.189233
0.438428
0.718054
0.799048
0.459209
1.338178
0.558575
0.762773
0.174998
0.525826
0.413463
0.065258
0.550136
0.578944
0.268883
0.402379
0.532995
0.746248
0.174156
0.184269
0.524229
0.430813
0.258894
0.602435
0.405690
0.566879
0.239913
0.295145
0.506604
0.430078
0.409222
0.587729
0.593447
0.416904
0.793343
0.194994
1.116435
0.441071
0.524762
0.500758
0.332572
0.591183
0.560054
0.363179
0.299362
0.708395
0.638703
1.142457
0.617316
0.749591
0.390097
0.740308
0.401027
0.547143
0.245416
0.496167
0.582212
0.260608
0.823406
0.510237
0.533208
0.662126
0.592781
0.258823
0.663452
0.531288
0.345556
0.447928
0.313738
0.663766
0.288449
0.258822
1.201113
0.671928
0.447565
0.332686
0.352733
0.708394
0.309513
0.683357
0.659755
0.865095
0.572364
0.940124
0.884786
0.913945
0.822303
0.649896
0.455035
0.794570
0.635954
0.396845
0.575487
0.159275
0.703068
0.917518
0.498280
0.752800
0.394916
0.447318
0.752706
0.809121
0.419164
0.697084
0.969756
0.723954
0.544522
0.379530
0.585764
0.208972
0.476578
0.251364
0.335738
0.579314
0.497325
0.642753
0.164261
0.639797
0.520299
0.449175
0.536708
0.491025
0.393027
0.547423
0.593193
0.353104
0.523298
0.372791
0.693786
0.769443
0.764245
0.294626
0.481171
0.602068
0.437809
0.499588
0.557375
0.668852
0.448007
0.473190
0.489133
0.432375
0.776872
0.277059
0.218211
0.724858
1.014681
0.902881
0.309606
0.234606
0.783316
0.740914
0.814904
0.429346
0.482231
0.594342
0.537176
0.527409
0.495131
0.430205
0.490120
0.575544
0.191932
0.626400
0.585800
0.302848
0.419820
0.684494
0.624916
0.284507
0.593809
0.422050
0.448205
0.623910
0.736476
0.483472
0.602938
0.729298
0.164069
0.921998
0.589453
0.685091
0.478375
0.274316
0.702562
0.608019
0.917182
0.474952
0.519880
0.495234
0.648225
0.929345
0.065820
0.884804
0.606345
0.366352
0.511487
0.220965
0.438173
0.817431
0.345274
0.905572
0.207946
0.254322
0.374721
0.563966
0.517860
0.660363
0.485444
0.386479
0.382846
0.427681
0.647797
0.350558
0.571718
0.281339
0.526788
0.724348
0.692302
0.255855
0.335474
0.403744
0.360154
1.021351
0.343257
0.503613
0.658915
0.526755
0.393042
0.328485
0.557990
0.862293
0.672167
0.540571
0.565139
0.728029
0.319395
0.539543
0.666530
0.415104
0.446420
0.470553
0.289403
0.239075
0.241471
0.263779
0.386322
0.661294
0.311352
0.761168
0.955422
0.768722
0.478318
0.519790
0.243727
0.345927
0.955793
0.618485
0.580503
0.697497
0.288185
0.274020
0.611778
0.758405
0.268483
0.789263
0.403631
0.529116
0.828006
0.354473
0.241011
0.366147
0.256519
0.482686
0.353961
0.791776
0.402807
0.959652
0.604459
0.344429
0.312372
0.779331
0.347947
0.513408
0.337403
0.504627
0.371594
0.791088
0.499399
0.442055
0.511502
0.795497
0.595338
0.846906
0.341240
0.719662
0.379514
0.515015
0.863054
0.889590
0.663424
0.529306
0.674451
0.377668
0.175634
0.831600
0.744010
0.414958
0.990244
0.653944
0.635052
0.647174
0.899793
0.604693
0.388192
0.456718
0.957530
0.538425
0.979191
0.755211
0.938160
0.423114
0.210971
0.752328
0.632507
0.345674
0.588264
0.560016
0.641401
0.627330
0.343011
0.338894
0.299850
0.479034
0.554861
0.426514
0.472603
0.771999
0.314677
0.123968
0.159648
0.373302
0.230669
0.363513
0.553265
0.494461
0.640919
0.673252
0.370287
0.882989
0.427052
0.218271
0.574849
0.501109
0.272259
0.695317
0.188418
0.519882
0.655112
0.765424
0.573901
0.649455
0.420876
0.424152
0.593612
0.532287
0.485173
0.532107
0.779530
0.452098
0.236652
0.411640
0.534005
0.514477
0.784635
0.056178
0.887674
0.491210
0.910555
0.580134
0.366785
0.816657
0.680456
0.577409
0.702632
0.629732
0.460281
0.697244
0.575928
0.806675
0.428192
0.636081
0.602929
0.378333
0.224331
0.236842
0.628763
0.917107
0.678319
0.541998
0.540211
0.449589
0.841607
0.790456
0.329457
0.117855
1.252292
0.602875
0.212375
0.386172
0.191021
0.564629
0.584727
0.462365
0.321831
0.425648
0.706121
0.850658
0.581622
0.569587
0.266156
0.223577
0.905466
0.524185
0.741159
0.271317
0.631408
0.525422
0.143270
0.692974
0.479600
0.327744
0.184497
0.495793
0.527414
0.616634
0.197515
0.324178
0.456076
0.210881
0.391171
1.230565
0.385766
0.606674
0.492680
0.510210
0.546899
0.634252
0.313890
0.825796
0.522181
0.404341
0.587053
0.489526
0.643019
0.685111
0.323341
0.401128
0.135420
0.342345
0.418868
0.489731
0.500838
0.561475
1.081740
0.530283
0.349685
0.656183
0.598276
0.556218
0.352991
0.285817
0.255479
0.497109
0.186481
0.641522
0.289168
0.769365
0.428944
0.522774
0.483134
0.117414
0.655263
0.530272
0.599504
0.857309
0.557301
0.677948
0.255062
0.486087
0.322384
0.755454
0.585044
0.452457
0.339500
0.259890
0.145923
0.281787
0.526805
0.803301
0.746584
0.722398
0.322737
0.151085
0.324921
0.807876
0.633462
0.699498
0.435214
0.387233
0.631441
0.207741
0.515917
0.674560
0.297043
0.489090
0.753439
0.561682
0.544862
0.745244
0.676928
0.743683
0.634986
0.458961
0.430198
0.449601
0.566372
0.336778
0.779166
0.574398
0.628394
0.706180
0.292764
0.557540
0.499368
0.180902
0.739933
0.358597
0.188246
0.688252
0.700891
0.167081
0.493324
0.796180
0.349619
0.406647
0.376314
0.435542
0.841872
0.759327
0.467734
0.622522
0.502861
0.411988
0.665449
0.093622
0.510167
0.136670
0.517846
0.426655
0.908406
0.755107
0.319903
0.597616
0.722483
0.500288
0.612643
0.260166
0.501267
0.433487
0.428108
0.141743
0.781172
0.406916
0.801283
0.230540
0.705482
0.374222
0.370323
0.698154
0.658831
0.376088
0.371195
0.807915
0.839106
0.205188
0.244295
0.660890
0.839660
0.496540
0.515040
0.168848
0.223584
0.424599
0.688923
0.683464
0.575892
0.487331
0.194057
0.681105
0.167693
0.952743
0.693684
0.440258
0.674244
0.401282
0.555151
0.268086
0.146188
0.562295
0.710203
0.660870
0.645383
0.385392
0.375845
0.441256
0.159146
0.745525
0.364469
0.689921
0.902701
0.126485
0.518594
0.472326
0.042002
0.093385
0.613653
0.476176
0.488944
0.681783
0.594839
0.305052
0.371908
0.146776
0.445551
0.330542
0.664318
1.328631
0.404263
0.303809
0.285605
0.447052
0.352471
0.726255
0.617073
0.515272
0.458335
0.420320
0.441144
0.466146
0.655880
0.603410
0.401109
0.555278
0.370012
0.900420
0.369732
0.642615
0.841615
0.349641
0.547726
0.606123
0.657137
0.658799
0.611293
0.370337
0.393389
0.583220
0.242637
0.272570
0.313193
0.599266
0.309100
0.438119
0.856981
0.656501
0.450318
0.279786
0.393796
0.335947
0.578314
0.319524
0.647491
0.451956
0.219481
0.717972
0.386812
0.239073
0.593221
0.402582
0.121227
0.592375
0.493815
0.456201
1.061908
0.326999
0.627056
0.970241
0.414763
0.313144
0.372386
0.153536
0.337010
0.572303
0.720923
1.063701
0.581398
0.287188
0.418672
0.532089
0.723666
0.655161
0.646925
0.634772
0.624282
0.182719
0.336236
0.516256
0.342813
0.577949
0.587944
0.429908
0.313448
0.581874
0.491308
0.725353
0.838222
0.524411
0.602844
0.356231
0.400785
0.391235
0.846567
0.173016
0.458073
0.960792
0.451699
0.451253
0.483677
0.604210
0.185098
0.123368
0.528623
0.434139
0.829201
0.499547
0.587153
0.580959
0.650769
1.024245
0.439498
0.481013
0.672201
0.694708
0.555578
0.878605
0.375852
0.167615
0.635864
0.594846
0.608091
0.512238
0.446235
0.598947
0.882801
0.212234
0.891177
0.255944
0.428465
0.819316
0.431552
0.570069
0.585009
0.705651
0.870945
0.732518
0.162102
0.561064
1.184692
0.835066
0.383577
0.767076
0.386106
0.597713
0.523475
0.445064
0.594926
0.533312
0.430194
0.401207
0.651566
0.716813
0.376294
0.513107
0.453458
0.738349
0.181899
0.550485
0.534695
0.894475
0.613457
0.347211
0.366120
0.469725
0.634344
0.291711
0.374078
0.494694
0.242589
0.470805
0.181062
0.385544
0.146564
0.130938
0.616867
0.702008
0.594909
0.354801
0.540466
1.138315
0.396808
0.398050
0.317952
0.426220
0.639765
0.503541
0.356721
0.566865
0.308291
0.626560
0.704661
0.694085
0.340533
0.382081
0.961179
0.268952
0.874802
0.345638
0.402956
0.355385
0.632118
0.683630
0.491191
1.203873
0.667574
0.327356
0.360700
0.595843
0.956117
0.534603
0.650795
0.670823
0.344747
0.520497
0.338892
0.653020
0.431317
0.768994
0.577242
0.515562
0.436004
0.598193
0.744447
0.889971
0.426480
0.595163
0.621773
1.016564
0.194007
0.609508
0.687115
0.770367
0.346308
0.386025
0.251348
0.672910
0.462002
0.688943
0.652554
0.125816
0.462953
0.833303
0.486602
0.773467
0.749232
0.299130
1.189549
0.293269
0.594201
0.540277
0.731083
0.304967
0.359011
0.579546
0.812662
0.368391
0.687563
0.659091
0.824136
0.552408
0.643394
0.469738
0.706327
0.435520
0.399138
0.322004
0.772452
0.532143
0.422416
0.564643
0.530029
0.741069
0.376717
0.479731
0.717091
0.519391
0.351557
0.665792
0.279431
0.703428
0.358394
0.697227
0.585052
1.033682
0.452198
0.578734
0.169010
0.913175
0.367064
0.176518
0.424639
0.818249
0.365020
0.467522
0.378625
0.475249
0.252215
0.764802
0.640414
0.606993
0.699518
0.359801
0.664448
0.227871
0.600794
0.718313
1.181996
0.629888
0.278713
0.559883
0.392420
0.609948
0.838016
0.752863
0.131536
0.448901
0.843983
0.169185
0.444505
0.590381
0.629676
0.288022
0.262399
0.119465
0.771770
0.578833
0.137133
0.647567
0.565366
0.688495
0.499340
0.922966
0.164718
0.299211
0.378087
0.485485
0.442116
0.969104
0.179197
0.836064
0.567982
0.865291
0.480309
0.396384
0.791367
0.949762
0.775693
0.452709
0.524351
0.503002
0.166220
0.435110
0.351041
0.659015
0.656779
0.315397
0.753058
0.926772
0.505264
0.318314
0.619257
0.806552
0.528550
0.358561
0.524715
0.613586
0.890784
0.594179
0.239606
0.871532
0.677146
0.644206
0.458625
0.702546
0.400902
0.554927
0.366813
0.653353
0.950137
0.932425
0.347722
0.456797
1.004899
0.384808
0.940097
0.325059
0.715740
0.175362
0.522013
0.450126
0.880348
0.555823
0.240223
0.797054
0.304584
0.179229
0.341811
0.620604
0.669986
0.635199
0.241207
0.361180
0.606517
0.537060
0.560357
0.431121
0.248414
0.911435
0.560413
0.610747
0.607612
0.158196
0.363366
0.668199
0.668320
0.647833
0.258418
0.188693
0.310606
0.500678
0.372046
0.515333
0.398374
0.341171
0.426834
0.630449
0.655243
0.545024
0.813732
0.578316
0.310034
0.395936
0.545587
0.538722
0.603398
0.532038
0.372448
0.374735
0.294596
0.381629
0.622316
0.746685
0.354430
0.310446
0.632267
0.401975
0.516922
0.518227
0.843205
0.475228
0.727082
0.393710
0.688169
0.846387
0.277823
0.297792
0.617578
0.809371
0.393176
0.550398
0.880626
0.107798
0.476603
0.871655
0.724589
1.155017
0.593495
0.725478
0.914008
0.573652
0.499599
0.469889
0.532866
0.465479
0.518129
0.374476
0.462079
0.567320
0.346671
0.351806
0.428547
0.794487
0.728642
0.512648
0.423471
0.676230
0.335352
0.681070
0.419297
0.755918
0.309444
0.596774
0.459745
0.559511
0.834141
0.273898
0.261190
0.315812
0.274737
0.489463
0.702102
0.870223
0.219282
0.632231
0.264907
0.372554
0.852075
0.447690
0.371434
0.469774
1.276545
0.448255
0.423093
0.342403
0.264592
0.837669
0.664264
0.772029
0.605995
0.384588
0.358523
0.518441
0.782296
0.499781
1.238580
0.515513
1.021638
0.426347
0.216690
0.506540
0.080292
0.417060
0.595762
0.624433
0.479909
0.234181
0.398126
0.552172
0.446132
0.338344
0.331802
0.668288
0.671453
0.536198
0.495285
0.452623
0.429704
0.576664
0.262374
0.396294
0.505380
0.403373
0.772332
0.982223
0.359390
0.316595
0.619403
0.518898
0.448566
0.312441
0.518119
0.514810
0.631888
0.286550
0.413768
0.635698
0.561254
0.423357
0.356211
0.508837
0.584460
0.477411
0.694362
0.373304
0.573586
