1.159061
2.215487
0.976574
1.613857
1.572972
2.292515
1.452635
1.284704
0.930606
1.223337
1.858600
1.218761
0.697277
2.309901
0.693546
2.420460
1.376634
1.089289
1.167329
2.369797
1.046920
2.493137
1.051936
1.503595
1.651896
1.496575
1.337635
2.092122
0.400081
1.074374
1.081806
1.584875
1.225144
1.038757
1.252895
2.844085
1.720063
3.777450
0.928458
2.442260
2.182092
0.831121
1.132820
1.628055
0.897484
1.302927
0.465015
2.580389
0.903902
0.319662
3.357858
1.181453
1.467227
1.567289
0.573067
0.718787
0.907181
0.904779
0.928555
1.064365
1.402585
0.289668
1.810003
0.917479
2.328452
1.904539
0.727116
0.163363
1.531371
1.300780
1.865969
0.975173
0.674439
2.803698
1.102366
2.429533
2.228018
0.881184
1.452010
1.475187
1.236005
1.383182
0.581827
2.049788
2.171428
1.210056
2.204668
1.042116
0.909393
0.527944
0.910500
1.646978
2.135616
2.185540
1.551321
3.028366
1.404494
1.486459
1.686720
0.975332
1.510681
2.721941
3.132054
0.471105
2.190887
1.286237
0.369365
2.822161
1.652208
0.215964
1.487613
1.655734
2.227664
1.206543
1.812538
1.529767
1.560546
0.619752
1.086398
1.237697
1.318949
1.917963
2.349331
1.811285
0.812947
1.200170
0.753615
1.536939
0.189418
2.376809
1.473340
1.043849
1.254372
2.635104
0.714853
3.049236
0.449639
1.905933
2.015942
1.766444
1.584397
2.123560
0.912337
1.727993
2.276681
1.618064
0.289428
1.086008
2.032425
1.301359
1.617858
1.772484
0.891379
2.375222
1.661560
1.237100
1.829867
1.583846
1.837863
0.910480
1.754268
0.928782
0.846969
1.221031
1.083958
1.123072
1.414607
1.311617
1.494005
2.870054
1.365460
1.208874
2.456256
1.913769
1.581564
2.657473
2.802621
1.466664
0.308033
1.137147
2.004377
1.598351
0.989654
2.581431
0.864512
1.302052
0.663192
1.373103
1.377182
1.360568
1.691119
1.506279
1.252507
1.036765
0.462605
1.509915
2.503421
2.490597
1.588186
0.543481
2.626526
1.551589
2.893156
0.763174
2.587406
2.022742
2.326355
0.820354
2.468103
1.669486
1.040346
1.362525
2.238736
1.433454
0.418891
0.816036
2.014726
3.137079
1.075470
1.012443
1.336892
0.453666
2.577840
2.926775
2.399348
1.364862
2.359763
1.459882
0.822679
2.096617
1.328102
0.736757
1.502994
1.783294
1.092934
2.410798
1.607651
1.484637
1.347840
0.718586
0.684001
1.145933
1.312718
1.775462
1.033264
2.165748
1.707541
0.421628
1.403881
1.980179
0.703568
2.703376
0.977738
1.332512
1.018242
1.031010
2.032526
1.802074
1.473613
0.954882
0.977668
1.432968
0.717881
0.400456
1.500081
1.839047
2.432373
0.513498
0.528943
2.159629
1.740960
1.768109
1.696042
1.313336
1.307447
1.736036
1.795042
1.492210
0.723981
2.404293
1.890971
0.995142
1.367563
2.391930
0.445243
1.553601
1.676137
1.468062
1.944886
0.833257
2.481300
0.720736
0.792542
0.739764
1.647495
1.039087
0.727485
1.980903
2.002936
2.161964
1.169677
1.234386
1.727062
2.591223
2.423786
1.659122
1.447122
1.909338
1.518982
1.541683
1.189659
1.858201
1.452926
0.823930
2.053352
1.355096
2.122707
1.001244
1.035321
1.203528
2.620845
0.872506
2.146434
1.273273
1.114860
0.569245
1.203750
2.650628
1.725241
0.416957
0.382642
1.360153
0.454494
1.725033
1.150366
1.988792
1.428157
0.705880
2.452427
2.610038
1.214307
2.757582
1.935828
1.508520
0.897307
1.097626
1.116681
0.847847
0.796482
0.884387
1.913120
0.808181
1.972118
1.030713
0.526428
0.742384
2.053197
1.726961
2.241715
2.133299
2.392381
1.486410
1.296490
2.982927
2.291315
0.183083
1.350893
1.077715
0.685097
1.430046
0.692755
0.787658
3.185739
1.396503
1.049191
0.777238
1.382146
1.214983
1.045008
0.739204
1.690935
2.252163
1.362853
0.762832
1.252669
1.593063
0.508354
1.323732
1.825710
2.113678
1.144083
1.130997
1.886338
2.784643
1.980037
0.942965
0.961429
3.594605
1.288030
0.899475
1.695401
0.711153
1.887874
1.517953
1.381514
1.931954
0.747452
0.978295
2.554090
0.619914
1.691410
1.733505
1.696678
0.374763
0.731841
1.380535
2.228181
0.988110
1.411678
1.733069
2.375966
1.212774
0.665037
1.239895
0.658592
0.283437
1.433770
2.429797
1.744045
1.531157
1.461159
1.109268
2.121240
0.764536
0.580277
3.102671
0.981049
2.319215
0.611397
1.787460
2.331769
1.524299
0.483095
1.297838
1.516335
1.725898
1.242887
2.247630
1.046715
1.419155
0.815843
1.093292
1.481382
0.873028
3.171044
1.692599
1.904556
2.150331
0.808187
1.024826
2.014917
1.356882
1.458780
1.408676
1.203214
2.017368
0.518227
1.169004
1.972773
0.693431
1.163410
1.280353
1.035953
1.303802
1.529818
1.423590
1.072617
0.876471
1.599400
3.725112
1.741580
0.865184
0.723662
2.178347
1.757457
1.444875
0.859581
0.865852
1.720793
1.664407
1.389759
1.589630
1.010136
2.844250
1.811382
1.743024
1.953987
1.685826
0.988698
0.833945
0.748849
2.323597
1.286996
2.224513
2.542830
2.194550
2.032556
0.511406
1.351640
1.006087
0.571895
0.841865
1.321276
2.596626
1.099557
1.500307
2.219251
1.920296
0.529863
1.030784
2.169597
1.342960
1.222395
1.154073
1.525129
1.277828
1.264549
2.523075
1.374505
0.549719
0.748767
2.140473
3.071201
1.302287
0.824155
1.746502
0.619408
0.468112
1.488471
1.053470
1.792934
2.361290
1.600510
1.439422
2.195607
1.455222
1.224580
2.232876
2.175952
1.235810
0.706897
1.364184
1.758635
2.554175
0.991411
0.837134
1.287784
1.313446
0.764611
1.235764
1.505116
1.865519
1.386890
0.667264
2.343141
1.153320
0.991228
2.487313
1.557905
1.859906
0.986296
0.804102
2.015813
0.460798
2.851134
1.573501
2.210676
0.939816
1.096477
1.364312
1.223678
2.428790
0.648878
0.915957
1.991066
0.671903
0.988188
0.205227
0.792928
1.522157
0.904099
3.907167
1.437157
2.744279
2.860355
0.991746
2.077908
0.962384
2.038515
1.211944
1.426995
1.428791
0.431030
1.503469
2.207652
1.301931
1.598464
2.715500
1.311398
1.994316
2.286953
1.529324
1.422417
0.531741
0.712597
0.918852
1.750300
2.957292
0.662562
2.192696
1.474644
1.344608
2.151201
0.509243
1.193323
1.438368
1.052729
1.263202
1.744562
1.292917
1.198531
1.419192
2.439011
1.286955
1.521858
1.722579
1.761371
0.703479
2.512170
0.588751
2.013271
0.659860
3.218548
1.535570
2.218850
1.849212
1.904951
1.511057
2.253051
1.808852
1.205850
0.927874
0.526147
1.234727
1.921832
1.141755
2.325675
2.226953
2.807860
1.484233
1.320243
1.152740
1.867870
1.400733
1.187379
2.187407
1.218528
1.539078
0.910639
2.573061
2.543535
1.627458
1.967242
0.392653
1.258516
1.852109
1.242056
2.348662
0.870562
2.032798
1.837511
1.476399
1.339541
1.477512
1.189566
0.875301
0.980064
1.430967
2.199252
1.896555
2.146297
1.137513
1.144978
1.566967
1.221296
2.060851
1.526305
0.591642
2.265258
2.180888
1.568638
2.350549
1.348019
1.665865
1.885547
1.988325
1.857695
0.942964
2.278813
1.775441
1.071302
1.166528
1.161857
1.861435
0.694361
2.084408
1.379469
0.680199
1.111693
1.497226
1.406478
2.031091
0.638674
1.332854
1.371079
3.053239
1.008625
1.296368
2.168012
0.921280
1.997177
0.779762
1.026576
1.936838
1.804637
2.108658
0.633442
2.673130
0.744804
1.488212
3.215055
2.079556
0.810178
1.762288
2.568412
2.986823
0.672506
1.166265
2.336226
1.326929
1.137169
1.986123
2.505884
1.838186
1.035852
2.273028
1.319323
2.010745
0.908505
1.790738
2.073466
1.030343
2.182753
1.379131
1.167462
1.165760
1.046024
1.831269
0.847250
1.971957
1.009523
2.126327
2.038163
2.213349
1.492676
1.280148
2.541466
1.556505
1.217409
1.327465
1.611001
1.664994
2.609256
1.952269
1.925981
2.077837
1.498206
1.249123
0.759817
0.769546
2.813589
0.376713
0.803226
1.709420
1.443651
2.087065
0.754768
0.616656
0.999323
2.592502
1.491430
2.679635
1.246059
1.566386
2.334423
1.699166
2.083153
2.065660
1.173478
2.283955
0.368438
1.914486
2.243185
2.153045
3.510961
1.383355
0.668399
1.694503
0.502129
2.603998
0.247289
1.810976
1.039647
0.736418
0.991178
1.283736
1.767793
0.347302
2.705144
0.350363
2.246872
0.983986
1.263390
1.198685
1.556019
1.621466
0.925332
2.417549
1.646200
0.290835
2.193597
1.007259
0.698678
0.576017
1.783747
2.876452
1.339697
1.572608
1.576479
0.668471
0.775768
2.892153
1.494046
0.920366
1.162301
1.372077
1.634087
2.173913
0.644683
2.271340
0.648378
1.737617
0.714714
1.816291
2.304174
1.088921
2.353162
0.966526
2.009275
1.412965
1.234561
1.115235
1.421920
1.574361
1.621839
2.315677
1.040726
0.818315
0.732440
1.437212
1.296227
1.116854
1.606410
0.799765
1.128162
2.143442
1.152037
0.516981
1.494577
1.337878
2.086574
1.115752
3.085075
1.629113
1.136508
1.395105
1.753217
2.346841
1.292744
1.209945
1.878747
2.114166
0.744348
1.507051
0.895024
0.474731
1.818213
1.666198
0.843595
1.072639
2.466934
1.791349
1.063908
1.492021
0.794602
2.147500
0.658785
0.869224
1.140964
0.121381
1.550218
2.677302
2.417781
2.189365
2.208509
1.391303
1.795000
1.348260
1.796766
1.432300
1.780296
0.548863
1.924582
1.236151
0.750962
1.268885
3.101910
2.387639
2.427858
1.756919
1.028686
0.609800
1.163216
1.459294
1.745844
1.187407
1.081109
0.452729
1.217189
2.217890
2.618297
0.646977
1.587666
1.218418
2.262276
0.934139
1.168734
1.709101
1.958910
1.448015
1.385170
1.148880
0.533085
0.505763
1.757758
0.791614
1.734342
2.213878
1.293610
1.008120
1.622115
1.063838
0.887013
0.861262
2.166241
2.981727
0.815564
1.251743
1.377022
1.001562
0.775051
0.621666
1.670802
2.063540
1.199811
1.472732
0.855435
1.362675
2.609273
0.576784
1.183016
0.312809
1.798612
2.027484
1.989697
1.621441
1.671274
1.323107
1.102307
1.639792
1.616750
1.278271
1.571348
1.208333
1.344702
2.954069
1.130663
0.903190
0.916146
3.045457
2.148058
1.232525
0.935986
0.865845
1.290386
1.688522
2.319637
1.871633
1.731904
1.526599
1.924745
1.474964
1.706599
0.342085
1.843678
1.403796
1.071726
2.643352
0.996855
2.172688
1.284334
1.709314
1.592888
1.142940
0.823074
0.477796
0.784598
1.402468
1.688837
1.468022
2.360428
1.774082
1.219488
1.692203
0.902815
0.967680
2.626120
1.322002
1.157623
1.587116
2.190580
0.323830
0.609044
2.120527
1.461759
1.022678
1.720351
1.656922
1.240207
3.366570
0.767886
1.767284
0.905118
1.494422
1.147231
1.080003
1.191232
1.263842
0.845929
1.550158
1.354354
1.392461
1.957415
2.049473
0.886885
0.880138
0.299672
1.596359
1.124066
0.918963
2.431279
1.511054
1.239621
1.317386
1.925823
2.037796
2.008316
1.688270
1.450596
0.870744
1.903072
1.248831
1.561618
1.565429
0.415625
2.069779
1.565824
1.762958
1.922235
0.846794
1.612792
1.770890
0.693498
1.203574
2.823567
1.431430
1.345804
2.339465
1.075714
1.188584
1.949020
2.670313
1.262447
2.933452
1.782947
2.248476
1.054719
1.714688
1.801764
2.480739
2.305805
0.410197
0.501726
0.869926
0.544666
1.989618
1.359520
2.429730
0.765974
1.384234
1.386732
1.384896
1.839965
0.987105
1.941056
0.684807
1.678005
1.426559
1.121910
1.508444
1.338961
0.408685
1.227261
0.908544
2.245203
1.182969
0.684009
1.611194
0.375254
0.325384
1.687252
1.313774
2.869249
1.685860
1.129452
1.637992
1.694230
1.508417
0.779955
1.398185
2.715102
2.104848
1.696132
2.307265
0.877982
1.914754
1.210505
2.333021
1.895252
1.520347
0.726425
1.926333
2.186865
1.239470
1.061734
2.006856
2.169037
2.694478
0.858104
2.453989
1.518612
0.805943
1.751935
1.454021
0.253680
0.755079
1.242914
1.957033
1.156746
1.561682
2.897903
2.636158
1.826662
0.563917
1.960703
1.477097
2.941575
1.158128
1.078017
1.433999
2.648740
2.156701
1.244068
1.707281
1.595914
0.855683
2.123315
3.800927
1.914184
0.947731
1.698109
1.903412
2.623449
2.658474
2.226265
0.953079
1.464382
1.456272
0.819976
1.089239
2.619750
1.440296
2.511974
0.938532
1.561992
1.084013
1.333347
1.962209
0.915716
1.923039
1.025878
1.115656
0.969481
1.538777
1.237622
2.110067
1.071957
1.569190
1.647445
2.340961
2.652970
1.526043
1.685701
0.710444
1.493930
2.136725
2.104827
1.232960
0.827796
1.828005
0.760524
1.356531
0.696659
1.491811
1.991990
1.201872
1.457593
0.916610
0.687162
1.184751
0.947765
1.268515
1.626347
1.096830
2.196464
0.593504
2.121447
1.484309
2.208404
1.412874
2.692986
1.349452
1.922147
1.878976
1.546242
1.953776
2.806647
1.265683
1.990556
0.939370
1.705396
2.875278
1.357216
1.025765
0.931295
2.454708
1.256060
1.687739
2.034378
1.385284
1.561559
1.049940
3.103873
1.017791
1.155132
1.163748
2.036491
3.236690
0.770267
1.998565
1.265785
0.904377
1.164179
1.699360
0.764114
1.533804
0.904125
2.822624
1.379927
0.900744
1.812240
2.801112
2.230087
0.985379
0.679658
1.049289
1.853238
3.177286
0.759803
1.814611
2.563532
1.517905
2.000801
1.055571
1.322602
1.235270
1.439666
0.602269
1.727963
0.555464
2.453903
1.469987
1.268478
1.954230
0.977376
1.268672
2.305859
1.357385
1.488285
0.886983
1.614174
1.284910
2.165820
1.368424
0.742829
1.546560
0.909608
2.527115
1.181205
1.790883
0.971359
1.356664
1.043856
1.604194
1.596235
1.531180
1.933204
1.602991
1.685720
1.371700
1.585946
0.856403
2.434495
0.946788
2.362795
1.045172
1.234489
1.316796
0.656258
0.675666
2.884956
0.875151
0.949247
0.843512
2.498415
1.240964
1.036707
1.604741
0.445215
1.876785
0.928318
0.787311
1.849424
1.823515
1.731062
1.712535
0.821144
1.297229
1.056111
1.330412
1.554394
2.651866
1.776291
0.698829
1.599242
0.411002
2.055349
0.775850
1.271422
1.096444
0.850673
3.601592
1.297032
2.015867
1.698860
0.915786
2.497655
2.192677
2.293562
0.782800
1.475448
2.842747
2.336051
1.245938
2.789260
0.723086
1.516946
1.761852
0.981598
1.387309
1.444473
2.295977
1.278391
0.993755
0.717543
1.396300
1.616152
1.365255
1.303679
1.636192
1.112451
1.261041
1.245927
1.433308
0.371254
0.934722
1.892949
0.654220
3.245671
1.557815
2.326279
0.567320
0.820331
0.729710
1.416267
1.654064
1.457349
1.666237
1.768472
1.019119
1.408230
1.700188
2.324674
1.114599
1.328562
1.678428
1.900979
1.200693
2.258559
0.974640
1.788156
1.235438
1.099320
1.947636
1.010251
1.502829
0.452901
0.797492
0.268296
2.571971
1.929693
1.286686
0.961426
1.691625
1.447903
1.259761
2.101441
1.461812
0.642682
0.640488
2.666161
1.786030
1.495799
2.360941
1.540294
1.361768
1.682465
0.734125
0.989263
1.133926
1.306919
1.797052
0.532248
1.623522
2.183949
1.120406
2.137501
2.380445
1.490076
1.583755
1.966036
1.625409
1.259029
0.886255
0.714640
1.839928
1.644856
1.585791
1.593446
1.263918
1.204871
1.418492
1.494437
2.823611
1.447248
1.056079
1.628193
2.182949
1.000533
1.438403
2.593831
1.869982
1.277449
1.211329
0.689657
1.386007
0.671891
1.410084
1.034911
1.465779
1.020398
2.392176
1.410914
2.109720
1.904889
0.951728
1.452906
1.067123
2.741298
2.165344
1.882474
0.716313
1.962122
1.635162
1.302442
2.051797
0.796188
0.899037
1.787581
2.455453
2.333936
2.122612
1.578253
1.239409
1.384503
1.263851
0.849294
1.378013
0.919510
2.235537
1.810104
3.298269
0.721019
0.535859
1.629300
1.459440
2.391361
1.162362
0.782937
0.373115
0.649844
1.982460
2.410854
1.874157
0.421193
1.233932
0.593017
1.504997
1.554626
0.782016
1.441679
0.214161
2.364242
1.771743
1.548075
2.310954
1.488938
1.177144
1.022959
1.359566
0.534126
1.143022
2.017417
1.619724
1.141721
2.406750
1.211653
1.198445
0.364198
0.963416
1.213013
2.698678
2.010872
0.839258
1.174643
1.400450
1.319046
0.853810
2.805812
1.630326
1.787988
1.599336
0.937260
1.237253
2.316674
2.227451
0.399378
2.769554
2.230948
1.413479
1.934178
1.763720
1.464241
0.930335
1.851015
0.884147
1.956446
1.071123
1.409469
1.153009
1.977789
1.836371
1.489166
1.555364
2.642263
1.790496
0.734928
1.566107
1.289163
0.848828
1.153813
1.264589
1.554086
1.955456
1.762958
0.562693
0.893781
2.021204
0.459219
1.554239
0.782956
0.783563
1.753207
1.791168
1.210471
2.125780
2.451451
1.526625
1.612859
0.205522
1.960372
1.153171
2.145042
1.695993
1.419975
1.063997
1.615654
1.416258
1.467514
0.858152
1.926898
1.587528
1.423509
1.411268
1.909384
1.591294
1.641206
1.397361
1.555955
0.866402
1.521940
0.986573
2.359777
1.908071
1.235861
1.218868
1.948575
1.301067
0.961184
1.701517
0.619356
1.460196
1.059736
1.037608
1.593892
1.788003
0.511400
2.264534
0.630066
0.917719
1.300620
0.724626
1.221920
3.019256
2.099275
0.871967
1.678466
1.848220
3.199574
0.565558
1.053871
2.061381
1.619573
1.435085
0.923157
1.892127
1.849318
0.256944
0.612818
0.895825
1.222965
1.983507
0.829805
0.274010
1.519983
2.092245
1.377517
0.965116
2.165316
1.069104
1.702679
0.686860
1.335424
1.274934
1.042416
0.427075
0.491196
1.902256
0.609774
1.457123
1.644349
1.243588
1.922663
1.358143
1.692412
1.884118
0.774185
1.179368
1.036140
1.290212
1.627339
1.493951
3.108252
0.776086
0.309583
1.413054
2.098093
1.228045
2.573676
2.338299
1.297173
0.834267
1.429347
0.730770
2.668745
1.517361
2.649326
1.276128
0.722366
1.103490
0.465573
2.005050
0.987528
0.287488
1.760318
0.649936
2.417531
2.075515
1.192672
1.389381
1.595722
2.429526
3.033174
1.887002
2.371893
1.297973
1.881200
2.574360
1.919189
2.024015
2.148629
0.431501
1.581547
1.539532
2.177027
0.844536
0.759386
1.188192
1.020589
1.847245
0.881871
1.594073
1.363495
1.103749
2.024664
0.694508
1.438029
1.463542
0.762839
0.573253
2.225556
2.167602
1.297973
0.835560
0.433776
0.998281
1.867502
2.319558
1.528700
2.425359
1.650386
1.927876
1.900084
0.716897
0.717046
0.771140
1.836032
0.699316
1.114885
1.735800
0.490578
0.547509
0.587930
1.704641
1.827619
1.344400
1.709657
1.378669
0.720434
0.995218
2.009985
1.466918
1.905558
2.201178
2.121312
1.387866
1.445224
0.814305
0.903321
1.243396
1.393176
1.784665
1.421611
1.142423
1.226117
1.983073
1.125188
1.221793
1.064896
1.215047
3.524256
0.849536
2.329107
2.423948
2.262744
2.775137
1.717602
1.629093
1.107243
0.701091
0.604517
0.966380
1.087993
1.790866
1.765667
0.617860
1.476469
1.224756
2.237223
0.973051
1.692635
1.858747
1.203579
1.937139
1.813700
1.660546
1.392790
1.721530
1.620981
1.269979
2.005301
0.979346
2.027191
0.819432
2.036806
0.816651
1.914040
1.171002
0.961441
0.858841
1.645810
1.129225
1.541619
0.436979
0.928644
1.761934
0.788842
0.704577
1.062114
0.478858
3.021088
1.529638
1.588522
1.064872
2.252626
2.700346
1.524443
0.788982
0.703357
2.644626
1.225822
1.882784
1.922918
0.556094
0.763251
1.814258
2.353487
1.429629
1.632456
0.847566
0.647783
0.386674
1.086250
0.956829
1.178277
0.887875
0.885412
0.625651
1.146507
2.073857
1.187686
1.719060
2.195276
1.266707
1.290871
2.061446
1.169328
2.274741
1.646559
3.036327
2.412411
2.535400
0.837033
1.546810
0.527666
2.091192
2.052807
2.008568
1.526617
0.634976
1.464314
1.828800
1.785320
1.754579
0.857361
1.891973
1.239887
1.153519
1.490895
1.641683
1.498258
1.317862
2.129439
1.441804
3.017176
1.344775
1.937959
0.948902
1.293660
1.236616
1.633948
1.368025
0.504307
1.674645
1.980978
1.253765
2.251252
1.607098
1.755798
2.292328
1.529465
1.957912
0.765937
0.561414
0.329694
0.294870
1.224684
1.513540
0.980600
0.951856
2.204989
1.425875
3.097277
1.448548
1.218786
1.638380
2.407477
1.836242
2.505196
2.514592
1.664841
1.163135
1.447147
1.155149
1.871305
0.683343
0.695522
1.751462
2.212828
0.399663
0.554424
1.385375
1.949155
2.572690
1.746823
2.531686
0.928831
1.053254
0.689534
1.680592
1.725103
1.284160
1.624824
0.673613
0.367938
1.176209
1.901989
0.529350
0.923163
1.135374
1.333398
0.574615
0.783252
0.481976
0.789397
2.319100
0.664334
1.523461
0.370551
1.654440
1.229500
2.088774
1.643968
1.189310
1.473791
1.984137
1.283850
1.131588
1.984603
2.626852
1.344852
0.887995
1.305366
1.386382
0.666348
2.179199
2.004702
1.240602
1.249365
1.399499
1.495524
2.211142
1.116136
1.678775
2.730942
0.818607
1.220719
1.519283
1.364742
1.883801
1.682104
1.392230
1.483583
2.003652
2.412794
1.629020
0.762581
0.750148
1.474529
1.658672
3.284733
3.006790
0.278851
0.276120
0.821652
0.963177
0.394817
2.044973
1.360722
2.552977
0.770496
1.348235
2.464194
1.718040
2.388947
0.839516
2.897326
1.265364
0.840437
2.252242
1.806731
1.281541
1.380383
1.658060
0.459215
1.376095
0.585445
1.775707
1.214400
2.579992
2.585917
0.884864
1.750197
0.367218
1.734848
0.671192
1.134934
0.723345
1.683797
1.747525
1.005644
2.995379
1.592026
1.164611
1.923126
1.148242
1.068495
2.450070
1.410820
0.993798
1.487131
1.076512
0.483091
1.470673
1.299008
2.171643
2.140489
1.428993
2.625452
1.098632
2.423000
1.107365
1.049765
1.807243
3.112526
1.334097
0.771304
3.138412
1.984627
2.352014
1.618027
1.089954
1.227137
1.709703
1.969794
0.353015
2.147256
0.725796
2.941784
2.127201
2.141686
1.954156
1.236877
2.068101
1.051500
1.241794
0.854108
2.441043
2.393579
2.520363
1.712375
1.798300
1.633215
1.343814
0.544998
1.253243
1.264901
2.001251
1.940215
0.551605
1.858375
1.817841
2.023361
1.125976
1.106532
1.512653
0.951761
1.876967
0.597491
2.778133
1.273609
1.804457
0.821624
0.853753
0.498602
1.841405
1.611986
1.847996
2.797017
1.135849
1.839168
0.725254
0.705563
0.662679
1.853036
1.723585
1.105856
1.303768
1.101321
0.944210
2.249560
1.401961
2.260052
1.845856
1.220848
0.444070
1.569898
1.198458
2.811701
1.346101
2.228377
1.824412
1.416940
1.551484
0.552586
0.586443
2.055901
2.133716
1.692596
1.300940
1.104261
0.830002
2.070402
1.321285
1.433237
1.742403
1.586271
0.756231
1.597163
2.361624
2.752038
0.574680
1.381845
1.315529
1.651170
2.149814
0.602468
1.824514
0.837936
1.622522
1.314426
2.614771
3.124333
0.789416
1.287781
2.169594
1.043183
2.372117
1.470065
2.782438
1.499573
1.792508
2.221160
2.075011
1.174085
2.461588
0.458376
1.561522
1.871768
0.655317
1.205629
0.509486
1.736930
0.612978
1.867472
1.426277
2.173871
1.989148
1.391040
1.022895
2.326135
0.990720
2.353697
1.487560
1.931404
0.976179
1.049822
1.612003
1.845580
1.493844
2.496911
2.023889
1.446540
0.900396
0.309913
1.485350
1.285686
1.060867
1.381072
2.419674
2.306170
0.744878
2.146879
1.408029
1.807139
1.351949
0.714416
1.045629
0.929752
1.854272
1.126054
1.226717
1.654518
2.150339
1.265044
0.721067
1.030871
2.102724
0.785513
1.949316
1.136928
1.212468
0.730909
2.753107
2.384771
0.737647
1.423876
1.254523
1.293276
1.476035
1.579808
1.221059
1.350012
1.527796
2.293954
1.014369
1.210435
1.554043
0.997231
1.248353
2.349832
1.031720
0.407669
1.077892
1.588547
1.269374
1.462538
1.660780
1.213977
0.788435
0.550684
0.783827
2.542556
1.763039
0.950031
1.727732
1.245591
1.255117
0.924781
2.032802
0.912511
2.304043
2.106743
1.258641
1.487365
1.963766
1.785927
2.541284
1.096102
1.354153
1.708831
1.100736
0.861727
1.925061
2.323405
2.837446
1.513654
2.043521
1.206221
0.667512
1.525489
1.533104
1.663024
1.224553
1.872520
0.179407
3.132537
1.942307
3.165903
2.086229
1.303835
1.843891
2.246349
0.614473
1.815281
0.818373
1.669064
0.606404
1.389716
1.835162
2.658629
1.761998
1.071987
2.237040
0.467851
1.910699
1.044949
1.771665
0.507730
1.315552
1.701037
1.353059
1.201925
0.473154
1.537975
0.732884
0.805922
2.217872
1.050307
1.933313
1.800487
0.481482
1.436654
2.453325
0.793476
1.089191
1.194354
0.590819
1.366583
1.339900
2.257160
0.778053
0.957279
2.239652
0.656827
1.279395
0.587302
0.811821
0.286217
2.059669
1.386206
1.817282
1.596106
0.552593
2.307863
1.569766
2.830089
1.334601
1.446747
0.967220
1.206594
0.869946
0.489725
0.298762
0.549644
0.699130
0.700574
1.100783
1.280653
1.797078
1.055054
1.041450
1.947149
1.593192
1.382345
1.616979
1.010505
1.872026
0.709227
1.217884
1.699445
0.894547
2.049322
1.696100
2.587715
0.964750
2.457577
0.956368
1.354296
1.987091
1.748199
0.766676
1.357813
2.437715
1.665562
2.000237
1.097425
1.518246
2.269348
2.164348
0.918486
2.386949
1.983527
1.549227
1.198012
1.979719
1.378597
1.893352
1.068451
0.841136
1.842241
2.221212
1.248537
1.411881
0.610346
1.406347
1.539245
1.571796
0.590166
1.060074
1.649069
1.954279
2.773298
2.658299
0.959326
2.397349
1.379837
1.380378
0.947521
2.562324
0.578128
0.949780
1.945993
1.077657
2.019933
0.971925
1.801398
2.574056
0.951294
2.614339
1.904222
1.940770
1.005091
0.513482
1.479383
1.580358
1.768135
2.947590
0.977511
1.249881
1.031611
1.949015
2.638844
1.453132
1.277505
2.257285
1.183735
2.130141
2.450527
1.620452
1.168570
0.744132
1.008400
0.838324
2.716829
0.999027
1.523044
0.811725
2.306053
1.411244
1.421542
0.998416
2.239798
0.495702
1.439194
1.148330
1.535069
1.881655
2.224220
0.857907
1.699103
1.846246
2.440917
0.593156
1.839065
1.794092
2.221788
1.067275
1.854175
0.670335
0.749986
1.113948
0.872160
1.219027
1.092587
0.946061
2.079788
2.545339
1.128247
0.983279
1.166625
1.833212
0.915096
0.791634
1.410667
2.612772
1.495580
1.002159
2.196744
3.030389
1.807034
1.459754
0.976596
2.176722
0.600091
1.041400
2.215711
1.045974
0.970216
1.515357
0.747943
1.990195
1.872209
1.103273
0.707482
2.268863
3.138774
2.261284
2.091341
0.840897
1.006359
1.837573
0.935334
0.869139
1.775867
1.392361
1.560561
1.978744
1.814138
1.273349
0.688032
1.585562
1.814036
2.163815
2.562713
0.855579
1.493663
1.399914
2.047395
0.488694
0.904823
0.673512
1.358298
2.519570
1.218092
2.323377
1.985873
0.891081
0.745254
2.575133
1.265436
0.718058
1.486745
1.847669
0.653349
1.780661
1.109740
1.814725
1.449720
1.143038
0.838363
0.970162
2.312018
2.479598
1.039012
0.724951
1.427482
0.398991
0.437767
1.543092
1.857494
1.359136
2.381706
1.758393
2.730814
0.508595
0.744254
2.368263
1.596310
0.668127
2.117702
0.272281
0.555891
1.499155
1.996735
1.813971
2.030512
1.324063
1.249347
2.565650
0.317890
1.816294
0.966146
0.175624
0.604747
2.028591
1.393116
1.810468
0.837759
2.458474
1.641430
2.513916
0.594538
1.528476
1.624730
1.566941
1.433619
2.187039
1.608839
1.624741
1.059420
1.011603
1.534350
1.226990
2.293152
1.533571
0.838254
1.338603
1.263415
1.636268
1.741038
1.104290
2.269846
1.467756
2.626537
2.045980
1.358487
0.326061
2.257459
2.209425
1.027859
1.886324
1.563896
1.982698
1.432792
0.822728
2.274391
2.171482
1.371632
2.434820
1.382281
1.777061
1.574172
1.740583
0.604370
0.872596
0.375668
1.863305
1.958135
2.391239
1.395579
2.167584
1.603527
1.905859
0.937711
1.195366
1.250106
2.136825
2.862514
0.937730
1.559250
1.056100
0.999647
1.577909
1.228010
0.954947
2.171963
1.895714
1.027198
2.253265
0.536033
1.161100
0.532914
0.875003
1.844112
1.656279
1.372656
0.808517
1.384089
1.389989
1.867815
1.843426
1.486743
2.489919
1.647047
1.893540
0.649466
0.937313
1.081290
1.239068
1.003263
0.863772
0.986072
1.690629
2.037253
0.574726
1.379427
0.654250
1.232088
1.260263
1.508450
1.786774
1.136243
1.538780
2.077035
2.384173
0.936118
1.638180
1.515694
1.593460
0.937934
1.097211
1.283648
2.342910
0.573339
1.042866
1.634771
1.154632
1.484154
1.437565
0.817292
1.350030
1.196554
1.023226
0.739084
1.379243
2.394692
1.970479
1.703866
0.794980
0.648091
1.766046
1.692355
2.042460
1.293549
0.960912
2.632189
1.430154
1.377279
0.667551
1.435788
1.834342
0.600610
1.386025
1.296025
2.323440
1.140381
1.040412
0.743344
1.464870
2.381434
1.195338
0.405412
1.008421
1.525403
2.009974
0.864982
1.139279
2.657040
1.738054
1.091365
1.812142
1.485168
1.510190
1.873254
0.603304
1.108827
1.272179
0.770976
0.481792
1.403726
2.714515
0.330994
0.775102
1.857640
1.171481
1.516476
0.622867
2.124844
0.792008
0.965221
1.877001
3.013540
1.517872
1.297523
0.780637
1.131926
0.883808
0.618782
3.096162
2.319172
0.662048
1.512921
3.054913
1.659569
2.202040
0.777191
1.982241
1.671319
1.247524
1.157535
3.306356
1.046884
1.050376
0.718817
0.466491
1.830101
2.158729
1.038751
2.127538
2.327579
0.712308
2.411608
0.822868
1.590900
2.130885
1.384524
1.548261
1.249893
2.096551
1.290669
0.826037
1.581814
1.289425
1.044435
1.489754
1.114029
1.907074
2.003185
2.046607
0.836303
1.516708
1.528190
0.838622
1.114290
0.985000
1.189196
1.880436
1.146354
1.907500
1.604974
2.071148
1.666151
1.054104
1.624607
0.715066
3.177065
1.758960
1.282107
2.029728
1.925493
1.469010
1.596672
1.337483
1.940132
2.266693
2.102499
1.267288
1.285926
0.967725
1.174954
0.999147
1.024039
1.013800
0.379006
2.217198
0.743067
2.214959
2.822569
1.739115
2.447730
0.609715
2.727860
0.981843
2.293184
1.463572
0.741585
1.830927
0.915225
1.152693
0.884657
0.920554
1.098776
1.114229
1.452943
0.731374
1.176815
1.265900
1.026624
1.578300
2.149762
2.555580
0.567257
1.144535
1.687016
0.964093
0.611515
1.125418
2.377618
1.703541
1.270051
0.981640
1.962011
1.958584
1.578945
0.444650
1.261673
1.422020
1.362913
0.971277
0.698966
1.064165
2.474225
1.201906
1.610832
0.725147
0.778494
1.467161
1.083967
2.301170
1.591787
1.465530
2.225767
1.801897
2.433519
1.251632
1.779253
1.017120
2.345087
1.820402
0.390218
0.892608
1.446567
1.602312
2.077139
1.615970
1.113252
1.441175
1.006528
1.925569
0.612330
0.796539
2.250673
2.138444
1.984707
2.044584
1.976283
0.545886
1.055434
0.908523
0.228963
1.951342
1.658584
1.631660
1.160551
1.529553
0.420828
2.237470
1.144548
1.326549
1.803274
2.679520
1.841932
2.027989
1.630356
1.353082
0.842015
1.577260
0.950293
1.519943
0.393404
1.858575
1.324239
1.398188
1.893696
2.435314
1.822241
1.198312
1.532997
1.538403
1.499958
1.726976
1.416607
1.866428
2.328603
0.702324
2.005264
1.513128
1.035314
0.843686
0.978006
1.244748
1.782619
1.538640
1.626934
1.287350
1.076564
2.102943
2.094583
1.991101
1.275143
1.322001
0.315068
1.610223
1.805731
1.625095
0.926708
1.273563
0.157580
1.614495
1.008018
2.043209
2.091707
2.189624
0.838735
0.440111
1.022805
1.217173
1.221360
1.510368
0.948821
1.340473
1.587699
2.150092
2.025944
2.194169
1.633750
1.201275
0.824350
2.226302
0.701787
1.461371
1.080171
1.863851
1.004284
1.021672
1.467073
2.038761
1.777606
1.367334
0.917735
1.740474
1.441722
0.995151
0.943249
1.115543
1.853112
1.219152
1.656335
2.482067
1.790581
0.942478
1.734930
2.082989
1.570955
0.938718
1.544131
2.422985
0.456285
1.526121
1.190817
1.265659
1.849189
2.066013
2.202489
3.000512
1.410584
2.293154
1.777167
1.278683
2.433757
1.806557
2.345168
1.304124
0.630444
2.192265
2.126839
0.786520
2.237872
2.346375
1.892211
1.640562
1.298999
1.300805
3.748170
0.982545
1.484158
2.033142
2.083978
1.722760
1.090360
1.884541
1.673857
0.582342
1.316053
0.818816
2.031325
0.760838
0.798509
1.169708
1.598924
0.983552
1.779857
1.509923
1.761056
0.862913
1.719218
1.098342
1.066167
1.126894
1.462575
2.063928
1.150362
1.235202
1.734394
0.611425
1.349927
0.907236
1.444153
2.125515
0.649695
0.801269
1.200682
2.075887
0.535491
0.611904
1.169409
1.248876
1.057573
0.668578
0.825806
1.163764
1.769815
2.502987
1.339257
2.569686
1.155060
1.684040
1.456962
1.854040
0.883155
2.970704
0.916033
0.452553
0.513220
0.948114
1.531805
1.591871
1.791933
1.617252
1.488878
0.769361
0.667067
0.783761
0.533175
1.406347
1.587040
1.792453
0.843975
0.619968
1.013044
1.357429
2.487523
2.170142
0.492699
1.808088
0.749856
0.309181
1.739791
0.828384
1.380897
1.462330
0.932913
1.572876
1.995484
0.778956
1.375043
1.783638
0.892786
1.357227
1.243046
0.703844
2.768387
2.193993
1.505440
1.394863
2.046941
1.663164
0.490586
0.929161
1.558495
2.798371
0.408858
1.667366
0.906777
2.685839
1.364056
1.657783
0.797447
2.732564
1.621404
2.414011
1.748458
0.729585
1.475917
1.216933
1.614575
0.830621
0.906170
1.811610
1.737833
0.988341
1.425871
1.751808
2.538343
1.545818
0.820811
0.720694
1.376811
1.568701
1.464134
1.155174
1.641904
2.035593
2.516739
1.192200
1.428000
1.473694
1.328351
1.728977
0.652513
1.308792
0.949459
2.304844
2.385686
1.393777
1.306507
2.260835
2.166926
0.946302
1.517153
1.254683
1.783585
1.319516
1.698297
1.675464
2.695460
0.921252
1.321304
1.984165
0.920656
1.733064
0.759318
1.683301
1.661536
0.783725
0.930825
0.821961
1.116161
1.190942
2.131739
1.393374
1.740096
2.511131
0.838048
0.762449
2.635093
1.885354
1.373924
0.836365
0.963322
1.031125
2.611756
0.876157
1.689300
1.556391
1.555000
1.022544
1.018041
0.550178
0.912611
1.404208
1.306750
1.658633
1.184139
1.152043
0.521983
2.456109
1.769521
1.707417
1.021472
1.599555
1.850447
1.735593
0.448068
1.844021
1.726211
2.327578
1.074831
1.674779
0.559695
0.819317
0.461266
1.013341
1.463439
1.430544
3.144820
1.601789
2.643628
1.555217
0.565912
0.465330
0.445130
1.812945
1.251875
1.153913
0.988713
0.989439
1.721361
1.588675
1.193493
1.864449
0.714972
2.195860
1.109788
0.861998
0.652401
0.485084
1.513028
1.879622
0.879925
0.622979
0.974079
1.627055
1.272695
2.042082
1.143479
0.965041
1.141287
0.976295
2.286625
1.831561
1.000641
1.384818
1.609113
1.345618
2.115970
1.011809
1.442961
0.947388
2.377238
1.457377
1.941223
0.451031
0.930749
1.253910
1.702427
1.864315
1.742526
1.913701
1.694671
1.854004
0.605853
1.389315
1.406832
1.887004
1.577328
0.378394
2.357196
2.384601
0.825058
1.385126
0.409584
1.076661
2.283558
1.501537
2.747783
1.566332
1.709070
2.886906
1.234318
1.828109
2.157481
1.502159
1.945530
0.544391
1.743626
0.651601
2.192213
2.852833
1.615222
1.530905
1.679816
1.475857
0.721478
1.860573
1.185689
1.640525
2.901258
3.235010
1.885963
0.975151
1.063341
1.559610
2.414948
0.502540
1.293398
1.372737
1.429646
1.109655
0.541199
2.318532
1.069222
2.415884
1.732323
0.568142
0.886294
1.006227
1.420261
0.861759
1.978065
0.876755
2.360054
1.104428
2.078735
0.734730
1.274524
2.177148
1.730688
0.246768
0.984080
2.509174
0.525992
2.310736
0.527913
1.008997
0.788520
1.912598
1.287906
0.761014
1.154204
2.036112
0.958939
1.395147
1.714019
1.671973
1.650744
2.308348
1.206337
1.191352
2.104753
1.571274
1.230398
3.579623
1.540462
1.575367
1.641185
1.463818
1.508652
1.531480
1.077021
0.560129
2.074597
1.124960
1.326521
0.945072
1.986002
1.961127
1.785190
2.064647
2.343199
1.103388
1.897297
1.759248
1.297148
1.569677
1.964426
1.356321
2.137348
1.044477
1.439210
2.163055
0.584219
1.028298
1.708938
1.382055
1.800340
1.317035
0.879971
2.320317
1.569261
1.312224
2.189326
1.959896
1.438790
1.751581
0.638515
1.467466
1.571269
3.001367
2.146597
0.673842
1.092175
1.740178
0.889161
1.832400
0.721808
0.551811
1.211862
1.763381
1.106654
2.221472
2.316032
2.226328
2.229390
1.499946
1.298825
0.733215
1.043828
1.247886
1.312440
0.993365
1.451858
1.263331
2.284406
1.208063
1.521613
1.309951
1.058807
1.112699
1.203899
0.540798
1.273616
1.127155
0.697836
0.580491
0.811989
0.581190
1.042577
1.550183
1.293313
2.417102
1.790201
1.638655
0.712750
1.124149
2.165909
1.313125
0.542791
0.768764
1.155511
1.391677
0.560545
1.655723
1.449890
1.491221
1.774737
2.211288
1.474379
1.469546
0.365618
0.646786
1.679767
2.271279
1.445206
2.404097
1.501862
1.504730
2.257894
1.269981
2.561575
2.897865
2.069694
1.581820
1.756666
1.702103
1.614459
1.200614
1.369394
1.275465
1.096944
0.690404
1.442565
0.380495
0.892830
2.054624
0.478221
1.939924
1.288190
1.960901
1.357954
1.535247
1.249672
1.396750
0.997550
1.330435
3.180677
1.616739
1.971368
1.560204
1.642797
1.129613
1.747559
1.477868
2.154518
2.307675
0.651254
0.968564
1.078048
1.611199
2.326174
1.842322
0.961864
3.428482
2.021652
1.078939
1.766943
0.789310
1.010250
1.856340
1.314154
0.953914
1.373076
1.866986
1.794659
1.436182
1.544216
0.550168
1.464266
1.568468
0.825748
1.213327
3.084583
1.139217
1.295873
0.748687
2.965747
0.689750
0.930954
2.567775
1.922175
1.612090
1.720409
0.857784
2.310099
0.683943
1.000822
1.398883
1.546293
2.376461
1.158746
1.458252
0.720242
0.539072
1.406693
1.475224
2.414041
2.022490
1.056632
1.554012
0.409316
1.756124
0.875149
1.394270
1.340249
1.224096
0.692296
1.608879
1.018332
2.260726
1.228270
2.011155
1.091076
0.668452
1.742815
0.932413
2.035774
3.240284
2.448878
1.260184
1.396471
1.288730
1.736296
0.573341
1.455557
2.111102
1.278933
1.329235
0.687912
2.138844
1.112077
1.715839
1.275103
1.476076
2.910662
1.734300
1.451122
0.751484
1.060235
1.942404
1.170884
1.078478
1.225219
2.601374
1.513723
0.994147
1.527180
2.087395
1.240307
2.689740
2.266714
1.733454
2.249784
0.814178
0.985850
0.624546
2.128067
2.682971
1.142644
1.336184
0.851161
2.048206
1.206020
1.070173
1.091663
1.383678
1.836120
1.645950
0.855397
0.988522
0.464144
1.812148
1.114229
1.492472
2.172274
0.579164
1.016887
1.907730
1.593195
0.895862
1.098950
2.142138
1.396647
1.515092
1.684558
0.841170
1.567545
1.285501
0.881310
1.454292
1.856193
1.547161
2.363690
0.477259
1.272359
0.435959
2.246355
1.000897
1.337598
2.730311
1.544666
0.518212
1.573571
2.031998
1.134311
1.831498
2.386510
2.434984
1.915317
0.727005
2.166875
0.841176
1.166529
1.758958
0.598060
0.648120
0.581650
0.816429
0.635903
1.476776
2.627010
0.769849
1.961063
1.095574
0.942976
1.482106
2.020268
1.332749
0.356453
1.930422
1.075109
1.530943
1.666904
0.828470
0.640084
3.203381
0.989146
0.948757
1.061517
1.140731
0.891874
1.065959
2.092473
0.373924
1.339451
1.729795
1.294704
0.994521
0.757363
1.266455
0.483785
1.311433
1.604619
1.316412
1.145264
2.111245
1.571124
1.536986
1.678868
2.032565
1.019625
1.796895
0.681926
1.840891
2.733410
1.810635
1.244129
2.080993
1.733299
1.197580
2.035577
2.150972
2.369109
2.233920
0.430406
1.483161
1.007750
1.354917
1.927068
1.949339
0.501063
1.642320
1.293238
2.288274
1.998067
1.404500
2.429061
0.457677
1.025343
0.598907
1.270596
1.523876
0.972958
0.350739
2.460608
1.273243
1.746548
1.983224
0.789057
2.397396
1.686252
2.247427
1.698833
1.334285
0.690358
2.696516
0.847835
0.991978
0.587452
2.440465
1.216611
1.174880
1.664624
1.446207
2.058463
1.209881
0.452650
1.438160
1.917780
1.746743
1.123880
0.303030
2.121210
1.275479
1.762153
0.777515
1.988106
2.493794
3.041727
2.723473
1.117595
0.666878
0.890480
1.209363
0.942148
1.542930
2.132062
1.849698
1.985925
1.082380
1.094748
1.587764
1.543419
2.217177
1.347829
1.168502
2.483277
1.466977
1.197192
1.487294
1.624127
2.043656
1.440902
1.322374
1.006486
1.058780
0.480485
1.201367
1.893620
0.696472
1.506558
1.816283
0.560722
2.783382
2.727567
1.174853
2.263147
1.373698
1.261290
1.184345
0.880351
1.142247
0.390922
1.628114
1.577299
0.355315
1.473768
1.199712
2.369240
0.726082
1.800485
2.292647
2.895663
2.598714
1.502707
1.632698
0.598453
0.653445
1.955077
2.737185
0.884305
0.737874
1.737257
2.289659
0.688620
0.738617
2.339816
2.264239
0.181557
1.508806
2.226760
1.555502
1.917476
1.983240
2.721831
1.562516
1.450813
1.034666
0.526955
0.276370
1.704109
1.681165
1.647284
0.983124
1.074038
1.775809
2.419508
0.980670
2.848029
1.171663
0.264936
1.361472
2.445257
1.920303
0.845182
1.066294
1.212706
0.756511
1.101782
1.578900
2.231842
1.652093
1.455640
0.350697
1.095826
1.148119
1.197857
0.790274
1.192987
1.066166
1.028576
1.013906
1.714540
0.958897
1.966950
1.476325
1.187478
1.851214
1.247128
1.987555
1.614579
0.910562
1.421135
0.390792
1.372473
1.607300
1.223694
1.184732
0.623686
1.613510
1.746887
1.808883
1.812430
3.063464
2.522931
1.258879
1.060200
1.696879
0.526706
0.961917
1.196892
0.625723
2.448846
1.080395
1.476237
1.266636
1.843689
1.169445
2.410044
1.383360
0.855942
1.632258
3.090699
2.264498
1.261373
1.625994
1.311988
1.095831
1.259531
1.052192
1.971099
1.838620
2.630169
0.918339
1.374986
0.602113
0.543396
0.951105
2.949822
1.665670
1.170587
0.977876
1.713240
0.946153
2.682317
2.206581
0.950171
0.740269
1.160611
2.758735
1.155012
1.374577
2.623030
1.482215
1.826045
0.664523
0.789737
1.819603
1.085921
2.428659
2.657246
0.678303
1.419617
0.777979
1.443509
2.227342
1.573098
1.088766
0.854545
0.798879
2.431143
1.695420
0.709467
0.587089
2.085031
0.445796
2.304195
2.125668
1.975113
0.913807
1.242121
1.669207
1.804424
2.144068
0.533947
1.105211
2.420945
1.858720
1.974883
1.636675
1.674567
0.407708
1.369852
1.472002
0.963413
0.475220
1.479109
1.188609
0.938464
1.150949
2.165514
1.691103
1.202489
1.063197
1.318110
1.675049
0.682594
1.632176
2.032234
0.821593
1.446062
0.753446
1.293691
1.367773
1.858274
0.879771
0.778639
1.165089
0.924824
1.826942
2.080294
2.620288
1.483829
1.523598
2.007412
1.436850
0.732295
1.353851
0.545984
0.643187
1.505171
2.062255
1.082750
1.662935
1.731581
0.668702
1.213387
0.760876
1.584432
1.433533
0.982959
1.466979
1.047284
2.992135
0.426250
0.682161
1.254653
1.536971
2.148258
2.121867
0.638562
1.285493
1.837487
1.549522
3.267902
1.324749
1.240425
1.212289
2.082462
1.920526
0.558989
2.825179
1.463564
0.729657
0.583991
1.224075
1.039726
0.629495
1.647869
0.527763
1.792412
1.410715
1.082913
1.780469
2.497284
1.672914
1.508666
1.558252
1.421063
1.835150
1.556275
1.830514
1.412527
2.640639
2.140920
1.970689
1.398862
2.422549
1.244198
0.929239
1.695618
1.800497
2.245515
0.902137
1.074647
1.204573
2.078761
2.472363
1.862408
1.414921
1.655322
2.333544
0.862680
2.192147
1.491295
1.610337
1.175106
1.410679
1.555479
1.982586
0.605191
1.046853
0.690348
1.634856
1.946491
0.779713
1.161922
0.432994
1.802747
1.788475
2.314314
1.690807
1.767156
1.385391
1.369152
1.202920
2.040263
0.467919
0.574115
0.246391
0.670423
2.799264
2.501480
1.312069
0.851512
1.894630
1.521475
2.487444
1.852979
2.093972
2.345564
1.287901
0.670885
1.671303
1.601785
2.057767
0.331597
1.652419
1.441833
1.573319
0.905918
1.079412
3.071169
1.917606
1.294864
2.158165
2.266329
1.867853
0.919862
0.565660
2.011387
1.930978
0.564076
2.577875
0.296707
2.887901
1.738263
0.803036
1.387407
0.735880
1.151756
1.358513
1.094391
2.031884
1.336946
1.448604
1.019769
0.874073
0.715180
1.867310
2.065708
1.633563
1.433634
2.397155
0.620098
2.058448
1.856869
1.920505
1.083828
1.602829
2.321080
0.581887
1.148338
2.466335
2.109280
1.572926
1.669783
1.524204
1.240123
2.415139
1.002089
0.599277
0.941803
1.889637
1.190225
0.732871
1.207224
2.203319
0.977015
1.127968
0.984801
2.206680
1.252224
1.449393
1.535360
1.268098
2.444421
1.409084
0.957083
2.485475
1.848777
0.512777
2.298628
1.775334
0.945833
1.632230
1.711069
1.274885
1.389973
1.674011
0.954444
0.400796
1.047578
0.624919
1.202780
1.468782
2.053062
0.589458
0.711638
1.137750
0.651999
0.868661
1.209004
1.216097
1.371052
1.834525
0.582011
1.570649
2.681083
3.130876
1.322846
1.382152
0.739628
2.324622
1.502673
1.158255
2.000347
1.383379
0.721313
1.502229
0.813418
1.852981
0.978008
0.590803
1.768692
1.286724
2.026151
0.419667
1.071430
1.751717
1.364112
1.857950
3.456786
2.443738
2.507594
1.277688
0.707143
1.587178
0.582731
1.701011
0.391097
0.326954
1.737888
0.815802
1.202341
0.311025
2.297941
1.260922
1.307687
0.895848
0.887378
1.130754
1.234681
0.715398
1.405968
1.135997
1.985024
0.993592
2.154395
1.333545
1.232961
0.573959
1.022005
0.988742
1.527725
1.556013
1.260461
1.474207
2.157857
0.236247
1.761313
1.955317
1.733094
1.973582
1.527538
1.429232
0.905791
0.138805
0.763876
1.897136
2.109558
2.137760
1.371456
2.001051
1.635797
1.189248
0.593829
1.471008
0.820450
1.720659
0.811339
1.716447
1.246831
2.878251
0.819496
1.796930
1.621107
2.324926
1.613517
0.371974
0.885529
0.949646
2.428505
1.394798
1.125887
1.833739
1.949828
1.708594
3.219947
1.063928
1.370592
0.724205
1.910140
1.825618
0.484305
1.557055
0.819986
1.312128
1.858061
0.992304
2.149740
0.842326
2.320058
1.112893
2.175248
1.681504
0.596670
0.883804
1.874171
1.253203
0.530789
1.391764
1.595147
1.027036
1.864695
1.459019
0.715013
2.595302
1.627250
0.252025
1.658145
0.805960
1.413511
1.299744
1.103318
2.357370
1.682549
1.416247
0.564201
0.838992
2.003409
0.729981
1.229911
0.260872
1.448932
2.355340
2.397560
1.824396
2.247567
1.192442
0.763267
0.689500
2.226346
2.171373
0.739296
2.057219
2.496300
0.944162
1.273446
1.099828
1.237013
1.886143
1.634072
1.038773
1.174432
1.728549
1.109684
3.185033
0.893680
1.531521
1.416571
1.708322
0.895901
0.973779
1.701430
0.940959
1.714834
1.703493
1.959957
1.162868
0.224058
1.405229
1.342507
2.082640
1.393958
1.273554
1.531134
1.148132
1.539274
1.961122
2.076023
1.291736
1.852069
1.281475
0.595543
2.130441
1.042035
1.492307
1.184414
1.467147
2.157406
2.016270
1.560927
2.071938
1.621674
0.648857
2.617915
1.465407
1.700324
1.536495
1.517536
1.702490
1.810364
1.091093
1.293185
1.427016
1.713597
2.671938
1.767390
1.544160
0.996221
0.360865
2.374885
1.640663
1.082798
2.408910
1.052465
1.450860
1.702384
1.096665
0.705176
0.740979
1.072278
0.576799
2.206675
1.246838
1.067275
0.911835
1.053656
0.943323
1.189599
2.138107
0.839370
0.762656
1.549013
1.421266
1.774676
1.727422
0.815264
0.607956
1.305428
0.833103
2.327634
2.063101
1.638780
2.725458
1.040726
1.866436
1.894415
0.803304
1.834021
1.518939
2.267086
2.022199
1.172838
1.703252
2.581872
2.111025
1.817568
0.372548
1.068294
1.435035
0.879900
1.935242
0.790031
1.229964
2.934107
0.948660
1.989989
1.148630
2.000731
2.724704
2.529606
1.763299
1.228341
0.705320
1.986270
0.289767
1.548112
1.173987
1.845807
2.263291
1.130989
0.448424
2.420816
0.442059
0.601874
0.884594
1.348475
1.618397
1.768025
1.231070
1.672249
1.587131
1.570895
1.766292
0.439963
0.902467
1.801458
0.897707
0.668800
0.956770
0.822565
2.441235
1.249657
1.391303
1.553378
1.067734
1.961551
0.905573
1.381772
0.638026
1.084413
1.249356
1.823054
1.009993
0.925027
1.813794
1.165164
1.384212
2.560270
0.777074
1.353538
1.093875
0.673486
2.140554
0.929026
1.589998
0.901055
2.716476
1.324924
1.969149
0.538587
1.767580
1.446856
0.665899
3.060751
1.214964
1.035830
0.476590
1.152972
0.903902
1.316238
1.098623
1.453501
1.043122
0.822236
2.789856
1.580028
1.188707
1.106548
1.951923
1.403451
1.342643
2.152439
1.201652
0.722437
0.612843
1.174889
1.101278
1.269466
1.535032
1.094490
1.721730
2.237136
1.512565
2.298768
1.994956
2.384181
1.840097
2.428494
1.919022
1.259898
1.739726
1.942669
1.651982
2.068518
1.280306
0.674416
1.618196
1.494944
1.773584
0.500876
1.197718
3.505084
1.617214
1.599134
1.299069
1.559600
2.443441
0.650505
1.545065
0.850288
1.598162
1.842200
1.546763
2.144046
1.148544
1.397711
2.306233
1.553355
0.261421
0.475762
0.321727
2.761127
1.764086
1.357150
1.535817
0.505356
1.179132
1.062724
0.326727
1.156161
2.836975
1.213738
0.609261
1.989276
0.862077
3.361234
3.384796
1.169348
2.288676
1.637714
0.878786
0.933724
0.928564
2.051989
2.264271
2.133214
2.202502
1.319178
1.007197
2.255099
1.225132
2.506647
1.063329
1.881249
1.477320
1.832048
1.302023
0.874433
1.930472
1.136505
1.957929
0.850790
0.734093
0.394994
2.038180
1.388390
1.955542
0.698499
0.608048
0.227138
3.037494
3.043384
0.685125
1.656007
0.848122
2.053921
0.957649
2.382178
0.691526
0.818692
0.421090
1.369600
1.526947
0.800948
1.390098
1.386312
1.123562
1.823369
1.361038
2.272839
0.621942
1.110715
1.097324
1.507295
1.051747
1.063921
1.067379
2.193728
2.749914
1.200600
1.604953
1.892809
0.510037
0.680500
0.693301
2.631374
1.964171
0.992903
2.472516
1.520043
1.410135
2.115480
1.387858
1.312735
0.961329
0.875857
3.039530
0.984707
1.212302
1.808017
1.953467
1.419278
0.807278
2.259512
2.448876
1.271957
0.865143
1.423635
2.120949
0.884499
1.220714
1.210184
1.798150
1.373749
0.938518
2.283602
1.360045
1.375948
1.775562
1.229763
0.624651
0.763297
1.846874
2.300327
0.738447
1.979185
1.350986
1.009666
1.980231
1.199572
1.116836
1.137114
3.018677
0.575723
1.706653
1.795666
1.227273
2.450004
0.712481
0.934974
1.231545
1.030360
0.968348
1.978909
0.730162
1.667614
3.697133
1.055034
0.971491
0.912357
1.146067
2.129121
1.018598
2.339065
2.242995
0.948042
1.449351
2.102731
1.161075
1.977921
1.412208
0.672102
1.199074
0.648342
1.922300
2.601204
1.321743
2.390072
0.963844
1.256367
1.783607
0.357746
1.688366
1.547898
1.198701
1.983898
1.708343
1.793726
1.462570
1.240327
2.476101
3.691952
1.028162
1.720139
1.813222
0.642122
1.753348
0.569705
2.665545
1.343690
1.538059
1.608102
1.983741
1.770200
0.804275
1.334189
2.635649
1.007573
1.708316
1.013594
1.187999
1.790404
1.510396
0.498120
1.236771
1.166720
1.037825
1.371451
1.588232
0.820683
1.789626
1.709025
1.146590
1.610529
0.908865
1.481129
1.946520
1.448503
0.560297
0.298547
1.493739
1.052635
2.300252
2.140315
1.364501
1.118349
1.030815
0.633298
0.637011
0.952510
1.186434
1.463841
1.230302
2.543760
1.359913
1.175718
2.163909
3.065458
1.298025
0.859647
1.507183
2.263491
1.584843
1.271229
1.505504
2.122554
1.198231
1.230931
0.877646
0.764800
1.328506
1.156741
1.119989
1.807280
1.068489
1.877058
1.923819
1.091224
2.652800
2.079757
2.864395
1.114277
2.109237
1.484872
1.490851
0.563234
1.182824
1.571822
1.797330
0.822859
2.028404
1.263504
2.290569
1.859855
2.452155
1.999769
1.512143
1.676373
0.642173
2.350675
2.031638
1.316699
0.932300
2.017763
0.317950
2.335092
1.728212
2.030172
1.410812
1.486124
1.320341
1.446393
1.231917
2.147200
1.115654
0.769360
0.759664
0.369673
1.354448
2.108330
0.942237
1.662092
1.473323
2.096294
0.864084
3.180560
1.104968
1.156085
1.922974
1.908737
1.735272
0.920750
1.799903
0.367982
1.298077
1.122268
2.046099
0.683502
0.891295
2.483965
1.976457
2.505795
1.034700
1.543829
1.584065
3.241681
0.918857
0.790616
1.383844
0.983437
0.989050
1.263519
1.490813
2.169884
0.927461
1.706898
1.146151
0.730158
1.357084
1.291303
1.269480
0.289315
2.298467
1.775429
2.092883
0.319721
1.238601
1.494723
2.052144
0.821249
1.118022
0.505810
1.533250
0.492136
2.012179
1.177788
1.658883
2.482851
1.202405
2.350426
0.921499
0.513070
0.961486
2.027887
1.278953
0.943987
0.560468
1.602556
1.923644
2.098914
0.667650
1.728026
0.802092
1.584842
0.806549
3.023880
1.078506
1.605676
1.777253
1.450255
1.671809
1.585356
0.986345
0.668572
1.469326
1.089637
2.581390
1.050700
0.775928
2.163026
1.049432
1.630951
1.446517
1.629534
1.952806
1.087917
2.487998
1.112933
1.625031
1.600957
0.865902
1.770129
2.270598
2.245599
1.317723
3.228232
0.459629
0.776502
1.105623
2.239739
2.870693
1.557800
0.322767
0.885467
1.465522
2.089127
1.106827
1.738112
1.935166
1.275968
1.762871
2.394493
1.148713
1.485174
1.208361
2.047792
1.957041
1.285868
2.129327
1.625475
1.128342
1.918533
1.401805
1.033761
1.392111
1.211424
1.362166
0.954879
1.420807
1.409594
1.096419
2.523545
1.228589
2.156067
0.767011
1.089319
1.852228
0.662307
0.946331
1.403874
2.171285
1.676282
0.966394
2.579250
1.264545
2.365956
0.605660
0.700299
1.879984
0.954786
0.755493
2.126892
1.474667
1.733785
2.348147
0.096991
1.826893
1.651613
1.063500
1.635296
2.499780
1.536016
1.965960
1.019675
3.190142
2.411723
2.099393
0.430762
2.077268
1.640107
1.790010
0.713137
1.888417
1.495217
2.948030
2.110587
1.888803
1.028750
0.971349
1.465026
2.534708
2.467781
0.802241
2.199388
2.447558
2.450177
1.696194
1.231009
2.091175
1.264952
1.457573
1.679183
1.420619
1.519824
0.310197
1.687037
1.349233
1.283689
1.754878
1.285868
3.136496
1.964001
2.039936
0.916558
2.277457
1.190134
1.109494
2.172870
1.323976
1.013802
1.863825
1.254349
1.057585
1.153805
1.295313
1.033807
1.841544
2.288815
0.667437
1.274673
1.167439
1.222045
1.361754
1.997984
1.488772
0.864891
0.668927
0.934892
1.281919
1.178101
1.019731
0.842643
1.914628
0.704354
1.325002
1.376106
1.820534
0.553676
0.758427
2.157228
2.953340
1.645172
0.494245
1.406287
1.677361
1.643409
1.612034
0.685749
1.525348
0.637560
1.550314
0.248973
0.384158
0.874496
1.466886
1.546323
1.495667
1.821921
2.161596
1.384386
0.880111
0.985212
1.358505
0.998316
1.719328
0.964779
1.024325
1.468378
2.750514
1.895022
0.878466
0.873462
1.427717
2.186195
1.887434
1.839176
1.914869
0.773258
2.524932
1.111970
1.221333
0.942902
2.334939
1.157251
1.183063
1.150181
1.868888
2.917638
2.045608
2.386342
0.936174
2.228560
0.477726
2.118437
1.788022
1.649636
1.274961
1.440103
3.001504
1.810119
0.958580
1.352402
1.036923
1.352666
1.290280
0.816201
1.583497
2.382518
2.414325
0.625755
2.022809
1.546829
1.341271
0.729423
0.847880
1.006351
1.868583
1.846952
0.719147
1.452603
1.558469
1.073535
1.644487
0.934680
1.630198
1.426504
1.412294
1.673063
1.074078
0.964804
0.726663
1.513437
0.926183
1.183712
0.852953
1.379238
2.131127
1.808519
1.502703
1.746456
2.406572
1.827619
1.413560
0.921366
1.322976
2.342244
1.121744
1.420265
1.939239
1.992017
1.964107
1.266237
1.178915
1.980766
0.975139
1.869018
1.700347
2.387933
1.329379
2.931202
1.993102
0.600318
3.180337
1.837684
2.026974
1.693771
1.057501
1.118702
1.814189
1.298934
1.384550
1.189577
0.499828
1.292121
0.532226
2.242170
1.224566
1.924621
1.277973
0.255153
1.210542
1.470323
2.019396
1.750716
1.498890
1.682952
1.080371
1.771710
1.485518
1.856200
1.591133
2.633614
1.330615
2.094623
0.860668
1.568576
0.883978
0.619955
2.438965
0.997634
1.305293
1.359349
1.175011
1.369270
1.266559
1.509213
2.658623
1.904161
2.073742
1.423819
1.631842
3.792803
1.881004
1.147641
1.179046
1.049262
0.913899
1.752227
1.616618
1.707706
1.286705
1.647937
0.577327
0.895962
0.958411
1.492441
1.531723
0.884147
1.762197
1.607427
1.229753
0.314666
1.500755
0.431761
1.755810
2.250654
0.290530
2.184909
1.153187
1.656398
1.418797
1.348395
1.472208
1.118527
0.866956
2.300303
1.325870
2.104152
1.413319
1.766380
1.953492
1.967399
0.959330
1.841889
1.822072
1.184523
3.272983
1.246172
1.047503
1.822117
1.128155
1.277118
0.794813
0.978790
1.241179
0.826975
1.062946
1.133259
1.473864
1.564897
1.276414
1.508649
1.397694
0.493850
0.826697
2.117189
0.815803
1.127512
0.552875
2.176658
0.938439
1.577592
1.519859
1.110797
1.763910
0.486185
0.436648
1.085610
1.040607
0.637419
2.269569
2.114398
1.399239
1.862509
1.853546
1.390645
1.479209
0.892185
1.176913
2.022548
3.070903
2.037596
2.380586
2.430743
1.712336
2.087387
1.771996
1.425836
0.769321
1.222691
0.866043
1.504590
1.477031
2.593182
0.750721
1.176160
0.896060
2.153386
1.468445
1.078922
1.061127
1.173824
3.176001
1.149478
2.829748
1.771355
2.170611
2.222524
1.873070
1.410847
2.230093
2.631885
1.730244
1.933214
1.376327
0.631575
1.641652
1.656179
1.603979
1.976650
1.443525
0.729516
1.390056
1.601690
1.053015
1.269758
1.606969
0.733214
0.774160
1.759823
1.252980
0.229626
2.134999
1.633524
2.312383
1.283307
1.638047
1.782383
2.683924
2.141920
2.104206
1.067987
1.232878
0.344412
2.077262
1.576895
0.639155
2.022470
0.484163
1.550529
1.382506
2.369341
1.396450
2.014326
0.580716
0.709210
1.097051
1.483201
1.657595
2.460505
2.797282
0.492255
3.100833
0.775229
2.499530
1.165591
1.876652
1.927460
0.679710
1.826019
1.264751
2.015539
1.679058
1.284901
1.437595
1.230820
1.271081
2.288121
1.104161
0.179148
1.690417
1.689296
0.706256
1.678213
2.776064
0.955768
1.808286
1.774900
1.966958
0.481494
1.451454
0.953599
1.600880
2.331035
2.168322
1.420064
1.837815
0.635143
0.590976
1.674875
1.729083
1.095627
1.952966
1.749556
2.515561
1.508232
0.562333
1.720150
1.478482
1.183519
0.342364
1.364994
1.957111
1.034913
1.211825
1.424567
1.679007
0.689349
1.615380
1.612915
2.115527
1.122939
1.062345
1.352235
0.567959
1.383059
1.125117
1.499535
1.057028
2.111860
1.679902
0.201995
1.192058
1.969140
1.280423
0.909836
2.070740
1.277249
1.852513
0.898059
1.439472
1.569296
1.071995
1.645463
0.909321
1.248305
2.902128
1.663438
1.403858
1.315249
0.371707
1.378211
1.051097
1.270324
1.361712
1.585524
2.442906
1.306472
1.993742
1.351670
1.323243
1.578584
1.775068
3.157386
2.304043
1.756057
0.728992
1.737631
0.337894
1.597455
0.984715
1.269337
2.912399
1.580543
0.668792
1.263349
2.554720
1.668826
2.144229
1.669447
0.960113
1.835356
1.286110
1.732818
1.680453
0.532981
1.844728
1.611674
1.955068
0.368301
1.161191
1.838861
1.331298
1.190976
1.975486
1.029680
1.967150
1.508594
0.497864
2.145311
1.559990
2.000351
1.244258
1.533948
1.410468
1.758635
0.456375
1.452281
1.751527
2.588479
1.101424
0.807977
0.752111
0.956043
1.581223
1.305745
1.136153
0.454452
1.639881
1.413056
1.181367
1.266677
1.642966
1.792220
2.514744
0.541412
1.766342
0.918356
1.736637
1.383164
3.381939
1.084463
1.222208
1.222504
2.014750
1.996789
0.943735
0.447592
0.828161
1.934884
1.395730
1.704995
1.632726
0.494041
2.228458
1.681072
1.220806
1.302764
1.209730
1.189704
1.651296
2.875047
1.831024
1.099086
0.592133
1.751935
1.376127
0.841151
1.408043
2.182575
1.425247
0.821525
2.132118
0.780240
1.839435
1.995444
0.187231
1.118784
2.232462
1.974553
1.509549
1.795456
2.146186
2.358031
1.681094
1.277786
2.054897
1.316579
1.222353
1.618981
1.014238
0.453456
2.227334
1.897274
1.126287
1.704668
1.147967
0.808359
1.897329
2.097831
1.309791
2.078953
1.452234
1.648639
0.787338
2.405406
2.104230
0.928694
1.676130
0.589823
1.472654
1.218146
1.344433
1.435610
1.482154
1.293064
1.901068
1.459595
0.538657
0.592769
1.153573
1.446997
2.309205
1.532193
1.451326
1.518484
1.768164
1.599397
2.088682
2.358254
1.626641
1.074496
0.835864
0.618320
1.021318
0.285657
0.747841
1.234777
1.196228
1.028311
1.349559
1.025000
0.795520
0.757772
2.991699
1.715178
0.431931
0.990300
0.673885
1.951622
1.169685
1.381623
0.826275
3.364752
0.177242
1.033920
1.456689
0.753391
2.527565
0.974724
2.407804
1.962806
1.125308
1.524882
0.488314
1.960948
1.641901
0.804703
0.866454
1.542762
2.465226
1.069009
1.599682
1.414440
1.789955
1.260047
1.428981
1.852023
2.338478
1.924095
0.818940
1.211375
0.903028
1.311312
1.329444
1.862266
1.298885
0.917193
1.880911
1.382735
2.877357
2.366550
1.438265
1.968859
0.752667
1.004050
2.594682
2.797596
0.908560
1.640066
2.332519
2.588863
0.776698
1.717231
3.113061
1.999824
2.116690
1.847955
0.445037
1.768494
0.846911
2.070941
1.284655
0.745225
1.728217
1.849202
1.508548
1.252890
0.483129
1.485606
1.791497
1.814820
0.598977
2.030310
0.632157
0.776595
1.002085
0.581686
0.722766
1.845890
0.401580
0.624690
1.389359
0.676709
1.402467
2.183575
2.487505
0.960627
0.418305
0.867441
2.770879
1.192570
0.993332
0.730083
0.980217
1.607946
1.958741
0.476519
1.044478
1.501494
1.985243
0.587366
1.663523
1.845066
2.168970
2.611630
1.465829
0.910047
1.224227
1.071128
1.707720
0.501880
1.227111
1.488347
1.557931
2.964891
1.791856
1.293705
2.092160
0.838227
0.851607
1.466495
2.588335
1.930213
1.893631
1.801159
1.256905
1.917465
1.754016
1.864905
1.078888
0.832046
1.387518
1.186169
1.205333
1.575867
1.313228
0.562851
1.722382
1.804371
0.521897
1.054005
0.714800
1.193133
1.712787
1.595817
0.647137
1.211267
0.766515
1.732823
1.611997
1.821938
0.727547
0.814356
3.000755
2.724977
2.553818
1.475590
1.149439
1.722162
0.912360
2.945791
0.505424
3.077624
0.943031
1.080833
0.738370
1.461443
1.714555
0.892492
1.369403
1.303201
2.306251
1.399865
1.046640
2.758724
0.893207
0.715923
1.831199
0.781702
0.687200
1.572993
0.444721
1.292645
2.363152
0.796739
1.463132
1.404526
0.695420
1.728882
0.707440
1.237891
1.840800
0.208968
1.426617
1.177144
2.210431
2.420724
1.030006
1.077273
1.418450
1.300451
2.694655
1.501545
2.585889
1.326061
1.518903
1.816169
2.138807
1.532740
1.814359
1.863666
1.504955
1.538659
1.098177
1.868586
0.702380
2.287952
1.325373
0.425543
1.727974
1.700258
1.998493
1.523811
2.450194
1.371557
1.790715
0.285004
2.345267
3.148931
1.168557
1.573917
1.369602
1.361638
1.575871
0.939448
1.830930
1.395910
2.082348
1.277898
1.746933
1.552242
1.548637
0.196412
1.361533
2.130269
1.130064
1.736879
2.267596
1.302125
1.129774
2.482013
1.527956
1.215192
1.563099
1.979994
3.198117
1.380808
1.164997
0.567956
2.114821
1.811439
2.021677
2.413284
0.868116
1.591809
1.894984
0.600807
0.474328
1.092538
1.965616
0.970471
2.407193
1.490011
1.044618
2.359291
1.788859
1.703178
1.937774
2.098423
0.281897
1.333573
1.682631
2.002854
2.192788
2.088926
0.866928
0.877211
1.490765
2.316715
1.900251
2.774492
1.232523
1.111100
2.151563
1.359973
1.275790
0.638112
1.361400
1.355554
0.929603
1.481119
1.031891
0.960168
0.807613
0.829536
1.391601
0.694290
1.232867
2.581931
0.934582
1.029000
0.567035
1.662995
2.036870
0.972861
2.323393
1.806600
1.593182
1.915295
0.682411
0.657566
0.570253
0.873750
1.931700
1.117672
0.844532
2.165504
1.397961
1.006313
1.530727
1.226100
0.765701
1.152897
0.362912
1.278880
1.944355
1.443839
0.705880
2.115047
1.597299
2.081335
2.653793
1.619828
1.348761
0.764502
0.852289
1.130561
1.674474
1.907588
1.736328
0.731487
1.257954
0.846896
1.231407
1.099443
1.433482
0.777571
0.671550
1.809133
1.169962
1.517416
1.888482
0.887402
1.789541
2.404521
0.685980
0.986326
1.513445
2.088339
1.607972
1.436443
0.906443
0.601722
2.408385
0.977998
1.190740
1.157022
1.641177
2.441461
1.629793
1.732569
2.267405
1.348179
1.395867
1.751693
1.288146
1.504071
1.287519
1.607692
1.621497
0.461182
1.306079
0.661248
2.876645
2.896675
1.182430
1.096772
1.522109
1.039997
0.783353
2.039051
0.922430
1.764806
1.054497
1.099941
1.979618
1.032572
0.563154
2.605150
1.202043
1.173324
1.235663
1.371552
0.965553
0.244504
0.883961
0.573291
0.606546
2.361511
1.342304
1.438091
0.351462
0.977224
2.213038
0.969965
1.562666
1.142320
2.157310
1.129791
1.216607
1.824708
1.365689
1.895375
2.034662
1.632637
0.919100
1.703798
0.344824
0.896662
1.892880
0.947283
1.207285
1.446588
2.460179
0.377074
1.888652
1.250903
1.699780
0.822928
0.597674
1.037635
1.178224
2.061439
1.753781
1.672721
1.998730
1.402934
1.604190
1.543137
1.137883
0.937090
2.212391
0.697524
1.199817
0.464977
2.194502
1.200897
0.427588
2.780113
2.270022
1.217161
0.862872
3.689290
1.033666
1.132778
1.214411
1.044798
2.000227
1.546315
1.722558
1.352406
1.168957
1.464002
1.403169
1.486110
1.923074
1.014555
1.443078
2.234413
1.716846
1.794491
1.073316
1.453954
2.193855
0.975293
0.517289
1.209259
1.314403
1.402547
1.227538
0.559019
1.428465
1.978636
3.442401
1.340042
1.700388
1.400891
1.478221
0.573060
1.987729
1.682077
0.602954
1.207200
0.575080
1.602966
2.171517
0.787762
1.073786
1.255252
1.483543
2.553587
1.432492
0.536932
1.186712
1.612885
0.814451
1.296247
1.639248
1.276480
1.333000
0.583587
0.908449
1.733705
1.986317
2.997034
2.318350
2.006309
1.535886
2.439645
0.794770
2.308969
1.155601
1.571761
1.468197
1.274121
1.312396
0.985404
1.722763
2.766049
1.436733
1.401019
0.629918
1.472144
1.494396
0.918163
2.356518
0.620526
1.804473
0.665598
1.239757
1.002973
0.402946
1.948871
2.080253
1.740533
2.356310
1.137042
1.385140
1.347884
1.342078
1.657572
1.182868
1.437291
1.043734
1.559385
1.195614
1.204111
1.226942
1.411081
2.393463
0.864465
2.986667
1.039511
0.774214
1.103822
1.536666
2.408494
1.873631
0.957017
1.000860
2.475460
0.758848
2.350234
1.322491
2.025407
0.759032
2.091870
1.892975
2.734706
1.721459
1.579977
1.555299
0.444068
1.803481
1.811807
1.310758
2.852739
2.601217
1.920851
0.520158
1.215769
2.356934
1.305490
1.519734
1.627350
1.963792
2.023938
2.023932
2.591649
1.088590
1.638565
1.486573
0.846137
1.293431
0.699036
1.589807
2.578889
1.579842
1.450241
0.702235
0.592700
1.778950
2.840328
2.289952
1.281640
2.198628
2.202448
0.842749
1.769451
1.244202
1.183930
1.685021
2.093915
1.775495
3.203988
1.523495
2.016370
2.330936
2.460925
1.322354
1.199422
0.873785
1.074275
0.998962
1.350896
1.460141
0.951383
1.251675
2.596950
2.120905
1.818063
0.740852
1.040189
1.202839
2.006945
1.658407
1.717195
0.980711
1.395291
1.268357
0.726169
1.707632
2.078076
0.538615
2.195635
1.765175
1.381668
1.837767
1.752634
1.107454
0.877470
1.983947
1.809828
1.553781
0.637231
1.266525
1.000633
1.442734
1.020767
1.448864
1.580389
1.934651
0.476785
0.824564
1.150210
0.832407
2.054491
0.613159
1.279701
2.271722
1.393452
2.242912
0.903933
1.421919
0.671115
1.585176
1.717804
1.374455
1.416745
1.753200
0.523034
2.036716
3.213247
1.866851
1.651086
1.298872
2.088938
1.485384
1.763622
2.204315
1.861264
0.979302
1.757853
2.758824
0.438791
1.506470
0.947981
2.442187
1.976834
2.156097
2.080782
0.942231
2.049860
2.405536
0.807150
0.499194
2.088421
1.512063
0.972594
0.221331
1.147713
1.241419
1.468395
1.526152
1.932746
2.651519
1.695865
2.016829
0.622236
0.791999
0.790265
2.384717
0.636262
0.812216
1.966528
1.220892
0.599913
0.438280
2.111362
0.948894
1.965017
1.394304
0.366352
2.502913
0.714919
0.402508
2.377942
1.243393
1.669366
2.264980
1.878014
1.814413
1.426809
1.688721
0.979719
0.416474
1.672676
1.526521
2.336934
0.690362
1.226577
1.406853
1.946479
3.089268
2.015878
2.152027
1.880630
1.240664
1.199382
2.724056
1.604893
0.913047
1.418254
1.735675
1.791868
1.942895
0.949329
0.738122
2.287016
0.832073
1.125924
1.956692
1.018999
0.759150
2.483373
1.744600
1.215070
0.865831
1.705965
2.084468
0.786023
1.664211
2.123635
1.945294
0.913581
0.787169
0.961782
2.341228
1.355104
0.912371
2.925580
1.310550
1.815660
2.191433
1.929037
0.488411
1.344935
1.637181
0.844544
0.290662
2.004006
1.244275
1.969130
1.450887
1.490551
0.838994
0.875851
2.188034
1.013391
2.240250
0.933191
1.251250
0.945152
0.800463
1.565597
0.806447
0.668888
1.661398
1.230557
2.155625
0.684954
0.854946
2.351247
0.880269
2.052972
0.166203
0.710352
1.302095
2.607226
0.969255
2.354714
1.177583
1.539655
0.777794
1.416786
1.483052
0.790625
2.472807
1.726094
1.943263
1.223415
1.219771
1.605304
1.620419
2.142954
1.092209
0.964741
1.872846
2.652174
0.773823
2.028033
0.860368
1.225801
2.401576
0.900361
1.142546
2.123777
1.579331
0.846180
1.515392
2.002106
2.240212
2.502232
2.427197
1.010737
2.011691
0.561654
1.074312
1.012219
1.492584
1.932241
1.903568
1.289977
0.511254
1.604301
2.050838
2.284378
0.840910
0.670209
1.818943
1.817390
1.134759
0.872226
2.107720
1.260773
2.213898
2.429983
1.313061
0.923780
2.922394
0.839924
2.309055
1.180244
0.711570
1.406321
1.437015
0.705321
1.784179
0.725508
0.943507
1.695554
0.933442
1.263696
3.112374
1.931836
1.062763
2.043111
1.302711
1.873698
1.931273
1.465611
1.116444
2.316697
1.991502
0.687696
2.801732
1.390404
0.571138
1.195297
1.525469
2.123645
0.756961
0.904050
0.639074
0.551555
1.337287
1.154657
2.366555
2.091251
1.215108
0.862005
0.921581
2.786944
1.700791
0.491774
1.479144
0.538492
2.328986
0.546415
2.049914
1.808047
2.248294
1.987163
2.523199
0.772506
0.962590
1.002509
1.426876
1.456130
1.365562
1.032780
2.547781
0.900746
1.371102
1.511669
2.427236
1.160034
0.912626
0.819082
1.344765
0.503505
1.411372
3.781431
2.272371
0.913059
1.182755
1.265119
1.596691
1.902225
1.900033
1.213092
1.998973
1.405442
1.697763
0.932654
1.364492
2.515809
0.741850
2.005965
1.399050
2.688323
1.011616
1.359639
1.455813
0.571908
1.284227
1.353379
1.623264
1.915428
1.087713
1.246860
2.431444
1.263082
2.904311
2.748068
0.732470
1.149136
1.990586
1.132345
1.356443
0.849714
1.566521
2.478834
2.103266
0.460685
0.655989
0.992771
1.970812
1.426803
0.982311
2.036627
1.116311
1.711364
1.173087
1.162782
0.685686
1.455894
0.817024
2.532031
0.462520
0.849213
1.124211
1.921051
2.437823
0.966421
1.080793
1.904417
0.610457
0.589439
2.369611
2.115031
2.661778
1.357451
0.809494
1.609499
0.350852
1.859265
0.790694
0.764547
1.689060
1.937174
1.998645
1.673164
0.753264
0.644419
2.874976
1.436146
1.403304
0.935762
2.402764
1.893547
1.466377
1.123806
1.451890
1.961047
0.929918
0.824786
1.079047
0.597603
1.102421
1.783265
1.206980
1.571828
1.151591
1.462611
1.272085
3.251070
1.638242
1.830367
0.872240
1.344404
0.557342
1.017571
2.211558
1.815488
2.544564
1.279093
1.555509
1.264705
3.179101
0.704128
1.095395
0.756527
1.604249
1.132571
1.852967
0.550027
1.524458
0.945909
1.730491
1.552426
1.364722
2.826865
1.353642
2.193128
1.298421
1.857912
0.575822
1.781604
0.551749
2.225109
0.986352
1.748467
2.003300
2.066868
0.523893
1.016005
1.888756
1.020803
1.035143
0.802334
1.056366
2.492568
1.878738
1.270256
1.063928
0.809988
1.557794
0.417824
0.746309
2.412285
3.584998
1.218266
2.134161
0.790853
1.317622
0.677755
1.123792
0.481185
1.111430
1.264890
1.968431
1.660071
0.269760
1.870678
2.811955
2.359667
2.239342
1.437149
1.584516
1.068547
1.488547
2.070433
0.496683
1.599278
1.982288
2.077989
1.678379
0.982942
1.874234
2.235125
1.033327
1.672955
2.069120
2.755955
1.426833
1.121990
1.283069
2.268580
1.670761
0.987768
1.287084
0.942453
1.763721
1.373156
1.472239
2.287469
1.757650
1.005814
1.118652
0.954939
1.605284
1.437803
1.137802
1.921891
1.827048
0.912981
0.295713
0.935293
0.717389
1.437428
1.534588
3.090477
0.683081
0.505452
1.510870
1.496956
2.002060
0.772565
1.133048
1.333573
1.955239
0.349667
2.170615
1.086717
1.652997
1.305283
0.885409
0.429145
1.445518
1.437630
0.367503
0.249908
2.166070
1.326799
0.823583
1.920452
1.495363
0.999437
1.191506
1.269328
1.627791
1.369543
0.890976
1.637085
1.110737
1.152799
1.279721
3.591635
1.711285
0.929300
1.705367
0.853804
2.107472
1.177434
1.917025
0.959779
1.460519
1.591213
0.730144
2.079852
2.430635
0.933370
1.800464
1.141842
1.928335
0.939705
1.449044
1.128275
2.170589
1.091987
1.023911
0.916823
1.042857
1.333221
1.564356
1.313211
1.030972
1.689670
1.424543
1.760800
1.447219
0.415542
0.845560
2.473743
0.816813
1.545779
1.469449
2.314349
1.772276
1.757294
1.170792
1.487846
0.814839
1.791582
0.701004
1.149646
0.432611
1.916915
2.325443
0.975210
0.762440
0.623955
1.205631
1.230811
1.815418
1.853601
1.850974
1.302625
1.633992
0.895225
2.307428
0.482041
2.189265
1.806296
1.534876
1.205759
1.429710
1.649750
1.304673
1.441723
1.568293
2.301398
1.816273
0.925925
1.119960
2.017942
1.014606
2.029963
2.434629
1.769407
0.301221
1.505228
1.773354
1.918497
1.237354
1.543620
1.866583
1.312056
2.109672
1.622075
2.054721
0.869515
1.854664
1.067232
2.083053
1.986019
1.232630
1.437190
1.396088
1.726200
1.998440
1.631962
2.014685
1.305864
1.488217
0.453159
1.779601
1.349081
1.264712
1.495319
1.137758
0.806101
1.961139
1.178739
0.591195
0.832418
0.367297
2.090421
1.068075
1.649364
1.588598
1.234078
0.766865
1.576505
2.326379
1.098049
0.893035
1.094298
0.537537
1.500794
1.738192
1.555156
1.744122
0.941411
0.220751
1.043451
2.139176
1.661279
0.644794
1.673864
1.280499
0.676852
2.081224
0.462200
1.911826
0.651823
1.771101
1.122812
1.416360
1.110779
1.141359
1.637238
0.623286
2.186722
1.955244
2.760478
1.006770
0.708009
0.609786
2.173605
2.782019
1.058647
1.928068
1.915570
2.218812
1.730413
1.740773
1.664828
3.943523
1.797861
0.504143
1.383402
0.839820
1.262666
1.036464
1.737035
0.898228
2.038529
1.352460
1.845301
2.173694
1.487310
1.093095
1.743360
0.571377
1.264129
1.975900
2.183745
1.110739
1.032234
0.909819
0.428583
1.055357
1.998119
2.281797
2.021007
1.686522
0.793258
0.722353
2.388031
1.422395
1.959842
1.596781
2.502670
1.388818
0.264622
1.308106
2.174306
2.573365
0.983782
1.745708
1.468025
1.610597
1.083214
0.737460
1.775306
1.717608
2.476277
1.878517
1.769004
0.804602
1.017522
3.198011
2.850317
1.826131
0.875265
0.696270
1.335857
1.296906
1.214333
1.330452
1.766591
1.069115
2.341720
2.935459
0.783599
1.292339
0.331345
1.041987
1.965715
1.709750
1.841439
1.550385
1.721659
2.045332
1.411137
1.323279
1.763505
1.337482
2.471800
0.495765
1.732062
1.248469
0.783811
1.142388
2.562117
2.235758
1.717253
1.649827
1.329309
0.997992
1.788764
0.958671
1.434258
0.729912
2.122434
1.623603
1.381554
1.518870
0.958452
1.596230
1.542100
2.867517
0.548472
1.426105
2.710630
1.618124
1.451198
1.222643
2.592449
0.999181
1.139923
1.708495
1.672777
0.997739
1.424049
1.765599
1.071617
1.417926
1.145166
1.386324
2.188863
2.617379
1.411654
2.213621
1.359989
3.085899
2.209488
0.171019
2.596797
1.425487
1.023222
1.370922
2.525826
0.596915
1.826475
1.287211
1.317367
2.114437
1.958379
2.166649
1.547016
2.885410
1.340564
1.333231
0.963776
1.263318
2.623301
2.313157
1.085743
1.155055
0.773018
1.763167
1.081805
2.028597
2.221592
1.143219
2.583442
0.736170
0.251613
1.442919
0.993009
0.809099
1.861034
1.835902
1.515507
0.793927
2.005260
1.703508
2.327765
1.404545
0.986822
1.602507
2.270364
0.392486
1.395139
1.342709
1.070365
1.629378
1.587274
1.639288
1.382661
1.132417
1.615932
1.256434
2.289114
1.211020
1.915354
1.433738
0.192584
0.805500
1.591826
2.739053
1.730336
1.436700
1.197294
0.533011
0.424390
1.738410
1.525159
1.409464
0.974986
1.189062
2.288650
0.977431
1.560047
2.188052
1.124326
1.641496
1.028143
1.235054
1.008410
2.048851
1.199295
1.175359
0.989237
1.350774
1.744640
2.177938
1.931446
1.492456
0.951267
1.484273
2.180309
1.170802
1.040223
1.346051
1.545297
2.685510
0.972628
1.189350
0.644667
1.818658
1.299356
0.705957
2.301384
0.804232
2.246979
2.099892
0.759830
1.496530
2.700817
1.704531
1.292115
2.476873
1.011607
1.909086
0.835383
1.241738
0.652011
0.872619
1.266999
0.274146
1.148821
0.774279
1.528080
2.442381
1.929966
1.318452
0.809457
0.738342
0.986145
0.987003
2.065140
1.464543
1.070719
1.753594
0.507099
1.274170
1.077041
1.290236
2.378257
2.087602
0.764557
0.323222
1.034322
0.608715
2.051652
0.977110
1.567408
2.379179
2.052776
1.413122
1.882539
1.375401
2.015933
1.211967
1.000706
1.111501
1.632343
0.866929
2.146251
0.680250
1.362544
0.529031
1.632955
2.328907
1.928111
2.056106
1.275485
1.146523
1.509655
1.059820
1.066525
1.434586
1.030306
1.170595
2.222234
2.552457
2.421417
2.484669
1.558228
1.653608
0.280624
1.194203
1.560274
1.184858
0.513880
1.088359
2.478037
1.261222
1.143740
1.513308
2.424871
2.350717
1.404261
2.074047
1.500420
1.026140
1.122583
1.748576
1.211005
1.854326
0.627021
1.549786
1.023831
2.028498
0.969162
1.936743
1.300571
1.976155
0.405243
1.827874
0.830163
1.193446
1.767981
3.126710
2.617837
2.106328
1.811715
0.912722
3.600449
1.590031
2.745878
0.824914
0.869107
1.439030
1.059025
2.168533
2.042069
1.469809
0.625838
0.937379
2.051378
1.231848
1.069607
0.969994
1.217192
0.816703
1.144245
1.576659
2.317219
0.239386
2.718929
1.359051
2.239968
1.695127
0.711602
2.254478
1.216006
0.295929
1.083879
0.804606
1.618416
1.604201
2.080500
0.943308
1.820757
0.774195
1.353661
1.571878
1.765215
1.064366
1.135062
0.598440
0.974223
1.261712
1.612924
0.937337
1.194838
0.706071
1.580271
1.495019
2.333975
1.890444
2.025777
2.733037
1.477725
1.633894
1.111552
0.689286
0.397436
1.841116
1.242847
1.812351
1.870973
0.878829
1.280440
1.940035
1.498757
1.856380
1.425074
1.329134
1.387465
1.550997
1.453093
1.544939
0.699267
1.504927
2.114237
1.410541
1.937518
1.582718
1.196729
1.097937
1.563973
2.920826
1.761859
2.584508
0.522469
0.444225
2.478315
1.009227
1.063250
1.284967
1.676193
1.298067
1.131613
2.190338
1.486620
2.576296
0.982547
2.195292
1.695459
1.919144
1.262886
2.675654
1.383063
0.817696
1.504971
2.070439
0.750210
1.102972
1.727868
0.472091
2.799335
2.253099
2.044194
1.024406
1.405919
1.774077
2.007859
1.148284
0.939380
1.357029
1.276260
1.578981
2.815961
1.628951
2.001263
0.531649
2.569935
0.874711
0.961887
0.689041
2.282626
1.316662
0.292092
1.525911
1.322197
1.364467
1.494182
1.375173
2.291729
0.519245
2.921511
0.990137
1.219872
1.872304
2.064140
1.076731
1.198145
2.500470
2.389344
1.332203
1.599920
1.653154
2.336661
2.608995
1.931727
1.383380
2.288547
1.630570
1.549631
0.426504
1.896692
1.598734
2.319543
1.147626
1.500137
2.423977
1.281193
1.454218
1.804183
2.093178
0.911977
1.052575
0.721775
0.925236
1.306064
1.537415
1.631319
1.178218
1.614351
2.588249
0.647838
2.078633
0.900320
2.121070
1.115146
1.919559
0.794312
1.467670
2.069683
1.812133
1.352685
2.337646
2.821565
1.044278
0.618558
1.723848
1.318938
2.053130
1.300118
1.651606
1.621622
2.060675
0.990930
1.247151
0.481184
0.750095
1.432008
1.970418
1.431072
0.986018
0.773694
1.084869
1.489794
0.522190
1.397005
0.717659
1.345442
0.704724
2.344200
1.246412
0.858602
0.556347
0.835223
1.141510
1.206575
1.944468
1.331858
0.627894
1.734387
1.557884
0.933596
1.031953
2.048342
1.465916
3.551857
1.521316
1.347878
1.084410
1.904912
1.828736
2.345801
0.675334
1.963010
1.036290
1.153192
0.985828
1.592005
2.151556
1.046920
1.808865
1.069310
0.964829
1.245567
1.831901
1.136832
0.375705
1.173647
2.661500
1.210224
0.732057
1.703248
2.168196
1.061280
1.482610
2.054120
2.305118
0.923614
2.890278
2.215002
0.872779
0.478327
2.137639
1.319109
2.349800
1.920055
1.418445
3.011944
2.077703
0.480406
0.972686
0.673282
2.100572
1.669738
0.891009
1.394643
0.801026
1.787373
0.660071
1.283234
1.297115
2.107325
1.489258
1.047821
0.331626
1.785572
1.264056
0.930737
1.236647
1.325748
1.271853
1.533246
1.947080
1.988800
0.792829
2.045308
1.610631
1.395414
1.435519
1.439731
1.467748
2.844612
2.526586
1.068237
1.481278
1.865182
1.256108
2.136210
1.885224
1.615743
1.497492
1.604761
1.312958
0.817705
1.093729
1.508608
0.795013
0.858452
1.201698
0.582298
1.530135
1.500887
1.941530
1.241430
0.975593
0.887463
1.183894
1.511949
1.845916
1.019346
0.516246
1.694943
1.326473
0.828275
1.427949
0.721407
1.100085
1.029949
2.318372
2.230944
2.582103
1.416018
1.534848
2.105989
1.295302
1.361920
1.375804
1.077648
3.306755
1.723504
1.111965
1.616775
2.044976
0.476352
2.346538
1.321021
1.823636
1.075637
1.059594
0.540146
1.396732
1.853322
1.545729
1.071226
1.090073
1.780853
0.697834
1.415094
2.240567
1.690076
2.179449
2.006234
1.089772
1.087074
0.870523
0.604804
1.170563
2.159954
0.338166
0.296505
2.034393
2.086299
1.614780
1.054948
0.963119
0.938830
0.775937
1.602050
2.049630
1.312619
0.598697
0.751171
2.851493
2.147344
2.026628
2.255215
0.590183
0.892771
1.390925
1.345999
0.488645
0.952160
1.903991
1.609827
1.330332
1.564931
0.978923
1.147742
0.553634
1.347280
0.983195
2.179015
1.553572
1.470230
1.116316
1.357567
1.193344
0.471211
1.329853
1.876606
1.454337
0.834725
0.714777
1.891818
1.411973
1.192603
0.320615
1.965982
1.010358
2.815054
2.666887
2.076005
1.691525
2.341029
2.469262
2.437683
2.586478
1.318932
0.336605
1.691018
1.452052
1.960836
0.993665
1.728455
0.385876
0.989289
1.710070
2.002129
1.491608
1.719835
0.350828
1.621802
0.627174
2.218732
0.953244
0.663949
1.529720
2.518814
1.102039
1.243585
1.661122
1.280015
1.246902
1.468548
0.746682
1.818129
1.203695
1.990267
1.224135
1.629725
1.161290
1.627988
0.595362
0.856819
0.932303
1.799499
1.149357
1.463461
1.770984
0.438452
1.546777
1.870320
1.151272
0.905325
0.565052
2.018747
1.034187
2.248380
0.438821
1.862935
1.014095
1.775671
1.766322
0.771643
0.957126
0.871608
2.405636
0.872304
0.915656
2.185991
1.554745
1.314116
0.510689
2.202361
0.305185
1.326320
1.777850
1.525602
1.062858
1.818164
1.266499
0.974552
1.849406
1.201264
1.696763
2.158682
1.556141
1.747958
1.463391
2.098685
0.862955
0.857121
0.777907
1.089298
1.582327
1.221408
0.590502
0.840198
1.584388
2.570941
2.027751
1.409461
1.834821
1.377440
1.289916
0.780628
2.674688
0.964158
1.900221
2.540311
1.416623
1.023210
2.762817
2.532572
1.645457
1.022228
1.690693
1.827935
1.829506
2.695598
1.577862
1.321014
0.688617
0.485955
0.689851
0.646806
1.177894
0.735461
0.993800
1.395292
1.567469
3.150457
1.640146
1.189124
0.809341
2.410233
1.825831
1.247566
1.277123
0.718296
0.731024
0.998946
1.093842
2.985873
1.454265
1.489057
1.826650
1.594618
1.737127
1.787034
0.907331
2.214800
1.702227
2.973464
1.590533
1.005629
1.025804
1.527523
0.738757
1.397900
0.962529
0.863476
1.050351
1.691894
1.482853
2.003053
2.296604
3.176336
2.233643
1.881386
3.357046
1.044154
0.781139
0.774484
1.552679
1.029382
0.979787
1.418987
1.642268
1.224792
1.758120
1.687466
0.948495
0.880378
1.623140
1.569305
1.167265
1.643890
0.626105
0.856581
0.461488
0.564367
1.300703
1.763924
1.729098
1.286444
1.154771
2.022413
2.260018
2.113513
1.618746
0.412467
1.043210
1.750816
1.509676
1.631001
1.654839
1.853530
1.326222
1.213881
1.431469
1.601825
0.449402
1.966427
1.733053
3.048781
0.652128
1.232447
0.994016
1.912367
1.643655
1.837650
1.497032
1.592883
1.163655
2.339966
0.856546
1.694704
1.415884
1.943083
2.828198
1.416128
1.290245
0.911132
0.711973
1.242884
1.106797
2.670688
2.091958
0.785655
0.639282
2.334768
1.975967
2.976165
1.173016
1.396066
2.057510
1.575091
1.855664
1.865762
1.235614
1.817940
0.937650
1.940985
2.345834
1.184357
1.281268
1.208730
2.070521
0.981653
0.335489
1.755499
0.462690
0.585914
1.784447
1.793591
0.750550
1.575545
1.803709
2.112488
1.960013
0.784753
1.073195
2.214402
2.134809
1.434872
0.829500
0.460643
1.614664
1.378256
1.010030
1.777662
2.237004
2.871356
0.637932
0.365915
0.314765
1.291201
1.105462
0.898891
0.463272
1.348280
1.495115
1.297714
0.744731
0.409910
1.245689
2.065669
1.291134
1.659103
0.565859
2.294402
1.331986
0.435037
2.156043
1.544157
1.892524
0.740004
1.976524
1.526047
2.445461
0.704607
1.745501
1.065967
1.225077
1.938926
1.965445
2.383748
1.596514
0.690027
1.759890
0.791911
0.330443
1.779817
1.951289
1.315796
1.424409
2.558547
1.599143
0.971519
1.576690
1.288764
0.665870
1.785890
1.806302
1.141969
2.489687
0.854604
1.041731
1.097082
1.546839
1.508182
1.175344
0.797484
0.820962
1.198823
0.427263
1.737831
1.896824
1.424881
1.386709
0.918955
1.676204
1.196466
0.536388
1.025032
0.376990
1.161412
1.346501
1.618274
0.843773
2.422392
1.282477
1.805472
0.751241
1.937293
1.088468
2.459070
1.620763
0.693954
1.067066
0.791893
1.204201
0.924893
1.917380
0.808204
0.901838
1.280521
0.980044
1.594351
2.733799
2.789613
1.801546
1.791108
1.922901
0.930858
1.647911
0.850354
1.562448
1.788091
2.184754
0.800178
1.905522
1.033692
1.081712
1.435821
2.035695
1.705061
1.486086
2.236703
1.390440
1.812624
1.085178
2.161747
1.903949
2.913131
1.158527
1.402944
1.398822
1.173264
1.910164
1.261366
2.571029
2.447801
0.970342
1.285680
1.555695
0.484388
0.751892
1.660769
1.584705
1.401914
1.221110
2.473585
1.009321
1.040059
1.075047
1.634956
4.026547
1.946643
0.800189
1.310056
0.344379
2.728050
2.170908
1.763095
1.179321
0.710982
1.671464
1.817847
1.729955
0.976100
0.619691
1.077185
2.937051
1.151976
1.456621
1.107066
1.506081
3.369809
0.866919
1.059915
1.018447
1.361663
0.523478
1.339214
0.851332
1.091429
0.999190
1.476085
1.249361
1.766656
2.375792
1.211556
0.857496
1.162842
1.608362
0.981914
1.551093
1.096249
1.517442
0.873454
2.591918
1.626099
1.051626
1.618618
1.787340
1.093430
1.282711
2.355390
0.848470
0.553426
0.490892
0.966407
0.867978
2.563197
1.640076
1.570934
1.735994
1.725899
1.571249
2.276333
0.735227
1.967849
2.110977
2.131674
1.096197
3.095997
0.504041
1.567419
0.673841
2.189056
2.011817
1.451193
0.697787
1.074894
0.916139
0.309513
1.606714
1.475454
1.196919
1.918975
2.270631
1.835656
1.261082
0.994715
2.573625
1.023084
0.783268
2.867083
1.513842
0.838270
0.824320
1.306572
1.241893
2.230654
1.149154
1.774233
2.026673
2.629960
0.847526
2.241782
0.658879
1.157818
2.762032
1.044741
1.463803
1.865488
1.372788
1.392487
1.717588
1.339423
1.481522
0.658288
1.361548
1.681287
1.925666
1.510466
1.064237
1.495858
1.566528
1.338453
2.254813
2.263259
2.934907
1.797289
1.682746
0.910350
0.873157
1.777836
1.689376
0.816557
0.658899
0.851636
0.685365
1.929119
0.668689
1.700717
0.391929
2.075039
2.981121
1.286282
1.350225
1.891096
1.846822
1.397475
0.499824
3.164079
2.258138
1.388666
1.160842
1.705154
1.295485
1.922112
1.579199
0.990961
1.528196
0.881091
1.070262
0.872506
1.551787
1.380116
1.286013
1.629851
2.493728
0.878615
2.093223
1.423631
1.184746
1.569286
2.418851
2.937337
1.687187
0.908068
1.196684
1.569251
1.379714
0.483137
1.661408
1.869860
2.296169
1.794672
1.565312
1.624736
1.021332
0.404406
2.295754
0.697274
0.767900
2.516607
1.293102
2.932404
0.975017
1.296481
0.887695
1.059005
2.001448
1.944431
2.220980
1.204335
1.224470
0.707162
2.078262
1.289136
1.385171
1.467613
1.137426
1.537370
2.552590
1.337641
0.600179
0.875561
1.359043
1.510223
1.475469
1.493625
2.443730
1.232256
2.160357
1.939835
0.987848
2.315338
0.834628
1.682997
1.570835
1.992542
1.432810
1.812237
2.030776
2.490976
1.789765
0.666418
1.458619
0.935807
0.967741
2.402398
2.137568
1.623151
0.775194
0.854717
1.487952
0.664732
1.065593
0.576989
1.012309
0.759776
0.766720
1.471701
1.338048
1.429105
1.600965
1.479377
2.550843
2.448753
1.623102
3.029852
1.527568
0.844809
1.838871
0.781952
2.194334
1.941083
0.348357
1.624189
0.866250
1.932289
0.939518
0.699067
2.222148
2.522151
1.295901
1.093419
1.885895
1.162061
2.206521
1.717797
0.719881
1.503365
0.611829
0.661573
0.828417
0.873849
2.112531
1.268346
2.759913
1.991453
2.016107
1.711189
2.025063
0.746258
2.041149
1.186401
1.437386
1.167528
2.138940
1.617228
1.834413
2.005627
1.226737
1.467635
1.361634
2.283173
1.321021
1.274682
1.139135
1.364203
0.694306
2.865604
1.298965
1.276906
2.128817
1.735497
0.762223
0.971914
2.331360
1.867234
0.778132
0.409823
1.429974
2.064315
0.801582
2.053483
2.415289
2.264200
2.339641
1.682282
2.301393
1.795567
2.209394
2.812581
1.056196
0.794721
0.763983
2.281532
0.807295
0.525333
1.500171
1.003435
1.306527
1.325018
1.988765
1.034736
2.473456
2.204757
1.171261
1.441321
0.786881
1.112609
2.672977
0.636832
0.953180
1.080412
2.060199
1.822693
2.030199
1.215117
2.208857
1.915886
0.833397
3.449333
2.335924
1.882172
1.660584
2.097076
1.073962
1.917975
2.203282
2.015089
2.074872
2.197130
1.498511
3.501687
0.680534
1.467048
0.921053
1.166960
2.642310
0.503561
1.533077
0.916566
0.296809
0.708181
2.127511
0.743310
0.964426
0.790584
1.485743
1.151451
0.670752
2.077744
0.960023
1.599964
1.425373
1.487896
0.663848
1.965752
1.791897
1.464428
3.591290
1.263948
3.124240
0.782299
1.707781
1.497376
1.717196
0.966392
2.077969
2.841752
2.695343
1.748814
0.209205
2.704265
0.582598
1.378225
1.902249
0.737542
1.871391
1.357875
0.821299
1.002518
2.595375
1.043663
2.180465
1.823835
1.503317
2.689859
1.588245
0.990804
1.827601
1.182699
2.275513
0.856343
1.911245
1.156548
1.520645
0.827084
2.110350
1.659347
1.675389
1.430550
1.262586
0.934954
2.465379
1.848391
1.305029
0.872923
1.894556
1.777075
2.088586
0.517369
1.700568
1.159452
2.226766
0.770775
3.016670
2.814657
0.498369
0.588863
0.642350
1.693426
1.456840
3.171444
1.323286
1.112618
2.098176
1.132148
1.317236
2.569155
0.719470
1.099744
1.282534
0.543167
1.953603
1.542131
1.578711
1.902978
1.368205
2.559602
1.313559
1.617304
1.664911
1.277018
2.128995
2.579869
3.508609
1.443035
0.720557
1.182280
1.975419
1.340119
1.363499
2.147258
1.596833
1.010276
0.622011
2.365156
0.987028
1.948637
2.865049
1.472520
1.001405
2.037200
0.986782
0.496537
2.078840
1.620752
0.754723
0.388202
2.191285
1.633368
0.849153
2.116144
1.659920
1.717363
2.114611
2.116089
1.227441
2.052768
0.844311
0.862329
0.672381
1.204768
0.847682
2.591223
2.559564
2.334002
1.223383
1.655156
0.605467
1.483130
1.033633
1.099695
2.717197
0.732536
2.499218
0.596208
0.607193
1.827009
1.081192
1.736078
2.099874
1.340841
2.035754
3.604140
2.601267
1.672778
1.339492
1.341605
1.624173
1.552715
2.975609
1.564346
1.974143
1.026416
0.969854
1.897653
1.925954
0.712549
1.299484
1.453222
1.595160
1.439064
1.876450
0.720458
2.189290
2.466806
2.131180
1.121197
0.801594
2.166489
1.196120
0.938283
1.966776
1.522260
0.960265
1.845693
1.545138
1.090414
1.393386
1.352337
0.717579
2.414628
0.548662
1.565383
1.526585
1.936687
2.077825
2.100843
2.199941
3.537540
2.611369
1.836488
0.793333
0.527985
1.856571
3.527751
1.602281
2.597496
0.993154
0.626773
1.679356
0.537330
1.224067
0.382545
1.072307
2.419429
0.467076
2.345953
1.916866
0.936486
1.378731
0.718817
0.937595
1.316350
1.248585
1.687434
0.911838
1.259406
2.225627
2.100486
2.256976
1.361154
1.460292
1.470719
1.207437
1.133699
1.722234
1.314431
1.169261
1.551741
2.463374
1.336677
1.961228
1.892619
1.459015
0.749859
1.239825
2.441216
0.811349
1.989572
1.148704
0.340677
1.984224
2.487072
1.313199
0.964257
3.204871
1.103526
2.402930
1.238755
0.858114
1.707637
1.908435
1.596188
0.569422
0.977684
0.605430
1.143042
1.015203
2.099956
0.705373
1.741700
1.983028
1.781209
0.971713
1.586352
0.731869
2.201064
1.476093
0.945757
1.768554
2.293574
0.770115
1.230420
0.360923
2.185104
1.035502
1.880482
1.381360
0.777637
1.187612
1.669489
0.817155
0.661414
2.483139
0.599477
1.070984
0.835367
1.535774
1.590435
2.275397
1.756661
1.189153
0.796970
1.713081
1.026715
2.548557
1.655767
0.883830
1.271427
0.425276
0.838766
1.913107
2.887286
1.027999
1.121146
1.313354
3.101983
0.398435
1.645679
2.209045
1.007087
1.925437
2.187768
0.809325
2.256083
2.370935
0.566796
1.497455
1.870505
1.202180
2.483359
0.811805
2.038010
2.183078
1.551333
1.599799
1.318068
1.245242
2.276632
1.471083
1.698683
1.347408
2.471891
1.258392
1.633531
3.218770
1.318158
1.667610
1.590299
0.651230
1.475076
2.279058
1.525037
1.161532
1.459583
1.704122
2.842962
3.557546
1.919498
1.464627
0.815505
1.983218
2.083476
1.399864
1.719286
1.535429
1.745768
0.847498
1.910366
1.105369
3.213425
1.232991
1.818645
0.858008
0.822920
2.069012
1.222144
1.066412
1.884259
0.990970
1.061730
2.014423
1.446466
0.961449
1.145845
1.696838
2.192067
0.917815
2.375657
2.014153
1.021017
1.472903
0.876305
0.848404
0.940309
2.125579
0.376909
0.971219
1.842310
1.945324
1.710336
2.166948
1.438541
1.913477
1.086779
1.349654
0.847738
1.657895
0.699455
1.442864
0.826083
0.929054
1.704131
2.282387
1.092053
1.499193
0.609489
1.859879
1.417421
1.740489
0.596892
2.188460
2.734815
0.932199
1.922542
1.659543
0.390737
1.546500
0.896410
1.790121
0.256664
1.069760
2.374173
0.660640
0.937671
1.072517
0.898543
1.568456
1.443150
0.758798
1.784427
1.601165
1.419044
1.415383
1.118737
1.779689
1.072823
0.331426
1.237185
0.994843
2.446610
1.338328
2.743043
1.644177
0.565551
1.463096
1.268675
2.534336
0.578532
1.960519
1.430014
0.547477
1.374465
1.308307
1.980839
1.478368
1.291031
2.102624
0.875274
2.739729
1.190878
1.321232
1.805575
1.242910
2.172517
1.864288
2.104235
0.624352
0.380981
1.366068
1.927279
1.891290
0.947735
1.341150
2.180888
1.126360
1.854922
1.091126
1.251644
2.521925
0.781842
1.396007
0.362757
0.860436
2.472695
1.774234
1.662259
1.937278
1.408743
1.073269
1.166865
1.059291
1.841808
0.758961
1.771719
1.110532
1.323820
1.294043
0.674916
1.930417
1.257400
2.369856
1.719626
0.190930
0.639855
1.379912
2.622109
1.233498
1.581454
2.547581
0.743868
0.598902
1.055886
1.397861
0.567381
1.628316
1.938832
1.218199
1.905341
2.524612
1.085820
0.990172
1.561037
1.991871
0.884444
2.043283
1.889193
0.559724
0.711830
1.140208
1.476367
2.236580
1.318166
1.749038
1.214695
1.821841
1.393613
1.988440
1.186525
1.578261
1.676552
2.355287
1.409790
1.143971
0.937806
1.740559
1.337560
0.819196
2.273365
1.737296
1.707750
1.951208
0.819965
1.654842
0.870611
0.832247
1.873415
2.065873
0.645025
0.893423
1.096995
1.795610
0.906170
3.051363
1.843444
1.646117
2.237419
1.736539
1.399447
1.410798
2.172714
0.878863
2.125034
1.647025
1.335794
0.968934
1.128884
2.730818
0.640685
1.971866
1.577376
1.293155
1.334261
1.588807
1.549371
1.811146
1.644905
1.489884
1.577802
0.675060
1.368156
0.947194
1.880911
0.786652
2.318621
1.233778
1.656553
1.823966
0.838652
0.263702
0.747507
0.710930
1.563539
0.907146
1.117692
1.954546
1.225165
0.603570
1.607600
1.958431
0.716418
1.289643
1.679187
1.237610
0.610011
1.309825
2.331488
0.646750
1.217044
2.045109
1.460150
1.890508
1.459348
1.350543
0.527160
1.042647
0.710848
1.087601
0.603621
2.998250
0.436535
1.030983
2.147179
2.262962
0.830668
1.611541
1.937553
0.564280
0.859844
1.474065
2.435723
1.510816
0.973854
1.015499
1.476163
0.816024
1.714124
1.887519
1.148362
0.784635
1.900921
1.917673
2.080905
1.651641
1.139493
2.089061
2.353039
0.720772
0.665762
1.378103
0.483663
1.868856
2.298196
1.799125
1.715633
1.296962
1.720084
2.223694
0.899591
2.118765
0.823450
2.022551
0.954373
1.079254
1.829432
1.910146
1.064983
2.082134
0.671874
1.988189
1.483317
1.793911
1.884740
0.851981
0.910608
0.882466
1.203231
1.636562
1.164507
1.213734
1.265026
2.251428
1.238414
1.726504
1.362641
0.657940
1.087385
0.469574
0.884824
0.786634
1.430124
2.382736
0.724585
1.204289
1.210091
1.484886
0.731769
2.048643
1.321942
2.419834
2.719264
1.371066
0.776078
1.806914
2.124868
0.877341
1.159936
1.369192
1.378258
1.101146
1.886495
0.927739
1.712340
1.061890
0.920784
2.242306
2.381925
0.491193
1.545106
1.728472
1.478759
0.644458
0.926291
0.377915
0.141471
1.062765
1.349693
0.646482
1.235582
0.864593
0.498908
1.006161
1.875564
2.100429
0.219994
1.174712
2.452936
1.186118
0.705841
1.173318
1.378222
1.601854
1.465667
1.590891
1.051482
2.114436
1.385033
1.075131
1.897130
1.599547
1.758567
1.737767
2.874792
1.542315
1.832019
1.476927
1.239666
2.958232
1.689818
0.621078
1.343963
1.280384
1.035010
1.156182
1.649030
1.746212
1.508224
1.678537
1.366192
1.907778
2.405893
1.411009
1.826933
1.406656
1.993025
1.495584
1.036170
2.259645
1.726052
1.293128
0.858960
1.245986
1.425722
2.692389
1.210041
1.871344
0.475713
2.120119
0.403320
0.823666
3.139421
0.829865
0.324105
1.366488
2.019422
0.593008
1.249121
3.064646
1.738089
1.019420
1.938338
1.718229
1.479671
1.379210
2.155407
2.076197
1.866029
2.579635
1.759933
0.889404
1.031468
0.750793
1.373244
1.439329
1.509231
1.187670
1.997537
1.195918
1.057050
1.769362
1.477871
2.079923
1.599974
0.801860
1.357407
1.571947
1.025553
2.678691
1.142314
1.496370
0.856587
2.111354
0.997121
0.532459
1.530238
0.764088
1.525065
1.700123
1.985684
1.123369
1.384223
1.126319
0.646111
1.173587
1.751122
0.824998
2.493825
1.556399
1.451052
1.530390
1.473874
0.546838
1.046360
1.341367
1.069936
1.275861
1.666172
1.895362
1.501716
0.997072
0.673330
2.230142
2.123444
2.609627
0.950623
1.205492
2.722949
1.959700
0.519648
0.597509
2.194191
1.147383
1.737879
1.007324
1.570699
0.435140
1.635570
2.039292
0.834911
1.293093
1.694831
1.509677
1.797056
2.382649
1.225081
1.329704
1.674392
0.915609
0.961222
2.609475
2.091569
0.920996
0.857421
1.988985
0.800617
1.725596
1.265712
1.537645
1.223578
1.749637
1.463309
0.953597
0.944953
1.471019
0.967283
2.710137
2.448090
1.190043
1.516217
1.892038
1.963672
1.046917
1.747311
0.633309
2.080727
1.888727
1.259133
2.950391
1.400666
1.066647
1.576288
2.438115
0.628469
1.520456
1.495878
0.729209
0.484701
0.814194
1.730102
1.382454
1.935698
1.461333
2.079962
0.793751
1.619324
0.992304
1.820170
1.146147
2.036596
1.699830
1.484711
2.368508
1.266230
1.250132
0.414524
1.145760
1.445032
2.516953
2.264208
1.853352
0.933705
0.308076
1.963537
1.130568
0.465221
1.813110
2.410760
1.091186
2.695102
2.868250
1.719136
1.090923
0.895580
1.257213
1.100082
0.839386
1.235524
1.977924
1.085973
2.048938
2.289368
1.049524
2.235381
1.371328
1.764420
1.178043
1.078925
1.505795
2.513099
1.092937
1.767032
0.767362
1.485052
2.645731
2.475678
1.373871
2.019923
2.531328
1.964370
1.018339
1.806118
1.523804
1.534715
1.961470
1.264144
1.824896
2.057657
1.414020
2.187951
0.495344
3.577938
1.341324
0.933353
1.854618
1.945216
2.139364
2.747690
1.416913
1.284319
2.419836
1.090398
2.167290
0.998303
2.422762
1.252464
1.348267
1.122581
0.942132
0.954711
2.696091
1.221638
1.625184
1.250874
1.731505
1.493713
1.353530
0.462531
0.998311
1.059406
1.605964
1.485337
0.748324
0.331103
2.102273
1.132884
1.026694
2.308669
1.175644
0.846814
2.026085
1.549538
1.995865
1.723996
2.641241
0.992632
0.140911
1.670040
0.919886
0.632957
1.891774
1.381239
1.469851
0.823640
1.284382
2.099452
1.758467
1.772523
0.732092
2.002158
0.708322
1.605454
1.144715
1.192445
0.695739
1.281449
1.094107
1.659543
1.651509
1.238744
1.619002
2.310309
1.271738
1.867609
2.096503
1.629315
1.209728
0.238636
1.688770
2.247923
1.114695
1.547588
0.825196
0.777863
1.014024
1.299403
1.181693
1.704623
2.762610
1.534120
1.036842
1.582115
2.387854
1.096568
2.067643
1.031620
1.293225
1.908020
0.588415
1.661828
1.879140
0.935450
1.110693
1.401364
2.224506
0.815190
1.675144
1.316234
2.647771
1.116644
1.465086
1.404231
1.161868
0.780878
1.484396
1.005107
1.684869
0.716048
2.148894
0.606407
0.804119
2.034227
1.381002
2.751969
3.108787
1.815806
1.251860
1.880705
0.848114
1.740107
0.679237
1.235330
1.027048
1.799021
1.164777
0.980856
2.412761
1.456286
1.623956
1.349948
2.055835
2.430009
1.248384
1.785968
2.912932
1.478049
2.366742
1.115666
1.700954
0.892857
0.307850
0.888866
1.632284
1.159299
1.132598
1.182733
1.662326
0.789148
1.273180
3.527966
1.320663
0.857441
1.925966
1.571180
0.337693
2.529180
2.210834
1.310966
2.016057
0.601976
0.970241
1.176919
0.381229
1.403308
1.540054
1.629278
1.575516
1.810845
0.762068
0.678619
1.415007
1.838290
0.873119
1.043687
1.219100
1.330568
1.754613
0.493324
1.980122
1.716233
1.547526
1.954389
1.488223
1.178309
1.929726
0.837452
1.538249
1.188224
0.847890
1.827114
2.793140
0.448910
2.027857
0.650184
0.712769
3.537594
1.427393
1.847981
1.415607
2.652187
2.870055
0.932440
2.166005
0.757540
2.309235
2.123892
2.440012
1.154039
2.119770
1.925065
1.216433
2.308500
2.958732
0.807338
2.698710
0.642658
2.580574
0.864249
1.033821
2.198687
1.332199
0.757930
2.558486
1.286823
1.645821
0.648475
1.396767
2.283766
1.424258
1.881482
1.474333
2.113954
1.848892
2.012605
1.096510
1.762248
0.925074
1.150342
1.999211
1.000870
2.183796
1.254854
0.861615
2.883032
2.036320
1.323312
1.226821
0.896194
1.369825
0.548091
2.476107
1.964314
1.845606
0.918939
1.145093
2.000861
1.465048
2.016275
1.467597
1.780153
2.182484
1.504855
1.802014
1.901914
2.176138
0.756553
2.433392
1.062388
1.904403
0.879916
1.093146
1.200486
1.276685
1.244844
1.478164
1.842209
0.640139
2.353591
1.124294
1.438355
1.459895
1.231247
1.101583
0.753908
2.096581
1.079259
1.994900
1.938734
0.990430
1.642379
1.611793
1.698361
0.929052
0.853816
1.585064
1.772066
1.607244
1.513280
0.686444
2.254709
0.995531
1.553796
0.418408
1.080773
0.490762
0.720990
1.345161
2.364254
0.485233
2.351508
2.280260
1.541477
1.518913
2.354363
1.580497
1.546932
1.484833
2.491584
1.758514
1.538327
2.105792
0.750357
2.139947
1.367841
0.790018
0.975455
0.473971
2.112313
2.418430
1.369973
1.656503
1.012182
1.970927
1.627245
0.888549
1.422371
1.397885
2.004994
1.930289
1.469481
1.727303
1.599179
1.364234
1.372627
1.914619
0.611787
0.738068
1.376917
2.007220
1.947561
1.515345
1.038959
1.086163
1.103721
1.772296
1.357515
1.659335
1.885600
0.713053
1.945756
0.799890
0.818525
1.691875
0.187524
1.412722
1.268385
1.572480
2.367264
2.574686
0.943550
1.530043
1.892861
1.147566
1.705457
0.415082
2.844208
1.191711
1.471238
1.564043
0.498379
1.141954
1.863390
1.546185
0.941782
1.494126
1.684926
0.827668
1.648371
1.958109
1.580955
1.499747
0.948081
1.502042
1.261416
2.517780
1.267348
1.490617
0.751226
1.591494
1.142727
1.695727
1.789295
0.411277
1.696321
1.459945
1.315119
0.370031
1.625387
0.954474
3.158692
1.623760
0.572832
0.382378
0.764721
1.147255
0.289072
1.466772
0.615602
1.856647
1.694493
1.424542
0.334404
2.118068
0.531812
1.695908
1.485264
1.714395
2.055610
1.941483
2.073853
1.228345
2.109682
0.705805
1.111746
0.881021
1.660165
1.096044
2.572614
1.629075
0.812531
1.768924
0.819841
1.398854
1.431789
1.545989
1.998714
1.528469
0.874700
1.967249
1.062224
2.520293
1.278901
0.282772
1.821788
0.355482
2.240365
2.624418
1.270488
1.555834
2.545913
0.871832
2.612388
1.222512
1.971236
1.542852
0.883924
1.562959
2.549238
2.078472
0.790669
2.287032
1.519621
1.581019
1.210996
1.863039
0.858763
0.953512
0.905193
0.493501
0.924009
2.991928
2.213723
1.412968
2.199619
0.305285
1.885387
2.401692
1.484752
1.542356
0.480688
1.892179
1.438505
1.431272
0.814468
2.750819
2.172088
1.205303
0.387913
0.156852
1.138107
0.625292
1.808002
0.779401
2.265645
0.853871
1.145767
1.813523
0.721497
1.886431
1.506069
0.227586
1.487221
1.307647
1.144165
1.937721
1.683551
2.151948
2.140072
1.662711
1.436505
2.112992
1.886840
1.477204
2.843494
1.440725
0.617974
1.264163
1.786395
1.309003
0.909461
2.995515
1.511072
0.884396
1.744624
0.808336
1.895557
1.805067
1.854132
0.547410
0.874400
1.952647
1.342083
2.636963
1.394664
0.527123
1.620690
1.581519
1.480351
2.344870
0.746685
1.383675
0.680554
1.496967
1.417195
0.903482
1.477799
1.506935
1.403119
1.922867
1.152620
0.617814
0.858339
0.872879
3.473308
1.940022
0.480055
1.733988
2.606977
0.907086
1.777382
2.227428
1.131049
1.548721
0.855981
1.207932
1.369673
1.362548
2.899908
2.422368
0.600343
0.446620
1.505476
1.772161
0.823098
0.921043
0.982745
2.400046
2.300570
1.294556
1.573082
0.758176
2.512454
1.921019
0.762522
1.640738
1.487752
2.681884
1.375721
1.213084
2.251791
0.820447
0.859481
0.552575
2.649937
2.639266
1.031436
0.717808
1.484437
2.025233
1.906161
0.807501
0.509907
1.544536
0.724277
2.023428
0.664994
2.641605
0.560367
1.736479
1.415386
2.087956
0.944930
1.553246
0.679811
0.520342
1.006282
3.199560
0.561128
0.813065
1.087205
2.576259
1.355671
2.392979
1.308374
1.288770
2.546720
1.307573
1.339109
2.602929
1.751761
1.190027
2.037304
0.835061
0.864917
0.988764
1.214502
1.057685
0.932943
0.866077
1.753244
1.368767
1.238441
2.745124
0.892584
1.979247
0.800126
0.802771
1.290721
1.158265
2.243211
2.488170
1.577596
1.133094
2.006783
0.853640
1.592421
1.414105
1.394479
0.196614
2.193286
1.849516
0.899601
1.040456
1.183566
1.130643
1.718021
1.147447
0.848581
1.392703
0.873948
0.876881
1.931064
0.553583
0.748926
1.757858
1.678470
0.497612
2.329965
1.550531
1.241078
2.218800
0.702308
0.855524
1.603986
0.640464
2.157582
1.513494
0.780916
1.517024
0.529020
0.632904
1.724639
1.361223
1.200414
1.064294
0.407277
1.407031
2.125110
1.583810
0.655715
0.800503
2.523553
2.349932
2.350227
1.246161
1.486267
0.654851
1.624948
0.639812
2.143038
2.985031
2.370892
1.590107
2.605249
1.358561
1.209124
1.267390
1.979697
1.367232
1.177211
1.114069
2.445855
0.914881
1.263982
1.639669
1.746896
1.032267
1.895986
0.615866
2.116168
3.089691
2.729932
0.668032
1.071444
2.517288
1.100009
1.478004
1.295434
2.092826
1.891868
1.454734
1.044168
1.514314
1.351615
0.799163
1.059404
1.179300
0.586944
1.136466
2.281281
1.995669
2.503313
1.539647
1.043711
1.186634
3.817881
0.730216
0.788707
2.395112
0.833740
2.118856
1.005821
1.142578
2.214879
1.628450
1.578387
1.213837
1.627476
1.858416
1.321304
1.376753
2.065325
2.593532
0.768942
1.162667
0.956531
1.790904
0.547543
1.795109
2.133318
1.820629
0.486589
0.904266
1.231862
1.090455
1.784877
1.538162
1.483974
2.370100
2.486250
0.461173
0.853381
1.418965
0.882718
1.321295
1.910344
0.768610
1.609247
1.415141
2.026122
0.601601
2.020901
1.635389
0.959488
1.649764
0.523557
2.033366
1.374916
1.282382
1.928463
1.063584
1.080852
1.078779
1.268722
1.438811
1.773696
2.031975
0.974718
0.858920
1.067397
0.816237
0.844522
0.905453
0.579682
1.286724
1.475874
0.750419
3.136795
1.308598
2.133952
0.309041
0.911962
0.967429
0.646490
0.492172
1.361613
0.745110
