2.234154
2.151079
1.532417
0.793922
1.771592
1.307868
1.447218
2.713298
1.236230
1.559310
1.647602
0.855714
0.499535
1.313552
0.883733
0.448661
1.002311
1.305305
1.496990
1.567559
1.494141
1.402201
0.879898
1.072198
1.226544
0.381714
1.679190
0.635624
0.846279
2.230492
0.619101
1.218416
1.394245
0.926613
1.839013
1.576501
1.913935
0.860963
1.600742
1.678371
1.106639
1.515212
0.552259
1.425930
0.476013
1.428388
1.278895
0.708873
1.927408
1.448415
1.861582
3.007290
2.360788
2.055284
0.749252
1.427103
1.025655
1.562752
0.413864
2.615821
1.216426
1.371535
1.548926
0.904297
1.661267
1.022923
1.737560
1.214801
1.593286
1.984512
2.660158
0.984513
1.042952
0.829620
1.488318
1.105424
1.566432
0.912124
1.583033
0.594708
1.623322
1.271145
0.908507
2.410336
2.041397
1.874105
1.054828
1.366377
0.840516
2.502230
1.358165
1.300420
1.268950
2.028380
1.519547
1.368391
2.979312
1.837401
2.144076
0.944258
0.741639
1.364885
2.204404
1.363767
1.222241
0.245514
2.035392
1.456510
1.725733
1.899293
1.661218
1.556107
1.041548
0.606714
1.607107
1.709792
1.337308
1.731975
1.275448
1.181620
1.951248
1.903223
1.117860
1.178782
2.296710
0.791592
1.266776
1.973801
1.747317
0.653313
1.336107
0.819902
2.439583
1.108477
1.402374
2.364614
1.605460
1.434127
2.659852
0.696178
2.796138
1.822147
1.644285
1.034118
1.838154
2.315949
2.633979
1.182232
1.810306
1.114339
2.288465
0.639181
0.774971
0.582471
1.021750
1.743649
1.283940
0.856182
0.782459
1.328188
0.765160
0.937181
1.733938
1.511707
1.680674
1.841532
2.717761
0.176084
1.165728
1.146226
1.127517
1.243720
1.275534
1.585628
0.717444
1.856227
2.485117
2.434802
2.113436
1.644746
0.959102
1.879563
1.595242
1.018701
2.215240
0.644715
1.572863
1.153855
1.307138
0.603616
1.352351
2.235628
1.687345
2.710854
1.316023
1.393573
1.076299
2.072568
0.779048
0.795421
1.344663
0.573709
2.289264
1.700735
1.171237
1.168796
1.318273
1.011154
1.501972
1.348872
1.146429
2.510860
2.795610
0.959434
1.552020
2.213882
1.608238
2.452442
1.309780
1.859700
1.686068
0.860475
0.745294
1.749288
0.704220
2.673456
3.266411
1.103954
2.619657
1.531592
2.135304
2.037579
1.554410
1.174163
0.983879
0.899045
2.098497
1.414590
1.903647
1.507613
1.464198
0.822311
1.614385
1.111650
1.318217
2.178312
1.504662
2.220409
0.980571
1.973659
1.754199
0.892884
1.256699
1.796370
2.987519
1.542600
2.391475
0.745786
0.997800
1.145862
1.199980
1.824658
1.214303
1.927304
2.241480
0.736298
1.374050
0.845687
1.194899
1.935044
0.352157
1.844884
1.594682
1.752507
1.207485
2.205386
1.236498
1.007365
1.019741
1.552267
0.714430
1.612136
1.326937
1.058432
1.446839
2.115521
1.781294
0.705653
2.736377
1.582706
2.403736
1.167380
2.990876
1.062666
2.212019
1.772301
0.894216
1.486595
3.288782
1.596587
1.636900
1.869291
2.359113
0.763289
1.159124
1.190754
1.760617
1.301836
1.344798
1.280376
1.283824
0.887633
1.795394
1.201146
1.936981
0.556732
2.648954
1.125609
1.069753
1.721344
0.704143
1.332493
1.367402
1.430509
1.898517
0.979123
2.238232
1.340294
0.391883
1.125395
2.427094
1.420810
1.538610
3.113180
1.713275
1.014877
1.073755
1.253460
0.797622
0.996979
1.000954
1.954948
1.146163
2.171473
1.548333
0.797230
2.794374
1.352352
1.167232
0.220771
0.928229
1.189712
1.830284
1.201239
1.809872
0.747617
1.274545
1.476723
1.837867
1.999954
2.094571
1.981084
0.879395
1.414687
1.882257
1.904904
1.217379
0.772483
2.672989
0.927743
1.480949
1.121889
1.808930
0.929820
1.181284
0.985862
2.078636
2.992144
1.340221
1.994067
0.902340
2.841474
1.404983
0.849055
1.826772
0.845395
1.469660
1.183126
2.551914
2.479876
1.990370
1.384063
1.197834
1.114400
1.136938
1.008089
2.842119
2.746538
1.390747
3.132308
0.753638
1.629658
0.919756
1.722323
2.533549
1.524292
2.565803
1.985694
1.958076
2.835461
1.025641
1.418642
1.979338
1.413892
2.289486
1.652738
0.631387
1.502354
1.977182
1.276134
3.199089
1.264932
0.862213
0.767439
1.582693
1.998392
1.646462
1.479481
1.735103
1.606469
1.564058
1.044316
0.847652
0.752372
1.439117
1.024432
2.040237
0.878503
0.597232
0.837716
1.575954
1.037398
1.118755
0.752158
1.105566
1.226551
1.519113
1.187943
1.278363
0.773575
1.813913
1.973569
0.826867
1.079947
0.532106
0.761603
2.295308
0.758895
1.042966
1.381109
1.308064
0.479175
2.128059
1.167062
0.712679
0.931018
1.248179
1.719148
0.994433
1.222857
0.235056
1.135762
0.906544
1.184285
2.383313
0.544241
2.326766
1.590717
1.207251
0.838839
1.526546
1.631910
1.379915
2.022638
0.983338
1.152623
1.307974
1.341529
0.760044
1.867738
2.170090
1.625456
2.509220
2.305447
1.330547
0.897900
1.511514
0.694027
1.109474
1.835322
0.833097
0.593557
2.280609
3.412934
1.369496
1.266411
1.131915
1.799729
0.912613
1.957554
1.812021
0.881594
2.263780
2.529740
0.742605
1.694762
1.075064
1.561133
1.521149
0.946052
3.221374
1.299456
0.308171
1.176374
2.025841
1.289017
0.452600
0.908416
1.756315
1.722039
1.625861
1.334355
1.020806
1.825072
1.596076
1.264215
2.570440
0.814566
1.112281
0.966788
2.196193
1.901814
0.708275
0.439182
2.586188
1.864363
2.043022
2.938779
2.075967
1.042432
1.594535
1.922476
1.811503
0.930960
1.366265
2.095336
0.998995
1.200971
1.858732
1.306744
1.273781
0.628503
1.893876
1.847538
1.400547
1.576634
1.251461
2.078214
1.742149
2.607017
2.328689
2.976243
1.590882
1.128771
2.510915
0.966740
0.827382
0.951722
2.874922
0.571468
1.768124
1.389778
1.848322
1.567270
2.132032
0.726861
2.622410
1.197858
0.599147
1.403407
0.475912
1.361105
1.151054
0.619604
1.603793
1.461153
1.874476
0.548994
0.865110
1.504035
1.620906
0.654574
1.748830
1.411168
1.691055
2.550091
2.017022
0.605018
0.564022
1.035991
2.105240
2.559390
0.570330
0.828820
1.435043
1.446215
1.653416
2.427991
2.126851
1.477730
1.250471
1.780618
1.445531
2.700500
1.127603
2.424393
1.110453
1.761253
1.226033
1.897982
0.935454
0.976842
1.379829
1.755425
1.422585
0.722936
1.517465
0.500983
2.837387
1.433509
1.618881
1.025838
1.223050
1.347532
1.179487
1.721305
1.350883
1.189259
0.890189
0.812216
1.694633
1.521518
1.105236
1.786773
1.527978
2.328286
0.770158
1.431227
2.218677
2.561380
0.636757
1.704062
0.749445
0.656564
0.824396
1.809297
1.445346
1.324004
1.405802
1.187446
1.054309
2.662582
1.751804
1.316732
1.430443
2.346424
1.083443
0.860163
0.990686
0.503132
1.400350
1.618922
1.557825
1.006223
0.911015
0.597105
1.415458
0.765379
2.239962
2.468217
1.383502
2.355343
2.301105
1.712455
0.931242
1.171450
1.749334
1.334345
2.553213
1.459339
1.505798
1.638976
1.410115
1.142146
1.606164
2.549137
0.841601
2.218617
1.893154
1.677376
0.777044
2.566627
1.462656
0.883279
1.057235
0.802176
1.197404
2.247971
0.954910
0.305200
1.478433
1.264637
1.359720
0.780332
2.302553
1.166907
1.785554
2.678958
0.885150
1.024061
1.362236
0.625446
2.778604
1.744624
0.912034
3.200444
2.342649
1.201493
1.922236
1.463776
0.942319
0.615675
1.020092
1.135921
1.041454
1.485711
0.736255
2.027425
1.222142
2.431198
1.847635
2.321387
2.234263
1.615765
1.727783
1.669002
0.785014
1.293661
1.786251
0.821320
1.132081
2.765167
0.400987
1.285599
0.676867
1.620323
3.127202
1.629137
1.013387
1.362695
0.886539
1.854167
1.176960
1.001132
1.239767
1.327027
1.095684
1.040718
1.713430
0.867648
1.711434
1.886637
0.274354
2.342161
2.147977
1.946404
2.058163
2.087941
1.253148
0.916199
1.907826
2.078913
1.696283
1.172522
2.272663
1.602889
1.772414
1.027342
0.534878
1.709403
1.638589
1.718698
1.130562
1.646877
2.250125
1.063722
1.705870
2.568122
1.980116
0.312333
1.667143
1.749044
0.696193
2.665019
2.014099
1.224631
2.311371
2.149902
1.752565
2.025013
1.815694
0.982983
1.889312
1.093341
1.688372
0.813610
1.012341
0.890094
0.522576
2.626238
1.119304
1.117571
1.132789
0.515188
1.359060
0.916763
1.333509
2.546011
0.749365
0.660726
1.871434
2.107912
0.975532
0.297593
1.296412
1.628217
2.570418
1.474868
1.855755
0.812487
1.375569
0.996193
2.838668
1.129953
0.556707
2.775952
1.137876
1.097868
2.316563
1.303472
1.068954
1.835958
0.249709
1.587687
1.953303
1.292716
3.087495
2.068370
1.373117
2.046623
0.408205
1.125827
0.564118
1.106467
1.308556
1.916606
1.742715
1.331914
1.470016
1.595932
3.074169
1.249767
1.876824
2.375218
1.245737
1.012638
1.548225
0.296980
2.636326
1.250729
1.312750
1.416295
1.912363
1.532683
0.870694
1.867354
1.715403
1.621010
2.328378
1.866217
1.856561
2.372111
1.916194
1.537922
2.034585
1.046129
1.989378
3.041730
1.757414
0.937326
1.554647
0.711399
1.109388
1.477767
0.748583
0.837120
1.922869
1.784355
1.577211
1.672424
2.140136
0.953441
1.285687
3.585355
1.521856
1.581761
1.468179
1.813512
1.064281
2.060461
1.253687
1.752725
1.156636
1.202200
1.512704
1.595690
1.374341
0.539037
0.959000
1.857530
1.250986
2.617039
1.998524
1.354201
2.143606
2.247467
0.970372
1.179218
0.770110
1.932085
1.483396
2.054591
1.202978
0.571369
2.754565
1.284280
0.810604
2.383147
1.016157
1.423887
2.742628
1.187114
1.183642
1.342965
2.089931
0.884291
0.881458
0.782812
2.067526
0.556470
0.962003
1.528422
2.142300
0.753927
1.811093
0.985929
0.594233
1.301725
1.495074
1.955764
1.078887
0.590343
1.350702
1.327886
1.294554
0.540324
1.927497
1.141148
0.684193
2.158736
0.950452
2.208497
1.752649
0.631492
0.313864
1.747677
1.568025
1.342499
0.746928
0.419523
2.083518
1.573396
0.758999
2.597405
1.514797
1.842187
1.757405
1.255095
1.124880
1.959699
1.835107
1.385684
1.474551
2.433941
1.805649
1.285606
1.201104
2.114209
2.127737
1.534314
2.920938
2.163861
2.574012
2.103789
1.951421
1.537860
0.822485
1.082465
2.795313
2.163283
1.025278
1.231047
0.994390
1.519698
1.813210
1.291147
2.083201
2.312854
2.045148
1.124299
1.864111
2.407678
3.222090
2.040702
1.963347
1.595099
1.063471
1.533523
0.774674
1.891179
1.182547
2.163603
0.814186
1.830860
1.690196
0.733305
1.062067
2.893889
1.391677
1.459002
1.728286
2.539550
1.146204
0.663022
1.512710
0.538613
0.832105
2.007211
2.010417
0.660633
1.036591
1.322869
2.497698
1.777073
1.425835
3.319914
0.803855
1.177493
1.468265
2.077514
0.950730
1.732988
0.767966
2.031470
0.900136
1.538955
1.204686
1.098418
3.062768
2.060666
1.486262
1.860943
1.793513
0.471522
1.707932
1.342457
1.886285
0.593915
1.784408
1.199345
1.807210
1.507616
1.562212
1.674179
0.997091
1.385319
1.665662
0.921490
1.786432
1.208354
2.607019
1.526527
1.229169
0.886303
1.100880
1.995570
2.312038
2.369735
1.386292
2.213042
0.740928
2.063438
2.758245
1.932256
2.236841
1.724688
2.290227
1.424603
1.904595
1.407525
2.207667
0.625520
0.775537
1.289807
1.716668
1.915157
1.606041
2.087174
1.563919
1.823500
1.441459
1.371441
1.016621
0.870052
2.195145
0.950669
1.984240
1.564516
2.054739
0.477464
1.978591
3.026867
0.927241
0.957752
2.206744
1.075612
1.405088
0.766327
1.806260
1.894315
3.159789
1.682972
1.622224
1.671349
2.359051
1.407956
2.283278
2.198506
2.455888
1.586382
0.794769
1.243028
1.193632
2.549845
1.040110
2.519336
0.884042
3.975391
2.105855
0.518314
0.905620
1.871199
2.807762
1.515236
1.085101
0.975609
2.386173
0.397673
1.817154
3.558862
1.062043
1.296230
1.614174
2.008137
2.186964
1.572653
1.390959
1.086466
2.242077
1.855715
1.315393
0.664790
1.436106
0.814361
1.442126
0.762659
1.729823
1.944076
0.858140
0.971804
0.516448
1.040506
2.269273
1.331262
1.237586
1.945654
0.974191
1.638470
0.819717
3.089206
1.708439
1.255543
1.496584
0.959515
2.666703
2.339115
1.929931
2.302304
1.181599
1.670952
1.031580
2.542110
1.914730
1.375108
2.179982
2.100555
1.908066
0.838538
1.536468
1.114968
2.799898
2.549376
1.593449
2.315197
0.678347
2.563147
1.591759
1.576002
1.570410
2.093466
0.227590
1.327029
1.596655
0.509862
1.817133
1.729184
2.528369
1.425883
1.495650
0.428745
1.854540
1.106881
0.601479
1.084770
2.477884
1.837186
1.851210
1.170892
0.993992
2.586768
1.138648
2.600476
1.953159
2.662173
2.211839
0.758800
1.169444
0.513967
2.914669
1.577083
1.265240
1.719078
1.838598
0.435013
0.653343
2.702183
0.958678
2.543627
1.382164
1.778779
0.893721
1.347877
2.025017
1.489232
1.898437
1.490098
1.569903
1.335686
1.031886
2.558988
0.529705
1.251370
1.059005
1.147362
1.615540
1.775508
2.000183
1.342776
1.719634
0.557461
1.292796
0.677132
2.014938
0.895522
2.118405
2.142422
1.623686
0.436997
0.720694
0.877928
2.483690
1.022276
1.716574
1.941533
1.228347
1.469111
1.123096
1.435200
1.318999
1.367130
0.895978
0.773974
1.214370
0.916059
0.743936
1.466054
1.126512
1.806750
1.415647
1.541776
1.990344
1.488999
1.027690
1.617120
1.774891
1.082487
0.794486
1.120695
1.437299
2.388400
1.700482
1.787875
1.311715
1.694698
2.384965
1.271625
2.104404
2.442968
1.197970
1.209903
1.798304
1.576108
1.293917
0.842259
2.043656
1.166884
1.502417
1.461913
1.991432
1.910518
1.149886
1.661800
2.034216
0.531379
2.771413
1.719258
1.127777
1.441326
1.097210
0.339486
1.897213
0.880031
1.920081
1.891890
0.829242
1.775629
0.786532
3.642658
1.883070
0.774220
0.361026
0.685512
1.666990
1.802929
1.146655
0.548250
1.493775
1.346651
2.437933
1.736622
1.130543
0.600536
0.414773
1.721024
1.753203
2.883817
1.767751
2.122943
0.933496
1.205366
0.116406
1.992105
1.577322
2.474102
1.661048
1.659267
1.760093
2.426243
0.575399
1.220300
0.477324
2.730058
2.065486
0.949350
1.030783
0.927158
1.907968
2.213353
0.266776
1.304394
1.415809
1.139388
0.892053
1.277622
1.732794
0.873514
1.330790
1.574635
0.543952
2.781897
1.186091
2.377955
1.405668
0.965968
1.949274
1.711702
1.864301
1.076320
0.723734
1.437538
1.246603
0.628375
1.754301
2.302484
1.118234
1.396286
0.616197
0.558568
1.277511
1.255272
0.563445
1.981336
1.818306
0.962845
0.768090
1.246779
1.421085
1.603725
2.312186
1.408187
0.459313
1.511496
1.921100
0.879444
1.210756
0.891368
1.149697
1.094772
2.438972
1.521460
1.060995
0.611395
1.093800
1.691366
1.466122
1.488510
1.102124
1.750221
2.220086
1.131878
1.497504
2.251452
1.294795
1.395183
2.898215
2.625076
1.615945
0.986309
0.654739
1.399559
0.486753
0.685720
1.794627
0.957694
1.059894
1.728318
1.375316
0.683167
1.929371
1.108581
0.440218
1.271822
1.472095
1.294486
1.083966
1.312907
0.403116
2.169592
1.632801
2.699386
0.773637
2.056736
0.354959
1.117324
1.504739
0.887617
2.243432
1.767924
2.291263
0.724630
1.907353
0.743982
1.988747
0.563116
1.812711
1.258572
1.559890
1.318079
1.873312
1.430485
1.098849
1.442372
2.333295
0.846690
2.284830
1.690245
0.509196
0.308862
2.250029
1.514005
1.859891
0.199055
1.771966
2.278134
1.547164
0.851547
0.847354
0.964418
1.188653
0.764816
1.224990
1.596596
1.913218
1.106374
1.615709
0.847420
2.200452
1.136009
0.938606
1.810175
1.459003
1.170705
0.818698
1.146325
1.351620
1.066631
2.080080
0.872245
1.861021
0.437413
2.084568
2.127679
1.942245
1.521429
0.864567
1.867817
1.269068
1.287052
2.050640
1.007992
1.409638
1.543366
1.017745
2.153471
1.264963
1.899762
1.812440
1.715502
1.314532
0.647908
1.505104
1.277362
1.878884
2.004456
0.379114
1.365384
1.036181
1.996201
0.822144
2.619554
1.007896
1.499481
1.594833
1.659707
1.561831
1.596153
2.092861
1.466856
0.484367
1.428331
1.064218
0.553409
1.146036
0.593816
0.652148
1.690783
1.975893
1.111906
2.019647
1.422628
1.933761
1.159904
3.209639
0.973944
1.851317
2.250947
1.090558
0.935249
2.021850
0.724216
0.726421
0.653554
1.062096
0.584881
0.735409
3.438690
0.846761
2.408639
1.551913
1.268857
1.232681
1.639203
2.094108
2.243019
2.261624
1.005715
3.242654
1.644864
1.997019
1.239743
1.764132
1.873218
1.808969
1.968090
0.330942
1.725803
2.456755
0.442115
0.817407
1.122762
1.095036
2.473936
1.673233
2.517541
1.276008
1.641121
1.820411
0.817938
0.866225
0.804713
2.141584
1.375114
1.865213
1.539694
1.773279
1.676184
1.320171
0.923341
1.093151
1.266201
2.109241
2.464168
2.273091
2.732267
1.070318
1.135477
0.688397
1.259874
1.325132
0.624374
2.076173
0.475016
1.685204
2.408392
1.038233
1.345341
1.288400
1.796239
1.090538
1.750902
1.174972
2.108602
1.375633
2.107566
2.387848
0.300730
1.140346
2.183290
0.596773
1.457298
1.416784
0.672536
0.623397
0.767920
1.233202
1.611104
1.584292
1.114762
1.935473
0.931115
2.513013
2.108228
0.822732
0.761602
0.918254
1.576442
0.487520
2.073336
0.921686
2.606734
1.680948
1.978575
0.974556
2.513254
0.379613
1.080383
2.074669
0.725823
1.076340
1.829680
1.387296
1.011616
0.581403
1.102056
1.414372
1.088403
1.722554
2.083003
0.431729
1.763735
1.428553
1.874993
1.514446
1.210024
2.258752
0.843909
2.060539
2.325465
1.913658
1.401952
0.750144
0.489583
1.275634
0.737950
2.051152
2.242063
1.035914
0.760420
2.152284
0.512847
1.239870
2.809278
1.225067
1.759853
2.698048
1.121792
3.189583
1.154932
2.090943
1.895385
2.798618
1.780353
2.155447
0.963943
1.311519
0.699012
0.941845
1.288021
1.450405
2.039372
1.461860
2.334890
2.323695
0.876311
0.993607
2.603213
0.908910
1.178994
1.596799
2.323900
1.135314
2.687798
1.898522
1.328048
3.357324
1.703046
0.686003
1.308520
1.366217
0.975240
1.370684
1.551252
0.946702
3.071527
1.547539
1.116445
0.828678
1.672570
1.557494
1.040620
0.979755
1.670572
0.893670
1.707916
1.124732
1.516215
1.932463
1.022834
1.178367
2.766700
0.832457
1.219017
1.049827
1.414335
1.889802
0.665109
0.702698
0.548783
0.889043
1.555886
2.036472
0.607151
0.505764
1.547656
1.750171
1.671538
1.340582
2.265143
1.057791
1.995765
0.950842
2.783940
1.810178
3.022396
2.020968
1.409622
1.796356
3.353690
0.268707
2.282092
2.837578
1.645321
1.869620
1.546245
1.955591
0.488558
1.095687
0.933371
1.047717
1.462328
1.542330
1.027732
1.453701
1.686374
2.050732
1.872402
0.631784
1.518890
0.246362
0.775585
2.559791
1.108799
3.202049
1.205451
1.006765
2.421246
1.601502
0.678341
1.262232
0.736878
1.487892
1.292346
1.254815
1.082945
1.431744
1.539648
2.380108
0.917383
1.652626
2.597656
1.066063
1.150143
1.388810
1.782437
0.278946
2.628052
1.564381
1.795676
1.773237
1.818244
1.621765
2.914020
0.766036
1.910500
1.641732
0.953140
1.125924
2.371848
1.915802
1.132257
2.847542
2.360255
1.168379
1.565394
1.873575
0.332557
0.707381
1.180622
1.471687
2.408385
1.548874
1.617734
1.951412
0.843040
2.056012
2.266510
1.518376
2.619295
1.605074
0.950843
2.886326
1.821888
1.321454
1.388562
0.769096
0.662515
1.844529
1.624265
1.729216
0.471317
1.177340
1.868305
1.667080
1.013031
1.338569
0.741706
1.572542
2.482547
0.397233
1.901592
1.629595
1.513213
3.155542
2.543359
1.525610
1.700046
2.051842
1.734873
0.749046
0.967644
1.097475
1.802493
0.968980
1.382510
1.292321
0.727055
0.316458
0.876822
1.545843
1.343851
2.315529
1.929282
0.626861
2.406856
2.100310
0.632331
1.683538
1.520592
1.663808
0.638047
1.047148
1.046116
1.845749
0.618919
0.788201
1.576042
1.458931
0.729476
1.833399
2.338186
1.817565
2.210996
1.430148
1.633584
1.054851
0.998709
1.956374
2.039769
1.380238
1.126236
2.341637
1.505575
1.787879
1.645251
3.742514
1.976760
0.396633
0.610481
0.706340
1.567208
1.407921
1.315862
1.773334
2.252243
1.478421
1.488599
2.263877
1.619542
1.457068
1.100707
1.388340
3.039426
1.444394
1.430305
2.202430
1.996207
1.890254
0.453495
3.681109
0.713704
0.279825
1.664908
1.035982
0.810302
2.343103
1.947527
0.880858
1.884238
1.641903
1.147107
0.834998
1.975227
1.527666
2.509155
2.527495
0.591909
0.825605
2.230374
1.553478
1.878237
1.162563
1.036903
2.155385
1.987260
0.808988
1.350785
1.286773
1.430564
1.830452
1.216616
2.561557
2.134315
0.798749
1.258499
1.681925
3.007959
1.520512
1.867359
0.327964
1.561856
1.265754
0.603627
0.828386
1.455996
2.045888
1.246615
1.573205
0.764744
2.200908
1.878153
1.597202
0.451844
1.332686
0.952381
1.445363
0.591134
1.666763
1.162239
1.681049
1.867132
0.620832
0.752617
1.572327
1.931952
1.846851
1.518556
1.468083
1.230352
1.136272
1.469780
1.629000
0.788498
0.755451
2.881830
1.664698
1.888363
1.408704
1.087727
1.543930
2.045496
2.760990
2.046490
1.225384
1.401121
1.174561
1.922375
2.120577
1.094911
1.648071
0.880385
1.644164
1.544556
0.976062
2.309115
2.066276
1.869236
1.228096
1.153340
1.554713
1.519824
0.719686
1.271966
1.680593
0.954186
0.653165
2.143676
0.266719
1.554483
0.809507
1.872343
1.583225
1.288522
2.575260
1.217376
1.158263
2.028379
0.955235
0.949925
2.237622
1.852459
1.592900
1.633359
1.987992
1.291934
0.827376
1.063658
1.419145
2.549431
2.026027
1.283986
2.734056
1.354412
0.373453
2.343689
0.602281
2.048074
1.888081
1.472248
1.053141
1.063920
2.539408
1.292000
1.976248
1.135975
1.278525
0.475100
0.796113
2.368947
1.718877
1.071812
0.872400
0.909197
1.379935
1.421410
0.806232
0.664433
1.457771
0.484595
2.684039
0.345847
2.448798
2.259935
1.189950
1.370594
1.086319
1.448422
0.348061
0.642814
1.107417
1.375301
1.641607
2.015776
2.273464
2.609296
2.057173
1.762862
2.210140
1.534309
2.135428
1.538400
1.348400
2.211724
1.739408
1.477880
0.644359
1.896759
1.732871
0.794918
2.262632
0.743175
1.215402
1.113228
0.585416
1.271559
0.388110
2.198260
1.311389
0.667229
1.672730
0.690584
0.930031
2.455769
0.145095
1.935429
2.364184
2.052366
1.533065
0.705194
1.906243
1.511100
1.305707
0.817383
1.045672
1.052138
1.135456
1.660344
1.212941
1.264582
1.780905
1.955651
2.241806
1.833041
0.872160
1.953235
1.119446
0.963695
0.943146
1.338271
0.976414
0.995844
2.125595
2.065095
1.708528
2.376032
0.952939
2.383395
0.812361
2.370899
1.626388
0.206710
0.616546
1.511269
1.585843
1.771757
1.549521
1.156028
2.634955
1.771719
1.269278
1.081193
0.901894
0.944797
1.573000
2.395796
1.212130
1.220509
1.223135
2.692212
0.968350
0.663486
1.127612
1.503374
0.939732
2.099008
3.418392
0.669803
2.480170
1.972285
1.181696
1.026527
1.429479
1.280249
0.792499
0.305993
0.985536
1.098380
1.729427
0.807776
1.223903
0.488317
1.220756
2.535597
1.381869
3.526266
1.188625
1.808441
1.169269
1.129449
0.328486
1.994250
2.328558
0.631809
2.132610
1.022896
1.626937
1.867976
1.009586
1.845872
1.029283
1.204963
2.488288
2.186315
2.197371
1.028096
1.437359
2.206253
0.454531
2.948568
2.404551
1.323264
2.303882
2.740567
0.822615
1.314908
1.036614
1.595482
1.390228
0.679089
1.938453
1.669115
0.670120
1.869936
2.489951
1.772237
3.479011
1.268379
1.616866
1.673145
0.348498
1.950878
0.958109
2.998874
1.334313
1.003273
1.939068
1.676684
1.718071
1.599027
1.008491
1.473385
1.561208
1.118776
1.164518
0.421224
2.527064
1.395333
1.689260
1.992962
1.392157
3.385814
1.453796
1.164875
0.805925
2.463289
2.114129
1.055471
2.549306
0.947416
1.927413
0.423770
2.014215
0.633289
0.417691
1.095854
1.004061
1.005372
1.997440
2.154014
0.693331
2.170750
1.540491
1.595889
1.033757
3.004128
0.931316
1.630534
0.863530
1.409256
1.740495
0.735055
0.490457
0.648837
2.977380
2.841525
1.674299
2.285971
0.343945
1.982925
1.107792
1.940005
2.304515
0.269566
1.697193
1.537032
1.510568
0.830377
1.015518
1.381850
0.712882
2.023562
0.990731
1.076346
1.587083
0.574263
1.537189
0.805885
1.673741
1.766239
1.312195
1.964476
0.807938
1.605413
2.099035
0.663798
0.743153
1.455653
1.306068
2.239882
0.804442
0.595418
1.891736
1.456521
2.098937
1.592077
1.138753
0.899076
1.768975
1.862582
1.779732
1.122637
0.841110
2.002707
0.779523
2.547985
1.008522
2.040642
1.403659
1.247534
0.889521
2.656416
1.402473
1.912168
2.135246
1.294985
0.852332
1.992657
1.627572
2.037515
0.616737
1.763201
1.240751
1.665540
1.641600
0.565722
1.380226
1.800981
1.299108
1.611931
1.400937
0.798897
0.696530
1.391256
0.224531
1.914018
0.444453
0.645375
2.369566
0.896603
1.326186
1.591762
1.688824
3.144523
0.935470
1.464528
1.142766
2.207370
0.787987
0.835461
1.282390
1.284860
1.256615
1.234735
1.313120
1.779994
1.212099
0.601043
1.774014
0.644671
2.379473
1.970600
1.809603
2.607710
0.929219
1.107189
2.250516
1.162061
1.717919
1.872460
1.649829
1.808950
1.403363
1.700981
2.532143
1.526027
0.883497
1.243395
1.214463
0.593014
2.324397
0.670549
1.102584
2.027960
2.103363
1.873440
0.481427
1.316495
0.940483
1.272086
1.231878
2.109446
1.016886
1.884200
1.215861
1.542998
1.136275
1.170323
1.317903
1.341903
1.658579
0.758367
1.632030
1.229499
1.266920
1.669096
2.074950
1.292242
0.360847
2.416011
1.569294
1.646950
1.728096
1.475952
0.948659
1.269715
2.431641
0.965168
0.837787
0.787991
2.667992
0.562441
0.549415
1.554426
1.750086
0.694364
2.211233
0.973573
0.537460
0.618863
0.936115
1.602373
1.777887
1.818721
1.368798
1.256963
1.230805
1.546581
0.540053
1.440319
1.963865
0.837198
1.571968
1.250739
0.843613
1.185423
1.699239
1.059708
3.432443
1.388015
1.369916
1.345247
1.120015
1.962859
0.650047
1.246211
0.694440
2.609657
2.538472
1.517854
1.612909
1.639470
0.594231
2.332141
1.412739
2.028608
1.969191
3.010707
2.096795
0.349426
2.011772
0.889012
1.878999
1.026068
1.545033
0.861144
1.328343
2.367159
1.627259
1.462761
0.560433
0.956420
1.722389
1.150985
1.265430
0.757416
1.740877
1.443904
1.173920
1.850577
1.788681
1.412865
2.447489
3.135705
2.322467
1.433496
1.966630
0.509559
1.138829
1.395556
1.768332
1.811793
1.841166
1.043399
2.426754
1.896326
0.980768
1.682829
1.406146
1.510441
1.602805
1.020968
2.341396
0.525851
2.450950
1.123077
3.473536
1.379640
0.827747
2.199220
2.274540
0.743139
1.239759
1.831849
0.510285
0.657126
1.890964
1.164839
0.969656
2.089286
1.424791
3.067123
2.000151
0.807808
0.802302
1.863850
0.730680
1.350119
1.288133
2.007940
1.185086
1.073157
1.578110
0.502213
1.150439
1.079436
1.746136
1.900163
1.737826
1.610157
1.055313
1.758957
1.795981
2.207132
1.549294
1.754828
1.789432
1.456181
0.565161
0.949674
1.269463
1.085147
1.840871
2.760058
0.894430
1.691894
0.658303
0.916850
2.606677
1.540121
1.859513
0.887129
2.798634
1.956951
2.199015
1.568100
1.671663
1.557533
0.928386
2.093240
1.874105
2.891204
1.650429
2.099445
2.735292
2.811133
2.119855
3.078669
1.689083
0.906362
1.639702
0.753597
0.953266
1.824036
1.255994
3.055165
1.671375
1.474187
1.718337
1.544800
1.399071
0.905324
1.256219
0.963705
1.465853
2.353463
0.567891
1.497817
1.078788
1.757626
1.940383
0.627559
0.899184
1.625859
0.641821
1.690148
0.930484
0.678344
1.882574
1.592905
2.521724
2.555263
2.223714
0.438639
1.486138
1.001723
0.878348
1.009379
1.264964
1.170617
2.463585
0.770474
1.691191
0.876341
1.498192
1.766230
1.449404
2.420734
1.663879
2.713221
1.760201
1.420158
1.731843
1.743008
0.997815
2.352564
1.135885
1.617775
1.507946
1.782128
0.793470
0.616967
1.500434
1.217649
0.928257
1.642710
2.180781
1.649419
1.532427
1.640789
1.347075
2.161426
1.487857
0.739757
1.000632
1.443354
1.159631
1.677893
1.951939
2.380638
1.646843
1.108583
1.186333
2.473061
0.774941
0.811149
1.352677
0.749974
0.646107
0.931562
1.305992
1.502803
1.758314
1.652138
1.837298
2.671690
0.917569
0.600535
0.611340
3.414153
1.726241
1.868722
0.965767
1.681083
1.460416
1.791056
1.779362
1.508893
1.537147
0.718574
3.192450
1.689152
1.598148
0.522683
0.551444
1.190357
0.880596
1.421733
1.277538
1.177397
1.534662
1.838840
1.528399
3.625929
1.765505
1.691209
1.372256
2.001630
1.012991
2.679023
1.429525
2.323942
1.061768
1.331195
0.793577
2.029712
1.347133
1.617004
1.481216
2.110390
2.381267
2.552903
1.059431
2.146369
1.597740
2.590668
1.757826
1.576838
2.639741
2.261915
1.412962
1.555368
0.841851
0.659374
0.998296
1.073152
1.945323
1.522066
1.631650
1.236830
1.082676
1.354833
1.815964
0.822543
0.788039
1.524505
1.066873
1.286648
1.684862
1.385135
1.889203
0.938022
2.378608
1.189911
2.235542
1.338615
1.815348
0.340754
0.977081
1.169731
0.423417
2.431916
2.696325
0.238888
2.197901
3.202662
1.254679
1.973528
1.629108
1.133358
0.998251
1.940912
3.276171
1.782254
0.303279
1.579742
1.263712
1.843315
2.326567
0.508684
1.842599
1.895766
0.355905
0.840839
2.074925
1.400814
2.376792
0.906443
1.403164
0.805356
1.635528
2.947694
1.031511
1.141315
1.169698
1.676103
0.284676
0.715620
0.376385
1.854324
1.672277
1.966249
2.091988
1.404058
1.126070
2.042916
3.365705
2.341266
1.987859
1.645506
1.344068
0.844540
1.039481
1.854825
1.749528
1.102014
1.064352
1.796349
1.771514
1.270127
2.602389
1.627129
1.148180
1.891609
1.270560
1.451664
1.805430
1.678985
1.259136
2.732218
0.646022
1.547206
1.166680
2.346701
2.315119
1.054875
0.813589
0.690346
1.097357
1.156791
0.533162
1.958279
0.918937
1.357150
1.277505
1.853553
0.534771
1.069840
2.015976
1.050957
2.610320
1.198376
1.204276
1.576698
1.712994
2.599827
1.718353
1.409131
0.946051
2.189554
0.499918
0.907577
1.269735
0.903226
2.243189
2.042209
1.312089
2.704395
1.377080
2.233932
1.783361
1.879119
0.910964
1.274585
1.520249
1.203922
0.595624
2.350602
2.145762
1.285671
2.096424
1.113916
1.709088
1.646946
0.676741
0.655656
1.900482
1.406649
1.150640
0.453885
1.694259
0.954484
0.690858
0.618234
0.640752
1.722252
1.605172
1.396877
1.384896
1.291874
2.847736
0.791416
0.884920
0.754668
0.374891
2.044002
1.337593
0.557328
0.923395
0.523695
1.389388
1.619635
0.861864
2.426035
0.446614
1.969025
1.447481
3.564632
1.833337
0.495980
0.842954
0.935585
2.998759
2.152363
2.041159
1.792244
2.391382
1.898175
2.248277
1.453720
1.706306
0.899449
2.253964
1.903278
1.315130
1.982266
2.698227
1.666967
1.032804
0.733574
1.456093
2.219704
1.631213
1.337716
1.716624
3.307009
3.890192
1.668053
1.499597
0.444751
1.437294
1.421150
1.043984
1.676048
1.604431
2.005175
1.236431
2.239934
0.856009
0.982431
0.982113
1.098069
1.232088
1.559398
1.314633
0.570501
2.650214
1.699636
2.258209
0.324691
1.346116
1.924003
2.590907
0.976832
0.752659
1.863326
1.046529
1.524838
1.425238
1.616414
0.592073
2.337123
1.944392
2.346790
1.808792
2.065615
1.934958
0.407335
0.839942
1.210461
1.469530
1.113890
1.500426
2.551830
1.248355
1.194763
2.083094
1.699739
2.422599
1.274395
1.514335
1.439197
1.282488
0.711547
2.208578
0.390918
2.719886
1.199547
1.710856
2.130068
1.013305
0.998237
1.422780
1.402189
1.077972
2.823975
2.145192
1.554252
1.899113
1.280973
1.829091
1.938809
0.882991
1.309448
0.440762
1.805336
1.722730
1.218199
0.983444
1.753290
1.530575
1.080982
2.123135
1.377565
1.519078
1.894570
3.247231
1.771084
1.278527
0.720943
0.763722
0.433045
1.331791
2.241873
0.650562
1.937351
2.051745
1.187388
1.031416
2.439320
2.201242
2.027486
0.664898
1.936701
0.645600
2.016785
1.080308
0.747157
0.646862
0.803649
1.306368
1.252296
0.937472
0.968586
2.338626
1.192398
0.890781
0.963378
1.496477
1.612992
1.262200
0.700364
1.694612
2.181980
2.192484
1.074707
2.702226
0.605902
0.648576
1.373371
0.694141
1.572530
1.233673
2.009135
3.011316
2.595666
1.166895
0.816288
1.423075
1.283670
0.475332
1.815055
2.779054
0.963344
1.077995
0.419476
1.833837
0.753070
1.799402
2.557727
1.795580
1.085085
1.537635
0.627584
0.368333
0.704585
1.675391
1.692068
1.544807
1.507022
1.380256
1.391383
1.465377
0.659800
1.874569
1.448272
1.465892
1.569465
1.538566
1.021422
1.476040
1.649721
1.044417
1.492583
1.198618
1.522540
2.613965
0.480974
0.790082
1.318548
1.720986
1.284371
1.526534
0.592488
1.503485
0.680820
1.122405
1.293661
0.794605
3.000041
1.060167
1.712642
1.097416
1.962741
1.433127
0.934956
1.800508
0.659182
1.660223
0.183256
3.115044
1.885950
1.358638
1.295530
2.412349
0.516406
1.788484
1.063376
1.957602
1.258557
0.692630
3.815110
1.435580
1.509628
2.154376
1.171658
1.860096
1.658864
1.973986
0.269263
0.922587
2.043239
1.478847
1.922161
1.505467
1.545657
0.998909
0.288950
1.768059
1.817226
0.969756
1.339297
2.347968
1.938505
1.373951
2.064267
1.278185
1.847914
2.802431
0.835334
0.514503
2.338894
2.168945
2.486811
0.573025
2.706241
1.029395
0.843518
1.790117
1.978516
1.712379
1.932466
1.512264
1.472710
1.621160
0.386325
1.326753
1.012194
1.345461
1.867613
1.232463
1.567573
0.797655
2.577093
0.816911
2.485961
1.585502
2.039789
1.732480
1.976590
1.634846
1.057126
1.666005
0.956687
0.862255
1.130168
1.942480
1.136553
1.547702
1.532120
0.801387
1.249688
2.287212
0.536665
1.702387
2.167570
1.568897
2.766542
1.128739
1.691148
1.718505
1.348838
1.654614
1.450543
2.044356
1.183069
2.324189
2.245778
1.662330
0.389923
1.292434
0.770172
1.380943
0.891628
0.985610
2.111557
2.193676
0.889960
2.051329
2.238323
1.814283
0.840342
1.060301
0.770956
0.307074
1.771663
1.882418
1.850366
1.189923
2.312657
1.290765
0.676055
0.543115
1.494182
1.359694
0.871986
1.799182
1.535056
1.396776
1.597356
0.531364
2.617280
0.937384
1.880651
1.243849
1.265300
0.680263
1.469901
1.808605
0.870421
1.763411
1.869308
1.137837
1.351438
1.535009
1.782118
0.805145
2.154901
2.314714
2.440351
1.333684
0.882074
0.304152
1.738738
1.419293
1.683969
0.687382
1.949343
2.584621
3.448414
1.811449
2.038818
1.925666
0.663963
1.168436
0.649314
2.320829
0.934982
1.292498
1.300501
1.089203
1.356778
1.402671
2.243603
1.205271
0.930819
1.198654
0.839399
1.136488
1.977521
0.866634
0.914744
1.537900
1.186806
1.598809
0.891587
1.395516
1.499315
2.098782
1.777911
1.373442
1.780246
1.299571
0.787561
0.671451
0.719412
2.259251
1.759309
2.063096
1.305859
0.542413
1.322373
0.624274
1.885766
1.563487
0.907344
0.972724
1.419623
2.069717
2.292067
1.910691
1.597035
1.316107
1.417197
1.265764
1.371713
3.295783
2.302633
1.174349
1.431508
2.447367
2.330393
1.356918
1.010834
0.731493
0.340670
0.593036
1.614324
1.243070
0.963130
2.344481
1.625812
2.170765
2.168456
1.632310
1.421258
1.805169
1.609283
1.674812
1.332809
1.579821
1.590301
1.094609
0.972615
2.571132
1.584059
1.378678
0.504107
1.060782
2.390653
0.868544
1.389072
1.850764
1.237329
2.356619
2.099516
1.273542
1.630564
2.831550
0.872554
0.780086
0.724510
1.955443
1.866676
1.181988
1.066135
1.490933
1.676183
1.192052
2.191529
2.285398
1.843185
0.852196
1.301630
2.104306
1.764210
1.729836
2.103853
1.022988
2.811901
0.632055
1.275281
2.038154
0.385691
1.106229
1.315156
1.504173
0.804752
1.738730
1.164017
0.810100
2.189389
0.513634
3.050799
0.730154
2.895493
0.965144
2.533674
1.659455
0.157185
2.119084
0.874362
1.622764
3.537839
3.896354
2.219918
1.825370
1.521162
1.297831
0.877590
2.261333
1.255470
1.357619
1.929660
1.821143
1.215318
2.037721
1.176327
1.182637
1.252838
1.269307
2.027751
0.373037
1.125754
1.598453
1.406755
0.478391
1.075991
2.007814
0.940005
1.762633
0.801259
0.982171
0.817439
1.913026
1.236931
2.772764
1.845132
1.340920
1.665567
1.130284
2.710468
1.936876
1.441833
1.147783
1.856253
1.542523
0.756136
0.879743
2.379897
3.355635
2.574429
0.750083
2.116193
1.352536
1.200146
1.570927
2.205829
1.554203
0.839640
1.516523
1.148216
1.120813
1.290513
1.938581
2.495058
1.579844
2.063906
2.217665
2.553623
1.346984
1.434351
0.994232
1.164519
0.636525
2.062460
1.725938
1.908949
3.271436
0.222274
0.715539
1.322395
1.662887
0.592199
1.703459
1.634628
2.224097
2.081364
2.642013
0.435695
0.530829
1.959141
1.234449
1.896301
1.293423
1.585078
1.423457
1.240883
2.558446
1.117712
1.588299
0.947346
0.831364
1.012674
0.751789
2.780235
1.407282
1.504352
1.475299
1.348249
1.174160
0.692283
0.753226
2.132859
1.313894
1.709415
2.104865
0.707441
1.760069
2.864272
0.599868
1.177682
1.578826
2.629662
1.576815
1.173540
1.463815
2.128261
0.674608
1.105930
1.642184
1.650205
2.743621
1.746542
2.798391
1.161933
1.949542
0.852492
1.099438
2.406968
0.535946
1.120767
1.180748
2.406402
1.080755
1.440491
1.994210
1.009629
1.993126
1.135077
0.912930
1.569016
0.655162
2.057020
1.060471
0.211222
1.106593
1.156824
0.651195
2.540664
0.741618
2.853992
1.957503
1.508974
1.676763
1.444182
0.741415
0.891721
2.073650
1.009722
2.065375
1.600913
0.961686
1.262252
2.009145
1.055550
1.781447
1.399327
2.190093
2.823596
0.756594
1.227975
2.703599
1.141865
2.018581
1.076998
1.487544
0.900334
3.066510
1.622708
0.525556
0.477159
0.832877
0.537245
2.241409
1.347005
1.673968
1.444028
1.309237
0.498887
1.768051
1.927257
1.680474
1.551747
2.562262
0.639366
1.568796
1.973265
2.275734
2.628972
2.168856
1.148514
0.730625
3.348507
1.783195
1.266659
2.021832
1.768168
1.171108
2.031820
0.435036
1.756263
1.072518
0.944292
1.681873
1.420899
1.126890
1.492182
0.816305
0.653675
0.890675
2.352208
1.145937
1.226700
1.395132
1.463920
1.993713
1.215229
1.511212
1.606858
1.585586
1.191380
2.198037
1.508786
0.676089
0.829341
0.921079
1.597200
0.580393
0.635567
1.128031
0.743927
1.126957
0.917181
1.352466
1.598218
1.940449
2.046947
2.003505
0.376133
2.065156
0.558227
1.560716
1.397129
2.082854
2.229172
1.006707
2.398596
2.336413
0.891028
0.897487
2.438544
2.671071
2.575155
1.313909
1.496989
1.110961
1.358552
1.221358
2.469765
0.630534
0.755639
0.359248
1.389979
1.497811
1.451410
2.662239
1.185654
1.822724
1.340096
0.601069
1.293392
0.920074
1.368643
0.214764
0.520821
2.993065
0.762095
1.675989
2.103833
1.657513
2.136816
0.993615
1.613391
1.084625
0.878005
1.395535
1.848540
2.556440
1.374962
0.393172
1.703248
1.646785
1.258852
1.378123
0.842117
2.015513
2.485036
1.339043
1.665350
1.810893
1.388929
1.598013
1.560757
0.961878
1.152365
1.688716
0.752130
1.895442
1.343512
1.480181
1.478696
1.754448
1.315603
1.328605
1.355660
0.656020
2.426322
0.867157
0.914421
1.253268
0.392980
1.493934
2.411665
2.008502
1.267558
1.848794
2.011774
2.311662
2.283316
2.258719
0.664005
1.630819
1.484276
1.070231
1.354695
1.349743
1.353458
1.420930
1.021248
1.685102
2.494567
0.590211
2.351779
1.417592
2.449378
0.862056
1.414875
1.425099
1.667971
1.014135
2.100864
0.894342
0.765329
0.743973
1.946829
0.260116
1.457554
2.223402
0.628039
0.756086
1.117288
1.639735
1.368404
1.653331
0.489908
1.383511
2.795920
2.086918
2.269407
2.881747
0.653120
1.471146
2.148188
1.156317
2.792100
2.253304
1.077203
0.570348
1.605825
1.594929
1.693571
0.567931
1.969204
1.581279
3.078830
0.762456
0.825425
0.854842
1.260612
1.901120
1.164639
2.520888
1.580134
1.164212
0.673217
1.592496
0.891821
1.443295
1.298538
1.133785
2.163588
1.293462
3.256997
1.553927
2.164467
2.139840
2.958129
1.719749
1.275097
1.753761
1.852261
2.513547
2.309097
1.057955
1.072961
1.781320
2.021834
2.136987
1.251186
1.699909
1.343137
0.361246
1.279761
2.263092
1.406361
0.692237
0.891508
2.168213
1.898454
0.621494
1.942039
1.824632
2.394202
1.743354
1.791720
1.146264
1.707285
0.952273
0.923421
1.717525
3.024028
1.553631
2.024642
1.441019
1.918341
1.269318
2.302728
0.873948
1.574673
1.440317
0.969495
1.593774
1.585318
1.866616
0.987811
1.621342
2.024407
1.124577
1.461494
2.114230
0.918417
1.511134
0.871973
1.335542
1.819376
2.344117
1.770193
1.352541
2.566775
2.346798
1.402830
0.723081
2.403307
1.955167
1.322205
1.360317
1.106954
0.412454
2.008145
2.176586
1.454892
1.192207
2.780241
1.932311
1.437672
1.500098
0.382783
1.235463
1.794602
0.591871
1.318270
1.086849
1.233802
0.478365
1.189358
2.303246
0.769965
1.657247
0.458239
1.332634
1.210685
1.083609
0.681270
1.532930
0.726289
2.264917
1.495086
2.170475
0.892731
1.988263
0.782152
1.240055
1.513714
1.576252
0.880981
0.590929
0.442780
0.775623
1.749783
0.831555
1.690636
1.420325
1.025431
1.986712
2.537473
1.725210
2.178892
1.105179
1.177002
0.461307
1.166120
1.254868
1.971431
0.573739
1.165238
2.191174
1.672643
1.025497
0.997040
1.264469
2.055863
1.350441
1.623010
2.844926
1.850323
0.643819
1.228781
1.200484
1.383362
1.559483
1.739937
0.921908
1.249374
1.234401
1.345582
1.112373
1.036406
0.355846
1.023246
2.022657
1.378404
1.288629
1.246287
1.212964
1.104342
2.212276
1.768131
2.227833
2.975856
0.694009
1.083841
1.022755
1.678071
1.331167
1.712719
0.789657
1.733112
2.028835
2.120837
1.774013
1.539677
1.840936
0.567729
0.838590
1.158507
2.351709
1.015151
1.109593
0.661912
1.063348
2.006956
0.724278
0.996168
2.370848
1.904263
1.122492
1.666836
1.648869
2.460088
2.221540
1.003771
2.519855
2.049115
2.713613
1.122683
1.640467
3.521350
1.048078
2.098267
2.066644
2.132886
1.227273
1.945679
1.598458
1.378579
2.546154
1.014552
1.683241
0.965960
2.213452
0.501789
1.276592
1.725525
1.150944
1.470413
1.189708
1.739196
2.078252
2.221529
1.464183
1.651688
1.665628
1.945342
0.866323
1.551316
0.766875
1.781015
1.608351
0.998997
1.654181
2.721834
0.869301
1.497595
2.118432
1.604235
0.477927
0.766779
0.642370
2.374533
1.120653
2.099802
1.266784
1.631289
0.822299
2.074926
2.821380
1.320821
0.764997
1.202541
1.714854
0.973571
1.206813
0.561906
0.840468
2.563757
1.665846
2.545184
1.951101
1.041370
1.111475
0.996564
1.029147
1.207668
1.176488
1.848735
1.523009
2.346795
1.227073
1.627953
1.193619
2.137235
0.962347
1.733906
0.462336
1.059090
0.973996
1.214085
3.231635
1.985583
1.627598
1.715982
0.722858
1.166477
0.951053
0.886399
0.853209
1.748210
2.242981
0.777358
1.744880
1.393546
1.411772
0.991956
0.364524
1.238434
0.529998
2.281668
0.555422
3.321013
1.652486
0.469316
1.017799
1.588499
0.978665
2.173689
1.821797
1.525923
1.860112
1.416844
0.764731
2.996280
1.369844
2.175572
1.912587
3.228561
1.508214
1.396406
1.684209
1.890760
0.831713
0.888825
0.776542
1.158108
2.157176
0.786904
1.489974
0.915439
2.266530
2.288102
1.741531
2.340660
1.579203
0.822979
1.029589
0.747430
0.951088
0.956737
1.583678
0.472769
1.414277
1.884662
1.373378
2.566292
1.183037
0.990781
1.783378
0.567753
1.497299
0.950568
0.871586
0.836307
2.010987
0.802150
1.333546
1.428151
0.639807
1.108107
1.061832
0.665075
1.219752
1.369342
1.582999
1.721461
3.295374
1.643688
0.938346
1.228184
1.711057
2.275868
1.070132
2.097236
1.799972
1.772781
1.024140
1.726812
0.999395
1.858833
1.040024
0.587160
0.850965
1.273105
2.244511
2.432317
0.796974
0.570080
1.831353
0.837202
1.417122
1.738366
1.215875
1.159446
2.714826
3.211891
0.632711
1.916682
1.973653
1.856221
0.584708
1.225100
1.550244
2.102681
0.775665
1.171456
1.160246
0.992710
1.893968
0.550642
0.770569
1.120644
0.835809
0.766031
1.048103
1.950661
2.241403
1.808292
0.727080
1.017458
0.538529
1.970662
0.993312
2.129512
1.553818
1.745120
0.135167
1.219218
1.018855
2.048306
1.561924
1.484512
1.371323
1.732448
1.390723
1.451678
1.815162
2.342510
1.908483
1.917547
1.817983
0.771508
1.579733
2.062023
0.961513
1.354038
1.020099
0.900340
0.174962
1.957133
1.246705
1.830569
1.802732
0.640024
0.776751
1.475562
0.860760
0.764512
1.109192
1.338810
1.887983
0.830388
1.018113
3.764682
0.437637
2.266461
1.609844
1.442703
2.321430
0.981015
1.157498
0.933028
1.037670
1.546576
1.015085
0.458002
1.644772
0.713428
1.196649
1.437178
1.754220
1.620219
0.847130
2.274941
0.937746
3.078975
1.064839
1.998834
1.023855
1.325567
2.213195
1.839125
0.636325
2.063267
1.579348
0.975997
2.753004
0.535812
1.762056
3.034419
1.733292
1.082820
0.530320
1.654155
2.048783
1.531106
1.995222
1.492572
2.271460
1.731964
0.789716
2.245963
1.543419
0.882224
1.507111
0.977049
1.314358
1.555501
1.432523
1.593418
2.745336
0.473308
1.449184
1.392939
0.837048
1.488290
0.893063
1.175471
2.672814
1.809586
1.618109
1.823538
1.336224
1.253301
0.628587
1.167163
1.031211
1.381923
2.243533
1.318976
0.571089
1.669301
0.552718
2.113687
2.544129
1.357894
1.049464
0.855271
0.925117
0.774961
2.005446
1.511408
0.976996
1.070891
0.337553
1.586341
0.945938
0.739869
1.501916
0.577679
1.153337
1.907249
2.889266
0.743730
1.765255
3.342938
1.665816
1.094079
1.775504
0.357507
1.046033
1.405724
1.588403
1.390746
1.245217
1.024378
1.593725
0.562788
2.278240
0.863452
2.113889
1.169037
1.523824
2.304783
1.573443
2.013684
1.905293
2.390147
1.035185
1.172555
0.968223
1.932040
3.158766
1.472165
0.246084
1.068920
1.916582
2.164553
1.518154
0.680441
1.566035
1.289297
0.820008
1.133041
2.219917
2.761068
2.079179
0.826077
1.614645
1.885115
2.500034
1.217914
1.108029
1.658085
1.272400
2.104656
2.727265
1.107109
0.846798
1.291782
1.960383
1.166171
1.064505
1.239416
2.429667
2.051215
1.175078
1.454772
1.511339
1.355339
2.286570
1.531868
1.433792
1.395370
2.019756
1.456395
1.163227
2.035643
0.640345
1.487316
0.300936
0.866033
1.482781
1.772265
1.720254
1.542215
1.412553
1.492221
1.947332
0.681832
1.922222
1.671925
1.760467
0.995935
1.333276
2.291036
1.981635
0.963066
0.702483
1.921026
0.525450
1.499937
1.467714
0.987744
2.726135
1.502112
1.128356
0.512857
2.224952
1.298022
0.962167
1.711461
2.035760
2.174155
1.586889
1.439296
1.702458
1.270696
0.572413
2.209167
1.068056
0.799315
1.285490
1.367505
0.851289
1.230917
1.066039
1.252365
1.189730
1.919669
1.567902
2.024311
0.724334
1.395378
1.347818
0.594482
0.897024
1.679304
0.144459
1.588602
2.239143
2.082850
2.528955
0.500668
1.258811
1.304688
2.008935
2.234383
1.824624
2.090372
1.527522
1.486146
0.443719
1.172424
0.890644
1.504018
2.233375
1.509283
2.191639
1.319088
0.696099
1.765131
0.908572
1.068531
1.257194
1.505208
2.528906
1.278604
1.228396
1.100207
1.702995
1.249096
2.543772
2.610627
2.793230
1.723297
1.591430
3.497650
1.394579
0.453398
1.362067
1.416541
0.541500
0.642910
1.556064
1.244456
1.015665
1.620146
1.270272
1.350753
1.075842
2.099998
0.920337
2.082102
1.144543
1.435999
2.860060
1.547727
1.208932
0.159021
0.845151
1.168889
1.604898
0.234875
1.429396
1.286800
1.143337
1.389449
1.799255
2.069279
2.328356
2.608879
0.987988
0.570128
1.086573
0.788056
1.099136
1.190785
2.257161
1.003713
1.869202
2.225005
1.629070
1.922745
2.600810
1.508206
2.215224
1.809629
1.818033
0.167718
0.752726
2.234778
1.701638
2.176936
1.820488
0.859904
0.936101
1.640704
1.443388
0.999425
1.570032
1.328125
1.885411
1.479685
1.349040
1.664111
2.870913
2.547486
0.499741
0.880977
2.048942
1.770966
3.320954
1.163845
0.722325
1.249665
1.460651
2.611849
1.401186
1.931388
0.945840
1.541746
1.382235
1.316657
1.397630
1.678068
0.470994
1.416112
0.323029
1.772624
1.025832
1.830712
0.467570
1.073676
1.615643
0.435380
0.770276
0.368863
1.916674
2.378856
1.246394
0.972330
1.175083
1.231764
1.598349
1.283404
1.040518
3.040682
1.548561
2.936633
1.066448
1.166457
2.023361
1.602541
1.320810
0.807001
1.699426
2.122050
1.877688
0.742552
0.966697
1.236114
1.007036
2.214709
1.015888
2.212567
1.943631
1.139134
1.175572
1.276408
1.087924
1.641584
1.511540
0.905593
2.109380
1.290537
0.686488
1.183853
3.267915
0.802313
1.978245
2.402583
0.144495
0.739840
1.036229
1.630488
1.174153
2.309076
2.151861
1.341503
0.980058
0.737508
1.703373
1.828031
1.654416
0.565905
2.266389
1.395753
0.841977
2.018280
1.109897
0.925785
1.552355
0.951663
1.681006
1.429786
2.430096
1.089606
1.047451
1.103355
1.929827
1.064959
0.966403
1.043711
1.075009
1.494515
1.641869
1.041754
1.115540
1.677102
1.984096
0.696065
1.590407
0.475158
2.527190
1.173844
0.637097
1.174128
1.467899
1.892764
1.199366
0.613603
1.689019
1.024484
2.358309
1.917462
1.482773
0.998448
1.714927
1.522375
1.433343
2.060526
1.400392
0.774158
0.435203
0.806381
0.502782
1.853140
1.154561
2.142123
1.648068
1.398077
2.501543
1.738897
0.838546
1.354898
1.298155
2.057160
1.305842
2.617326
1.076158
0.787087
1.460392
0.858908
1.822585
1.077811
0.920435
0.893523
1.215751
1.213663
1.093933
1.652016
0.818729
1.047372
1.559844
0.556059
1.742116
1.259773
1.539024
1.951939
1.416741
1.768241
1.334527
1.671621
1.280859
1.600194
1.782563
1.136476
1.261880
0.951479
1.673885
1.405214
1.495778
1.627385
0.578080
0.836035
2.668900
0.865438
2.004539
2.545937
1.909833
0.861021
1.374250
1.778513
0.743553
2.640208
1.551030
2.756734
0.690745
2.340719
1.072108
2.329271
1.308513
0.831154
1.434831
1.260582
1.077638
0.967320
1.365610
1.144637
0.839665
0.843781
1.018915
1.552028
2.200782
1.686072
0.934431
1.057631
1.745867
1.405658
2.262913
0.865935
3.019576
2.044374
1.905633
2.880903
1.028298
1.693975
0.837218
0.490419
1.927447
1.971904
1.013665
0.729904
2.624484
1.394422
0.578729
2.675319
0.941068
1.474552
2.727678
1.366590
1.364198
2.074850
2.303387
1.519870
0.601662
0.725216
1.962939
1.789177
0.902291
2.273318
1.248948
1.421690
2.896086
1.040402
1.564184
1.392595
1.332413
1.568293
2.772068
2.471575
2.246351
1.632406
1.467652
1.311618
1.334776
1.398329
0.952306
1.901735
1.365089
2.782987
1.695176
1.454523
1.723317
0.967525
0.317175
1.757675
1.170452
0.923007
1.217387
1.199824
1.500912
1.289537
1.458481
1.416170
1.530768
1.126350
2.294335
1.049096
2.692857
1.185247
1.217947
2.184326
1.776216
2.006270
0.820932
1.044336
0.704146
1.743415
0.936819
0.848806
3.171538
0.717020
1.469575
1.137661
1.488900
2.586756
1.850811
1.406484
1.626107
1.308555
1.182576
0.649261
1.577796
0.437021
2.241516
1.471874
1.917531
0.672527
0.771933
0.831578
1.292026
1.503780
1.018081
2.195562
1.519663
1.551419
2.747126
0.964041
0.552388
1.633654
1.851589
1.404849
1.128418
1.271039
0.902864
1.747476
0.549970
2.315506
3.155355
0.515778
1.936535
1.001938
0.922271
1.373787
1.198987
2.266832
0.405955
1.260410
0.876070
1.479244
0.798952
0.466752
1.646987
1.667143
0.635904
1.620486
1.886799
2.309637
1.211697
0.995273
1.420755
0.555386
1.656700
0.813171
1.532191
1.060577
1.233900
0.419453
1.945283
1.463238
2.816551
1.393393
1.182349
3.176106
0.573153
0.535787
1.822532
0.720638
0.693230
1.607746
2.240181
1.196771
1.402783
0.569677
1.076853
0.698148
3.012775
1.531275
2.206190
0.095815
2.524539
0.552846
0.652047
0.212690
1.769653
2.601390
1.572814
0.608205
2.359249
1.246339
0.822151
2.330956
0.844525
1.914807
0.891183
2.038127
2.138367
1.440592
1.480293
0.388789
1.970464
0.897320
1.317645
2.670865
1.140120
1.556809
1.672633
1.718474
1.275977
1.047326
1.339586
0.265357
2.135850
1.619565
1.532582
1.954197
1.680593
2.482972
2.708765
1.106377
2.453418
2.228714
2.063172
0.803781
0.941245
1.207128
3.572888
1.366505
1.346440
1.663106
1.246802
0.994547
1.310126
0.341847
1.543536
1.604088
1.209152
2.783963
1.474746
1.515261
1.533768
1.899957
0.819450
0.353610
1.039782
1.419334
2.103024
0.646893
0.753869
0.610007
0.923886
0.767023
2.415807
0.583022
1.248777
2.054564
1.230126
1.426810
1.738249
2.349281
0.976297
0.931082
0.943300
0.501408
1.094866
0.812974
1.228267
1.305627
0.836452
1.526589
2.607904
1.475530
1.006907
1.559447
1.504829
0.628436
2.079197
1.370991
1.689577
1.376365
1.534964
2.367472
1.745572
2.286544
1.984737
1.093564
1.810180
1.616357
0.424445
2.106758
1.561292
1.859633
0.798574
1.933249
1.840423
1.845149
1.376542
1.361036
1.509133
1.362898
1.235034
1.158766
2.139387
1.416437
1.505303
0.558171
2.045743
0.781860
1.234930
1.566068
1.347640
2.600901
2.491529
1.053358
1.667220
1.591618
1.819812
1.117135
0.725517
1.417914
0.432641
0.709005
0.509162
1.519380
2.364687
1.217522
2.947333
0.972981
1.653903
1.212109
1.543693
1.847953
1.543776
1.578425
0.575035
0.881037
2.116625
1.266945
1.126979
1.674722
0.549956
1.853400
1.944706
2.131468
1.074645
1.348000
1.295842
2.328549
2.855204
1.859352
2.141127
1.232427
1.112916
2.164648
0.455034
3.348528
2.704002
1.942396
1.917106
0.967233
1.640741
1.664234
1.244246
0.651179
0.360544
2.707641
1.279922
1.668580
2.329628
0.418347
2.201992
1.356323
0.814002
0.650838
1.319573
0.490313
0.282671
1.431175
1.749594
1.293709
2.829751
1.163709
2.315300
1.703667
1.367272
1.903787
0.689695
1.128233
1.642213
1.448442
1.620184
1.454112
1.120536
1.153607
1.667809
1.200701
1.131570
2.378878
2.589318
2.231148
1.150268
2.118899
1.233484
1.596067
0.834782
2.155167
1.432459
0.914501
2.851747
1.825667
1.067782
1.304510
1.862885
0.927036
1.365071
1.869424
1.151514
2.063182
2.303675
1.106709
0.726790
1.623070
2.765187
1.026962
1.193035
1.012729
1.809424
0.855944
1.216937
2.082455
1.073554
1.354852
1.674034
1.016305
1.146194
1.792905
1.326252
1.223191
1.614013
0.892622
1.941359
1.291726
1.531322
0.845741
1.495525
1.564067
2.461587
1.339528
0.777131
1.442384
3.097256
1.053799
1.448928
1.135662
1.329067
1.486872
1.274981
1.359788
0.598703
1.829086
1.625562
1.761024
1.800754
1.384185
1.192595
1.757023
0.806215
2.371667
1.490400
1.324481
0.685315
0.306569
0.543340
1.640177
1.965489
1.231528
0.721275
0.814022
1.143420
1.399006
1.932271
1.060418
0.740913
1.415708
1.933359
1.707211
2.371022
1.976258
2.182951
1.033183
1.188228
2.328174
0.752576
1.679863
0.770376
2.273707
0.596078
1.106646
1.012396
0.547612
2.030919
2.701961
1.077993
1.689244
1.975417
1.420990
1.575236
1.914594
1.444862
1.518875
1.420943
1.451991
2.648171
1.787939
1.938150
1.133095
0.775272
1.603602
2.509574
1.571115
1.267600
1.339198
1.511340
1.305303
0.545049
1.641329
0.629225
2.089561
0.702411
2.114352
1.833396
2.032444
0.784484
1.135554
1.525635
0.414309
0.324728
2.250233
0.914326
1.150453
1.282494
0.558539
0.691837
1.360099
1.721364
1.204836
2.092304
1.330181
1.278234
1.104035
1.629688
1.002821
1.002865
2.097479
1.697471
1.295929
1.549827
1.469055
1.128179
1.550124
2.025486
1.756095
1.921879
1.994550
1.802148
1.388032
1.798279
1.737796
0.715364
1.031146
1.078418
0.707961
2.060756
1.248379
2.536630
1.299484
2.383349
1.060759
0.974869
1.032561
0.882657
1.014006
1.537716
1.299486
2.102800
1.610086
1.065891
0.759099
1.114285
1.019328
2.080414
1.801141
2.499161
1.244543
0.777536
0.501546
0.951971
1.316310
1.118240
0.348387
1.227435
0.734693
1.243063
1.740322
1.977544
1.474746
1.357924
0.422668
1.222856
1.010006
2.318707
1.129079
0.613477
1.604471
1.155092
1.285655
1.314290
2.679984
1.765075
1.609844
1.445352
1.332041
1.465718
1.133541
2.011658
1.247171
0.865710
1.152244
1.317512
1.735758
1.523666
1.596689
1.486966
1.529901
0.664515
0.571135
1.638123
2.921451
1.002382
0.765110
0.587254
0.619765
0.629114
1.365288
2.343703
1.225861
0.949652
0.925386
2.339712
1.785042
1.955911
2.102035
0.552516
1.447162
1.436191
0.927039
1.819074
1.925764
2.531639
1.136925
0.612866
0.571809
1.420489
1.962321
2.552412
1.444862
1.680462
2.185638
1.888864
1.182628
2.677664
1.840958
2.075720
1.546690
0.964789
1.834056
1.158569
0.467449
0.848860
2.319238
0.961616
1.994969
2.032610
1.386807
1.281620
1.034319
1.007686
1.789959
1.837055
2.213721
2.274556
1.236962
1.960816
1.607243
2.546007
0.751438
1.197136
2.852197
0.985830
1.540618
1.212122
1.660910
1.359563
2.063647
1.154874
1.363534
1.447805
0.482135
0.969492
1.369413
0.987706
2.304554
2.298101
2.039257
1.954007
0.944037
0.928751
2.446051
1.357806
1.346068
0.493232
0.910670
0.280892
0.784446
1.714541
0.509371
2.281607
1.689865
1.173807
2.093161
0.967873
1.616569
2.653103
2.142800
0.835554
0.647808
0.966694
1.416842
0.735024
1.202690
0.501263
0.992035
2.218008
1.044904
1.726494
2.300993
1.617224
1.894797
1.395356
1.344756
0.673916
1.238778
0.370694
1.146459
1.041141
0.816009
0.758577
2.971125
1.751448
2.088235
0.795958
0.731962
1.965748
0.810700
2.204967
0.972558
1.281745
0.649323
1.414731
1.501819
1.944072
2.607581
0.798605
2.580681
1.506520
2.943877
0.863519
2.071216
2.150813
1.238283
2.524614
1.379413
1.297502
0.985927
2.151402
0.622079
3.010070
1.283306
0.596226
1.324624
1.852623
2.564013
1.798539
0.837553
1.024619
1.394281
2.289880
2.895151
1.077136
1.507158
1.899667
1.552248
1.646351
1.118564
1.659923
1.738251
3.387778
1.751240
1.584487
1.160004
1.903146
1.007343
2.124655
1.329052
0.916062
0.791324
1.401487
0.367715
0.579532
1.312670
0.416684
1.244802
0.736429
1.313910
2.603791
1.444592
0.748387
3.252755
1.350034
1.342922
0.718709
1.483020
1.266010
2.026425
2.634343
1.525609
1.271563
1.162279
2.188507
0.805157
2.811136
2.468926
0.670903
0.927357
1.447829
0.605385
1.360767
2.543720
0.492828
1.528445
1.958781
2.043149
1.243269
1.379835
1.968082
3.029687
0.925586
1.087842
1.254058
3.599107
0.954356
0.940392
3.051527
0.703465
0.808028
1.406712
1.059570
0.273241
0.370778
1.331106
1.030946
1.579181
1.070051
0.719241
1.899574
2.722594
1.512855
0.619195
2.151044
0.719890
1.811109
0.834691
2.453827
1.519319
1.674317
2.550625
1.713721
1.995152
0.889475
1.115084
1.161019
0.741249
1.648890
2.186507
0.810946
1.673165
0.673264
1.311465
1.109877
1.692749
0.809545
1.253205
0.498144
0.658596
1.275505
1.895044
1.371878
0.661763
1.625215
0.900890
0.804426
1.960434
0.677497
2.722845
1.244030
2.172354
2.642360
0.697753
1.600587
3.052983
1.565106
2.245086
2.079845
1.263257
0.742522
0.891264
1.177062
1.808419
1.312220
0.970928
1.807859
1.431767
0.915368
0.253002
1.201462
1.420147
0.873981
1.126893
0.858874
2.279301
1.041778
1.368071
0.837133
1.441656
0.674394
2.350147
1.670253
1.176105
1.993441
1.701425
1.387637
1.374919
2.427647
1.027789
2.023578
1.699834
1.457571
1.879523
1.830758
1.251393
1.035010
0.903630
1.273587
1.781906
3.025093
1.470802
1.883306
1.543721
1.877100
1.646851
0.899109
1.815424
1.390242
1.058979
3.313522
2.569954
2.857828
1.582726
1.423475
1.166656
2.488291
1.540491
0.711879
2.712914
1.065632
1.391933
0.653367
1.459099
1.024690
0.835360
0.758434
1.037219
1.249802
2.302236
0.970532
0.829008
2.888757
2.388466
3.571791
1.712611
1.616406
1.966814
0.897889
1.002157
1.341629
0.834718
2.078770
1.703777
1.277430
2.500878
1.077827
1.573014
1.025191
1.368469
2.400827
1.537794
1.659958
1.724246
1.097806
1.084764
1.110663
1.666992
1.488235
1.937581
0.948482
2.269344
1.392826
0.833513
1.452217
0.578947
1.471737
2.280609
1.127487
1.544716
1.341677
1.573046
1.948989
0.286335
1.733065
1.547256
2.816488
1.740463
1.038150
1.905871
2.440093
1.037759
1.066363
1.949054
0.828422
1.442302
1.606011
1.102287
2.161295
2.163836
1.486804
1.478156
2.037817
1.470902
1.170099
0.979546
1.252470
2.053716
1.704283
1.218104
1.789208
0.873661
1.427832
0.606443
1.684173
1.141638
1.909412
1.502008
1.808044
1.076372
2.608731
1.958098
2.386164
1.311066
2.825904
1.941226
1.747189
1.032608
1.564190
1.363774
1.015862
1.663913
0.219913
1.633022
1.560795
1.153059
1.067253
1.707132
1.040144
1.362562
1.636801
1.019796
1.761898
1.631643
1.900210
1.570688
1.523961
2.112131
1.297966
0.937187
1.025355
1.156300
1.568892
2.223161
1.785829
1.231852
1.313844
0.850093
0.514080
1.030444
0.832698
1.534879
2.536416
2.086630
2.114992
1.544579
1.951099
3.165989
1.544864
2.822471
1.719099
1.441199
1.766914
0.567842
1.310939
0.749188
1.073777
1.342527
0.268391
1.200309
1.937999
0.961955
1.301004
1.063356
0.130616
2.551706
1.145194
1.241654
1.279429
2.224106
1.227460
3.617285
0.956330
1.601890
0.798757
1.062221
2.343583
1.269590
2.573590
2.004047
1.145935
1.992636
2.295748
0.955663
1.354348
1.033348
2.321462
1.152005
1.058694
1.714740
1.268633
1.686602
1.043511
0.832057
1.079956
1.292108
1.427458
0.451216
1.025673
0.868841
1.189023
1.158210
1.328119
2.721843
1.573217
1.574907
1.997855
1.415114
3.949335
0.909698
2.002832
0.792963
1.088299
2.098520
0.680932
1.114525
0.778387
1.265968
0.614428
1.469268
1.081044
1.159164
1.529162
1.702925
2.152640
1.631439
0.986495
1.588243
1.731194
1.334754
1.943246
2.064255
2.390404
0.434689
1.782306
0.908748
1.744480
2.343370
0.497490
2.872754
0.592932
1.268938
1.003114
0.455386
1.865811
1.864719
1.957194
1.317561
0.834574
1.288327
1.556533
0.831785
0.913841
1.097696
2.450497
1.123489
2.573181
1.883539
0.399202
1.422803
2.453650
1.670206
2.211595
1.412295
1.037921
1.470897
1.706650
0.354049
1.530270
1.541640
0.613714
1.478728
2.133496
0.855687
0.573193
2.392219
1.360826
1.344445
1.560331
2.521096
1.129420
1.384935
0.625760
2.112255
1.493824
0.431531
1.557938
0.795299
1.313109
0.420595
1.331764
1.375289
0.882730
2.284549
1.443370
1.059630
2.294788
0.399564
0.851330
1.415620
1.970895
1.038465
2.427584
1.556761
2.774388
0.986193
1.960545
1.895226
2.769918
3.423009
1.584724
1.243769
1.313231
2.660536
0.957410
0.470012
0.845010
1.359637
1.668473
1.684652
0.968850
1.978734
1.865466
0.941427
1.119353
2.469365
2.383576
2.349801
1.645804
1.520257
2.631785
0.775152
1.730136
1.416084
2.213821
2.337689
0.524503
0.883189
1.086362
1.467577
1.606644
1.531658
2.788432
2.887297
0.813818
2.159566
2.277374
1.339203
1.258869
1.661484
1.864361
1.560098
2.195343
2.435797
2.606018
2.136584
1.013605
0.828914
0.858912
1.460173
0.655340
1.392408
2.773020
2.086285
1.219873
2.100766
2.338178
1.666242
2.261105
0.531725
1.954299
2.687630
1.432498
2.817730
0.601661
1.442125
1.070004
1.627953
0.886576
1.232924
2.805050
1.774520
1.755033
1.327175
1.805879
1.417801
0.907391
1.492614
1.581308
1.808604
1.655457
0.953571
1.049327
0.628178
1.519792
1.230644
1.317283
2.555028
1.737493
0.846543
1.127096
0.368247
1.524756
1.003659
0.627936
1.505168
1.172250
0.422803
1.508639
1.578079
1.503435
2.828474
1.692139
1.331525
1.371245
1.616074
1.430461
1.791869
1.289317
0.702927
1.050358
1.220694
0.384126
0.733392
1.852656
2.203136
2.091623
1.118177
1.898733
1.223225
1.900898
1.072479
1.494203
1.846970
0.719914
1.029456
1.338716
1.222055
0.923561
0.617147
1.433528
0.782250
1.352123
2.187086
1.327921
0.863474
1.343095
0.448167
2.192955
2.198498
2.247522
1.871023
2.083732
1.123933
1.459423
1.388250
0.814691
1.371028
0.847249
1.044486
0.992054
2.075160
1.261298
1.520980
1.088661
2.311901
1.404809
0.659838
2.210077
1.040605
1.711171
1.698311
1.757616
1.335559
1.813885
0.984265
1.980422
1.292476
2.075054
1.407498
1.884901
0.432755
1.932297
0.726085
1.369093
1.402835
1.314893
3.010237
1.978371
1.156488
2.030178
2.571456
0.941971
0.983138
1.119793
1.160680
1.844256
3.069295
1.250263
1.438063
2.169038
1.486161
2.465551
0.934019
1.609895
1.982572
1.564708
1.148985
1.898055
0.936513
0.799652
1.352882
0.848770
0.651954
1.963181
0.985922
1.496078
2.246657
1.114470
1.414643
2.490586
1.130432
0.752089
1.556289
2.685830
1.031464
2.036717
1.354708
2.022161
1.904467
1.839219
1.084279
1.603937
1.062231
0.755603
1.426354
1.396522
1.127952
0.935487
2.444980
2.367580
1.201831
1.063695
0.768173
0.764867
2.655807
1.115229
1.316688
2.161963
1.014562
2.986307
1.765663
1.584166
1.097763
2.167199
1.020781
2.901385
0.872570
0.963916
2.365962
2.491758
1.729972
1.805370
0.860866
1.611551
2.289768
1.031105
1.304154
2.268195
0.794696
1.667219
2.056419
1.037897
1.999139
1.715420
2.062143
1.720959
2.513684
1.421904
2.629542
0.859267
1.032161
0.659604
1.033117
1.174388
1.364184
1.225477
2.393726
1.976220
0.801829
1.814411
1.402616
1.017205
2.038255
0.954469
1.319670
1.428925
0.692204
2.357485
1.265158
1.112454
1.547414
1.042498
1.484265
0.360158
0.892455
1.098174
1.899326
1.835484
1.133599
2.174271
2.079704
0.865363
1.733769
2.035582
0.300021
2.221431
2.151081
0.557122
2.373812
1.733791
1.650852
1.432781
1.923833
2.177826
1.007877
1.149252
1.697853
1.166201
1.522487
0.954543
1.213720
1.527351
1.461646
2.468185
0.825630
1.335549
1.012012
1.798334
0.458076
1.402970
2.357730
0.960400
1.137491
1.200894
0.795925
0.565670
1.004129
1.796440
2.977474
0.524077
1.388939
0.548822
1.571097
1.244118
1.078067
1.042445
2.146851
1.208093
1.241603
0.650375
0.754393
1.325146
0.861966
2.291931
0.551896
1.794336
1.559239
0.534009
2.100112
0.842100
1.423045
1.761865
1.929337
2.096798
1.007894
0.822919
1.699332
1.589791
1.134709
1.145307
1.353036
1.270173
1.909428
1.312807
1.427383
1.950783
2.277756
0.832320
1.234069
0.855572
1.622810
1.216499
1.298521
1.123733
0.988577
1.394544
2.382962
2.440942
2.070704
0.743102
1.632067
2.360128
3.114036
0.664685
1.256658
1.069135
1.629183
1.719645
1.884989
1.648592
2.782664
1.493933
0.816007
1.933234
2.235060
1.000920
1.222496
0.611317
1.458107
0.648009
2.367545
1.644733
2.437803
1.105261
1.007376
1.478646
1.280432
1.746851
1.608085
1.405941
1.270851
2.261387
2.165155
3.245031
2.990189
1.095120
0.921405
1.683451
0.441903
0.854318
2.014730
2.138231
1.430277
1.451840
1.982980
0.929939
1.316137
0.999665
0.882475
1.006462
0.683245
1.389744
2.011009
2.390006
1.009200
0.760703
2.265065
1.479747
1.722170
1.051710
1.761901
1.561070
2.412889
1.203157
2.048747
2.033750
0.998869
2.533119
1.736402
1.010826
1.959879
1.758248
1.417947
2.015235
1.676969
2.334391
1.391500
0.392277
2.079415
0.513198
0.734650
0.450026
0.782132
3.041611
1.109073
1.388626
2.102063
0.504778
1.498319
1.022971
1.284509
0.702383
2.271535
1.204091
2.308749
1.882611
1.379924
1.353488
1.637938
1.634181
1.764708
2.187699
2.413470
2.523077
0.996747
1.193092
2.434260
0.662507
1.125703
1.345257
1.618267
2.831746
1.046772
1.938914
2.597787
0.505379
1.514774
1.546270
2.496211
1.884793
1.074646
1.724865
1.315798
0.931862
3.155688
0.607483
1.656473
0.649704
2.144083
0.319602
0.287714
1.631418
1.638475
1.403882
0.284136
1.647812
0.577837
0.845046
2.325222
2.107916
1.702366
2.582079
1.450158
0.952562
1.427382
1.166122
0.716908
1.727810
1.496527
0.585088
1.123801
1.293028
2.475143
1.013444
1.817037
1.598096
2.375909
2.201897
1.181982
1.392501
1.079186
1.361497
1.319115
2.482893
1.239555
1.169576
1.988206
0.495946
1.056537
0.503331
0.937038
1.181092
1.127168
2.546845
0.561963
1.051383
1.104462
1.348604
1.166076
1.656175
1.186226
1.485889
1.361575
1.083616
2.798941
1.496852
1.356787
0.855253
1.415022
1.722163
1.231479
1.716662
1.255094
1.794299
1.915670
1.930031
0.929154
1.049346
1.805259
1.313371
1.107537
1.426266
1.889364
1.535405
2.688580
0.828886
0.601745
1.662043
2.189345
1.536023
2.126576
1.690048
1.076834
1.412746
1.122618
2.466501
1.064836
1.027619
0.406681
1.883938
1.262275
1.618271
1.265700
1.510811
2.265756
0.515803
1.654183
1.894689
0.426819
0.993022
1.704594
0.860113
2.452345
2.497363
2.436385
1.925519
1.413935
2.052876
2.141750
0.703267
2.395526
1.110627
0.761652
2.333021
2.051546
1.915312
0.797440
1.665570
0.970337
1.197628
0.239043
0.679774
2.304070
1.349932
1.186856
1.410160
2.088133
1.762527
1.340374
1.733132
0.571108
1.554031
2.465850
0.808237
1.014510
1.721140
2.490922
1.038054
0.693548
2.349819
1.376113
2.495745
1.382169
1.247480
2.463683
1.140338
1.052097
1.895125
1.502303
0.961360
2.050014
1.099149
2.609989
1.565920
1.230999
0.890211
0.808928
1.005101
2.010741
0.903434
2.465580
0.803486
2.047423
1.756447
1.885073
2.024958
1.585196
1.947380
1.517909
1.651403
1.048658
1.907054
0.997113
2.470118
0.605706
2.389265
1.791673
1.426840
1.374947
1.113083
1.169376
1.307322
0.411544
1.553069
1.775025
2.648883
1.884263
1.242135
1.797736
2.262746
1.413014
0.892201
2.031172
0.845617
0.580939
1.645907
1.036173
1.967544
1.958468
0.885060
1.498544
1.939046
1.593270
1.264480
1.659990
2.241350
1.726288
1.122200
1.273052
1.883044
1.222734
1.066903
1.992511
2.086670
0.387843
2.216511
1.190744
0.591130
1.806142
1.012841
0.711607
3.109386
0.201516
1.929442
1.996129
2.066225
1.558426
1.819228
0.663776
0.912409
1.779988
1.648582
1.607450
1.495122
1.969258
0.365380
2.146814
1.948788
0.426039
1.704001
0.994158
2.082026
0.549805
1.449969
0.359020
0.720913
1.255374
1.198834
1.147056
1.090543
1.369166
1.367623
2.229024
1.610915
3.109818
2.194391
2.253834
0.831802
3.070636
1.714789
1.953464
1.209673
2.523817
1.038173
1.695169
1.156136
2.585883
1.998374
1.760803
3.036668
1.967454
0.949469
2.993493
2.535398
1.566109
1.586571
1.265661
1.107810
2.191082
1.623783
2.135384
1.263472
1.937945
3.147814
1.663545
2.507459
1.757182
0.482756
1.811435
1.223433
1.689703
0.798545
2.438172
2.726906
2.438608
2.581330
1.029096
1.330318
1.411902
1.391326
1.508271
1.579567
1.311274
1.417809
1.670347
2.148068
1.773709
0.664029
2.441529
1.459458
3.493735
1.400341
1.789758
2.685490
1.819168
1.566477
1.332190
0.752503
1.252603
2.377772
1.308935
1.295215
1.875196
1.902259
1.369173
2.206143
1.048080
2.382976
1.362428
0.694753
2.233727
2.769524
1.754812
0.761843
3.008559
0.771792
2.258254
2.849047
1.949659
1.507081
2.057940
1.835409
2.640135
2.279630
2.685240
1.372573
0.959568
1.411849
0.697176
2.552795
0.515271
2.365030
1.114594
2.680676
2.202690
1.129007
1.111119
1.864489
1.971599
0.915802
2.348338
2.191911
2.384047
2.423314
0.680132
1.351775
1.260892
0.873616
0.923465
1.995249
1.318372
1.524016
2.472157
1.194317
1.749766
1.674167
3.420769
1.430704
1.981665
1.024893
2.391245
2.003651
0.911714
1.949178
0.987218
1.896588
2.176671
1.622598
1.303218
1.850568
0.778323
1.644380
1.010352
1.359178
2.163853
0.162727
1.500423
1.841759
1.825585
1.311903
2.256328
0.997177
0.768990
1.991292
1.858066
1.681147
1.805514
1.665918
1.564219
1.005996
1.549667
1.489660
2.060613
1.149152
1.440369
3.253615
2.591495
0.655335
2.130653
1.158573
1.897155
1.608175
1.923605
2.053817
0.871726
1.054817
1.085230
0.496762
1.262229
1.081090
1.749950
1.660713
1.538516
2.674231
1.048111
1.848498
1.140456
2.625358
1.475523
0.702614
2.519913
0.655886
0.908026
0.568535
1.364910
0.704212
1.427290
0.456544
1.139723
1.933384
1.752044
0.734398
2.033129
1.192670
1.369439
1.624704
2.819892
1.179015
1.499067
0.871494
2.051602
1.826671
2.292448
1.050202
2.060159
1.797568
1.270768
0.720168
0.992628
1.093516
1.894979
1.090659
1.094719
2.352936
2.458767
1.407468
1.978778
1.209122
0.895660
2.279653
0.604847
1.485513
0.763688
0.735735
1.124551
0.585245
0.625237
0.817804
2.324133
2.232520
0.096526
0.984915
2.281861
2.233522
1.723043
1.228562
2.311520
1.150095
0.827116
0.920352
1.540141
1.686789
1.806807
2.690416
1.868536
1.704562
2.227959
0.607614
2.160938
0.824263
1.806124
2.001208
2.570449
2.140350
0.965435
1.359670
1.429804
1.192402
1.833819
1.188041
1.139649
1.013996
0.652291
0.625032
1.069284
2.486672
1.806346
0.737352
1.790911
1.762256
1.983826
2.118451
0.856997
1.743684
2.125701
1.836351
0.926436
0.894453
0.970742
1.708599
1.348218
1.720212
1.205700
1.898764
1.642576
1.158214
1.047908
0.588918
1.193525
1.700245
0.463343
1.918379
1.900517
1.840831
1.849251
1.903871
1.276727
1.591084
1.231292
1.064887
1.127525
0.813932
1.664990
2.426405
2.186570
1.034089
2.123103
1.193412
1.507363
1.511883
1.194945
1.751348
0.779989
1.901307
1.387833
1.915306
1.418721
0.742470
2.046637
1.334817
1.292153
1.401524
1.375074
0.461965
0.785363
2.007008
3.378711
1.948034
2.003807
1.458086
1.521170
1.614448
0.804850
1.669639
1.396562
1.301209
2.769893
2.074949
0.946323
0.579972
0.834295
2.095818
1.336772
1.487255
2.144675
0.906383
1.015603
1.481554
0.835023
1.551496
0.837794
1.850935
1.227328
0.829861
1.170053
1.607202
1.151443
0.924618
3.247332
1.896644
1.931345
1.113346
2.318011
1.644840
0.482295
0.880928
1.904433
1.747692
2.584610
1.800291
1.526664
0.966923
1.643058
1.032391
1.763249
0.555197
1.484817
1.600528
0.897743
1.228387
1.482600
1.457359
1.159866
1.641318
1.130501
1.596740
1.345467
0.607881
0.997657
1.609554
1.484318
1.014672
0.473760
1.179465
2.041227
0.789211
1.171714
1.556205
1.759049
1.385179
2.074406
2.417879
1.433891
1.530719
0.410248
2.194351
2.582359
1.053502
1.365365
0.920781
1.512849
1.150334
0.829916
2.174747
1.614298
1.838411
3.287132
1.863041
1.083128
2.264838
1.862609
1.243120
2.466159
1.117149
1.689739
1.921051
2.082670
1.319377
0.865041
0.967162
0.851547
2.645110
0.193905
1.677093
2.374183
3.691679
1.402255
0.853345
2.774010
2.016603
1.773958
3.322988
1.713201
1.206265
0.752074
1.378849
1.099969
1.911776
1.616108
1.344252
1.457118
2.068471
1.886926
1.404762
2.044593
1.731493
1.485048
2.433632
1.629655
2.617518
1.265102
1.234107
0.840243
0.463941
2.203246
1.628375
1.330141
2.533978
1.614005
1.075642
1.018870
1.865171
2.073544
1.163582
0.929655
2.921958
2.439657
1.338244
0.577854
1.829262
1.371245
3.061151
1.021038
0.436062
1.053312
2.286023
1.033532
0.946268
1.350219
1.809260
1.959681
1.646250
0.772585
1.480407
1.347189
1.704590
1.674792
1.138338
1.380406
1.268740
1.634022
1.885248
1.737940
1.892576
1.429608
1.173482
0.655381
2.212370
1.004082
2.460109
2.110964
1.991957
0.718371
1.840134
1.287790
1.923755
1.292425
1.200661
1.491922
2.032510
1.719612
1.794152
2.348052
1.258518
1.899992
1.087691
1.042143
1.371301
1.243339
1.923087
0.746106
0.227041
1.761154
2.240162
1.985952
2.488313
1.624245
2.134562
1.044527
1.259012
1.123667
1.904559
0.597594
1.285516
1.292839
1.585422
1.820212
1.227645
1.443374
2.096560
0.826188
1.033953
0.656139
2.233328
0.828530
0.915809
2.619012
1.657986
1.928545
2.472406
2.212056
1.622372
1.329878
0.550452
1.256426
2.097743
2.318415
1.141156
0.786721
1.697334
2.378471
2.453113
1.928670
0.774703
1.487158
0.664206
0.823254
1.583889
1.182850
1.405866
0.714500
0.427695
2.957937
2.083362
1.424097
1.862455
0.977431
1.154212
1.550929
1.187541
0.535832
1.060023
1.476845
0.849053
2.166323
0.804990
2.718140
1.680330
0.365815
1.928795
1.853101
1.707113
1.228633
0.726641
2.094672
1.360759
2.036579
0.422074
0.911864
1.974024
2.202551
1.802809
0.652194
0.389445
0.683431
0.828211
0.978061
1.449810
1.466322
0.965999
1.656176
1.977552
1.449633
1.484980
1.976871
1.163758
1.051417
0.821249
0.952364
1.746848
1.100545
2.747679
2.092736
1.024562
1.254363
0.890289
2.343721
1.498489
2.237394
0.562713
0.855404
0.563160
2.293928
1.351831
0.964426
1.462367
1.405536
1.457243
0.680173
0.779413
1.494270
0.984523
1.977073
1.464475
0.617071
1.596821
0.574820
1.488794
2.516857
1.559089
1.039303
1.425244
2.370819
0.618892
1.117638
0.715707
2.156579
2.148110
2.696745
1.473352
1.201455
0.918144
2.057272
1.971491
1.391692
1.612341
1.147986
1.389711
0.842890
0.954200
1.922775
0.698505
0.981540
1.688216
1.199393
1.353954
1.012510
2.393433
2.766262
2.704731
1.925278
1.405937
1.395751
1.105774
1.174436
1.707287
1.185215
1.517521
1.028282
2.045791
0.893429
0.784114
1.165755
2.227784
1.155392
2.132497
2.037303
1.052678
0.959267
1.586885
2.048458
1.087972
0.537629
2.531045
0.313096
1.549176
1.802960
1.991399
2.322482
1.744656
1.549582
1.931229
1.243193
1.667556
1.154193
1.366079
1.667395
1.343807
2.073709
0.865362
1.080349
1.171102
1.442887
2.232886
1.230859
1.589767
0.657330
2.247765
1.350257
1.721217
2.322741
1.196140
1.208678
0.799657
1.112954
1.361668
1.898284
1.688176
1.599289
2.057940
1.563011
1.053647
1.758645
1.326861
1.777096
1.780132
1.007587
2.853671
2.740730
1.059716
1.563373
1.826035
1.024355
1.191320
1.557656
0.269704
0.394240
0.877812
2.554235
0.850621
1.731835
1.279894
0.231326
0.999797
1.195967
1.377231
2.632792
2.650409
2.035167
1.407516
1.593074
0.910599
2.528571
1.666970
1.308400
1.910008
2.821973
2.139903
1.637603
1.400902
1.383294
0.629823
1.988722
1.024254
1.243087
0.708470
0.807383
0.666163
2.194596
1.103407
2.245447
1.961339
1.506123
1.393010
1.478113
2.823236
1.193913
2.260403
2.908130
1.108244
2.398070
0.474444
3.111869
0.691628
1.004466
0.603832
0.926914
1.274313
1.206407
1.512585
1.874388
1.311724
1.650015
1.884130
1.890861
0.790748
1.440107
1.990347
1.766380
2.093036
2.070888
0.192853
0.993073
1.060316
2.008910
1.530465
2.238845
1.913402
1.108133
0.622063
1.486646
1.632317
1.300350
0.564682
1.614818
2.145562
2.686614
1.664203
0.905152
1.574702
1.873664
3.172050
2.939179
0.955689
1.409763
1.721011
1.225879
1.811587
0.784451
0.655067
1.328480
1.156039
1.183730
0.658976
1.807609
0.924819
2.191558
1.205639
1.328099
0.255962
1.206050
1.620122
1.507317
0.843524
2.656422
2.305582
2.186961
1.903452
0.878145
1.226495
1.280732
1.577375
0.696660
1.855058
1.379247
1.957388
1.614302
1.606604
1.335344
1.625206
1.347675
1.476888
2.458638
2.026505
2.629836
1.351953
0.949563
2.050996
1.731672
0.805507
1.542186
0.467965
1.593289
1.155117
1.632994
1.938056
0.805599
0.944352
0.784092
0.556062
1.084511
1.973386
0.568457
0.799519
0.928426
0.584664
0.824645
0.710459
1.269715
2.561188
1.459842
1.700312
1.115202
2.309825
2.225229
1.724117
1.904666
1.312355
1.573617
2.602080
1.064991
1.731275
1.317671
1.343206
0.657399
0.850925
1.587772
1.713183
1.460591
1.080198
1.502126
2.358024
1.771683
0.808944
2.535435
1.811818
0.787442
0.548407
2.276784
1.813951
0.368144
1.619562
2.150845
0.066846
0.979089
2.212715
1.792918
1.508854
1.407755
2.258329
1.559082
1.215977
1.021584
1.543492
3.226974
2.296027
0.910723
1.275828
1.566169
3.026154
2.458787
0.551946
2.075557
1.256297
0.920531
1.356404
1.214638
2.514781
1.470517
2.088287
1.293502
2.205139
0.740392
1.972918
1.474848
1.145551
0.808533
2.515122
1.447201
2.514143
2.176690
2.064020
1.356162
0.801845
1.313195
0.687285
1.459690
2.063339
0.835348
1.962557
2.518953
1.309185
1.509051
1.657935
2.193630
2.109768
1.373836
0.600099
2.183124
1.761350
1.144800
0.940252
1.836636
1.029397
2.112588
1.815739
1.837316
0.654331
2.705492
0.657780
1.947224
0.949704
1.004647
2.153902
1.272232
0.936666
1.130484
1.168388
2.716400
0.908673
1.845122
0.909599
1.928546
1.499638
1.562429
1.853278
1.412785
2.297218
1.788874
1.253739
1.945359
0.687382
1.650961
2.827828
1.916356
1.652893
1.003815
0.678977
1.654641
1.755585
2.547415
0.382672
1.510511
2.650150
2.102444
1.342259
2.202401
1.632019
2.016076
2.993679
1.584924
1.477253
2.667039
2.857361
1.270805
1.493843
2.120993
0.649932
0.668655
2.904725
0.685055
2.121824
0.935661
1.979068
1.222095
0.668460
1.168863
1.094830
0.351004
1.287609
2.558893
2.714101
2.435047
1.142615
1.558447
1.258790
1.866613
1.220534
0.394241
1.098731
2.129693
1.034211
0.712691
1.003455
0.454128
1.347220
1.033953
1.693752
1.398669
2.017071
1.326213
1.398978
1.225508
2.750299
1.476091
1.110588
1.171852
1.294229
1.497537
1.695373
2.458744
0.762241
1.750205
1.414940
1.168145
2.248055
1.731501
2.062079
2.090438
0.864370
1.476429
0.718225
1.445436
1.044595
0.835055
0.867166
0.978676
1.801779
1.060936
0.920666
1.866149
1.633350
1.209202
0.736926
0.697860
1.195334
2.524228
0.817145
0.875824
2.217180
2.159436
1.074842
3.183025
1.991073
2.757445
1.447362
0.547466
0.438201
1.884718
0.811665
1.238880
2.974583
1.229158
0.747666
1.395714
1.422205
1.625006
1.379368
1.160823
1.705061
2.276436
1.622761
1.326228
0.541132
1.122184
1.684435
0.580776
2.506902
1.730104
2.575657
1.079958
0.840122
0.974045
2.221926
1.320279
0.544909
0.992960
0.680555
1.695533
0.743575
2.213918
2.776551
1.653760
0.459516
2.680076
1.698614
1.703637
2.360302
1.629349
1.454138
1.633057
0.421123
2.191531
0.519472
2.517121
0.998072
0.299093
2.148971
1.432086
1.099695
1.346012
1.662088
1.082734
3.449762
1.617523
2.545188
0.994676
2.843048
1.560790
1.889787
2.269077
0.623442
0.248839
1.391975
2.920239
1.669185
0.688209
0.356230
1.650090
0.588521
1.860133
1.758207
1.112127
2.415023
1.225705
1.228112
0.924494
1.994636
0.808531
0.838929
0.986031
1.769178
1.308510
1.959142
1.215443
1.539522
2.986302
1.902894
1.490885
0.846598
1.407700
1.060479
1.284952
1.371598
2.373017
2.195310
0.275768
0.593970
1.463246
1.063559
1.153613
1.526584
3.798485
1.284587
1.071951
0.431379
2.708087
1.283677
1.462893
0.691748
2.685600
1.042673
2.007124
1.078969
0.290349
1.597175
0.719600
1.327070
1.326499
0.840944
2.908277
0.690177
1.670677
2.152311
1.182406
0.941225
0.139946
1.148686
1.878132
0.649625
0.823966
1.511211
2.323053
0.641337
1.397669
2.334019
1.080223
1.609540
1.703743
1.786971
1.555905
1.666671
1.226071
1.967236
2.037556
0.562231
1.794462
0.924673
1.534857
1.028331
1.725534
1.011374
1.709289
0.893065
2.368105
0.602593
1.460348
1.933353
1.609034
1.711598
1.626010
1.779579
1.124685
0.893895
2.641208
1.940289
2.017937
2.042082
1.944591
1.508367
1.533978
0.922736
1.106961
0.831898
2.484897
0.340783
0.637928
0.652449
2.338172
1.314317
1.445490
1.700836
1.821092
2.537896
1.673521
2.282259
2.476018
2.701945
1.612423
2.133431
0.903839
0.901448
0.801167
1.587670
1.555352
1.417612
2.362587
0.847195
0.889037
1.923521
1.806247
0.318676
0.837845
0.888954
1.343063
1.649891
2.057184
1.484644
1.437460
1.456866
0.504194
0.595821
1.286147
3.122155
1.346518
1.004814
1.402822
0.739795
2.079873
1.022338
1.076829
1.653482
1.116698
1.293884
0.973396
2.114018
2.082401
1.267081
1.212186
1.208334
0.780363
1.399771
0.820831
2.087473
1.552669
1.238763
1.005804
2.184173
2.248848
0.526668
2.779889
3.021992
0.892462
2.468256
1.443221
1.600108
1.369851
1.828035
2.275609
2.298417
2.633192
0.813506
1.488169
1.977936
1.577945
0.884648
1.410759
1.203278
2.287898
1.601727
1.562926
0.758022
1.093538
1.974330
1.044610
2.463829
2.180303
1.143971
3.471725
1.545057
1.301623
1.318325
1.469358
0.286767
2.058202
0.604734
1.630318
0.998822
1.136067
1.572934
1.084700
0.661096
1.341408
0.793634
1.911047
1.684593
0.816485
1.908432
0.959052
2.607240
3.397988
1.514739
1.956201
1.540821
1.977130
1.480700
1.616563
1.805337
1.157254
2.012784
1.890519
1.252135
2.401732
0.670295
1.267907
0.958922
1.644037
1.873740
1.084515
1.447129
2.421943
2.320701
1.599431
0.391173
2.420203
2.151746
2.190116
1.509219
0.734850
1.590136
1.933972
1.145173
0.408448
1.238069
0.967765
1.195581
0.595101
1.317400
0.952609
1.413969
1.501781
1.675225
1.503187
0.545313
1.870741
0.751677
0.349440
0.752441
2.112951
1.318303
0.679965
0.448011
1.262850
2.096765
1.992392
2.093263
2.393609
1.393016
2.476833
0.890765
1.771117
2.519842
2.399748
1.442476
1.414358
1.574743
2.305837
1.195467
2.247815
1.884544
1.531534
0.803295
2.003044
3.049763
1.707903
0.256034
1.757581
0.769520
1.564658
1.038148
0.419386
3.248988
0.732141
1.096854
2.014245
1.751883
1.236504
1.526201
0.926280
1.636393
2.435609
1.532643
0.886028
2.157679
1.798401
0.280063
1.366351
1.475188
1.257983
2.127740
0.866967
1.414066
1.967193
2.367623
1.838886
1.496454
0.785467
1.420082
1.394661
1.817010
1.841032
2.111353
1.485242
1.793626
0.757657
1.068671
1.297645
1.180639
3.402669
1.844623
0.536845
2.282240
1.787772
1.986929
0.892894
0.919425
1.784030
2.734562
1.502129
2.587043
0.987178
0.812753
1.441965
1.425273
1.282869
1.502869
1.215725
1.215001
0.642518
1.604267
1.966291
1.849284
1.446785
2.017797
1.078961
0.634516
0.559397
2.117097
0.760683
1.317680
1.609465
1.590344
1.026965
1.415803
2.782674
0.905377
1.675294
1.241244
3.767035
2.415403
1.973353
1.425521
2.664051
0.928353
2.186285
1.769652
2.079698
1.896216
1.736048
2.318397
2.564812
2.157294
1.427492
1.541094
1.913785
2.651790
3.153205
1.345352
2.020553
0.756291
0.804764
2.861888
1.342052
1.563157
1.637342
0.692118
1.560770
1.215739
1.581035
2.836999
0.735977
0.561664
0.621578
2.430677
3.000262
0.961293
0.792758
1.100841
1.232359
1.520180
2.274072
1.738395
2.062259
1.429121
2.544576
1.421088
1.295050
1.055670
0.719413
0.546451
1.067114
1.160617
1.666288
1.082659
1.106290
2.873185
1.620767
2.043245
1.412522
2.419562
1.247896
1.020386
1.564478
1.290247
0.500313
1.186890
1.120999
1.356137
1.623301
0.269264
2.723983
3.023303
0.757309
1.655772
1.167488
1.802972
0.626164
2.296668
0.534297
1.711839
1.108150
0.445602
1.978306
0.856314
1.902990
1.502453
1.128154
1.067683
2.044770
1.027346
0.918110
0.225080
1.585129
1.710616
0.864547
1.109026
1.514046
0.784371
0.911339
0.809542
1.687398
1.579471
1.665576
2.250244
2.075650
3.554758
1.735234
0.817602
1.661925
2.457723
1.660187
3.606525
0.887864
0.843421
2.165512
1.798720
0.340670
1.969839
1.569212
1.515785
1.434183
0.513512
1.404078
1.877514
1.318835
1.355031
1.375669
1.016369
1.132341
1.556825
0.764392
0.832509
1.502871
0.755886
1.110210
0.284481
0.936243
1.133050
1.017580
0.748502
0.589857
1.102058
2.106084
1.500086
2.791798
2.606338
1.416212
2.111955
1.380894
2.043813
1.569585
0.529698
1.372433
1.917405
1.110715
1.395847
1.414174
2.298108
1.121452
0.972565
0.941772
1.342321
1.942201
2.592423
0.587878
0.955570
2.047275
1.136553
1.358065
2.319997
0.776060
1.327247
1.898608
0.118686
0.891963
0.804116
2.016072
1.370002
0.428735
1.508327
1.872211
0.975982
2.370957
0.876581
0.541170
1.536966
1.941169
1.531087
1.344607
0.729182
1.405171
2.520067
1.690392
0.226786
2.930540
1.401793
0.617516
0.731860
0.724387
0.776958
2.715295
1.539501
0.650655
2.178655
0.868755
1.314328
1.932293
1.995727
2.014192
1.632512
2.518638
1.837390
0.374828
2.276076
2.157220
2.176861
1.171236
0.691276
1.227043
1.641865
1.528795
0.546921
1.344230
0.709946
1.612987
1.307647
0.791886
1.087072
0.693581
1.313649
1.176804
2.050067
1.732569
2.136191
0.440962
2.365973
1.096345
1.102500
2.491901
2.055602
2.122484
1.186326
2.240731
1.744228
0.506067
2.141403
1.560823
1.268135
0.938183
2.155276
0.761980
0.504986
1.100397
1.291860
1.208584
1.915069
0.106257
2.546648
2.296365
1.281395
2.031873
1.128113
1.408755
1.363155
2.056064
2.079736
0.660400
1.843645
1.246572
0.960880
1.553282
1.064677
2.130172
0.572529
3.049200
0.298649
2.146440
1.390290
1.799046
0.417764
2.217000
0.791222
2.676896
1.256816
1.513285
2.596606
2.448749
1.947496
1.769958
1.692827
0.689803
0.837485
2.619915
2.083631
0.677595
0.880740
0.048557
1.471346
1.292993
1.904972
1.050750
1.522827
1.659065
2.281902
2.018271
0.837178
1.348737
1.061640
2.125543
1.098016
1.543232
0.837358
1.904845
1.766659
0.758169
2.336393
1.217281
1.299125
1.168342
1.269144
1.774260
1.267527
1.953930
1.095956
2.161871
1.343211
1.253350
1.356759
1.793526
3.166276
1.562087
1.614934
2.064238
1.252140
2.009635
1.621238
1.276188
1.508482
1.313956
1.564258
0.729554
0.683768
1.831876
1.017370
0.931470
0.640605
2.377490
1.976915
0.731650
2.262474
1.343280
1.359682
0.968553
1.871811
1.589987
2.641014
3.126569
1.615613
1.348869
0.897151
1.193414
1.598786
2.338688
0.662987
1.341442
1.170098
1.810169
1.505419
2.368584
1.984118
1.083186
3.049871
2.452244
1.148992
1.159836
1.269929
1.639157
1.349424
1.522994
2.719436
2.000834
0.198597
2.170667
1.072205
1.424627
1.391472
1.179529
1.492725
0.839602
0.906964
1.252656
0.968633
1.024614
2.372831
1.771471
1.588865
2.650806
1.720121
0.710036
1.143717
1.884428
2.253666
1.894279
0.628768
0.824421
1.328812
1.008293
1.640261
0.663068
1.547185
0.814500
1.455299
1.088739
1.292189
2.105019
1.768710
2.138495
1.123287
0.501400
1.938641
0.930494
0.493219
1.674213
1.917576
1.566374
0.591606
2.438965
2.699515
3.076336
1.344230
1.539670
1.580682
1.192956
1.932673
1.752565
0.771190
1.329919
1.280640
0.968137
0.958800
2.428554
2.518183
1.599774
1.105444
1.422360
1.392144
1.715995
1.588335
1.595589
1.615251
0.869010
0.268624
1.839219
1.553594
1.397842
0.661940
1.379550
1.499616
2.221608
1.942401
0.680725
1.264281
2.734367
1.389327
1.205398
2.140013
1.847018
1.552276
1.354728
2.488976
0.319325
1.163686
2.971811
0.805896
2.183744
0.138517
2.950699
1.620652
2.034115
2.923886
2.644603
1.791202
0.307128
1.162608
0.664723
0.812156
1.624017
0.672747
1.513348
1.550534
1.081949
2.018255
0.557950
1.864429
2.537410
1.690396
2.365518
1.273898
0.299137
1.334410
1.233068
1.772308
3.171827
2.535909
1.642126
2.071234
0.608249
1.344627
2.270416
1.521152
1.330581
1.329047
0.961226
1.041065
1.819516
1.969561
2.153298
2.568453
1.732057
1.288626
1.625372
1.328663
1.498939
1.443034
1.182238
1.776357
2.208264
2.144589
1.216997
1.086168
1.335797
1.434501
1.199886
1.535069
2.086049
1.321676
1.788169
1.893535
0.822542
1.412842
1.125659
1.050474
1.004095
0.721663
2.288884
2.261418
1.905662
0.889392
1.437375
3.108152
0.403794
1.988563
1.641905
1.219995
1.233988
0.766014
1.067569
1.009669
1.665162
1.318546
1.080299
0.833466
1.263221
1.313169
0.932364
1.151324
1.575358
1.105078
1.178096
1.854562
1.077057
2.588694
1.550802
0.755631
1.894314
1.766956
2.541264
1.073711
0.739465
1.208275
2.068990
2.479278
1.459694
0.964922
1.316304
2.010776
1.046891
2.146820
2.092647
0.759544
0.402241
2.156665
2.894157
0.913096
1.755294
0.748750
2.767726
1.297811
1.184628
0.983370
2.102107
0.722014
2.325827
1.581467
2.099997
0.913757
1.369316
1.589283
0.773227
0.630944
3.248303
2.206843
0.847483
1.119783
1.433964
0.399049
2.275694
0.346242
1.240501
3.122716
0.633049
1.186064
0.811307
1.022529
2.364832
1.123903
2.078996
1.393155
1.771577
1.504452
1.364623
1.393435
2.163183
1.840697
2.170945
0.641755
2.504994
3.649381
0.627548
1.397241
1.185188
1.316969
2.330152
1.540264
1.425551
2.059533
1.941754
2.071662
1.805002
1.735494
1.231098
2.107689
0.659283
1.213471
1.156210
1.025233
1.260026
0.590420
1.511565
1.238144
1.874971
1.232394
1.821737
0.280311
2.381739
1.892713
2.009620
1.062474
1.613476
0.623308
1.927863
1.499503
0.952912
1.022908
1.497686
1.577831
2.879140
2.316496
1.695498
2.816964
2.103898
1.033793
1.888320
0.800810
1.221303
3.410868
2.290509
2.166258
1.267682
1.035805
0.826000
2.277926
2.160380
2.199462
0.980463
0.652180
2.865913
1.899358
0.188286
0.701342
1.204242
1.101503
0.648001
1.307959
1.810371
1.513834
1.252649
1.910930
1.756877
0.805908
1.503341
1.374757
1.196844
1.753580
0.843416
1.979103
1.168613
1.373358
1.324283
1.987241
1.318051
1.640777
1.866542
1.475612
1.352461
1.952757
1.740560
0.650203
1.802224
2.524963
0.690972
1.479236
1.913893
1.012167
2.091562
1.956321
2.214623
2.224986
0.509831
2.915880
1.057970
1.388424
0.596077
2.291312
1.187289
1.707008
1.601079
2.702205
2.044924
1.185348
0.360013
2.318880
0.716058
0.948534
2.486061
0.931470
0.783439
0.367537
2.311721
1.072202
1.264877
2.579333
1.614744
0.829190
1.158066
1.789020
1.093772
1.670661
2.165807
2.010487
1.597416
1.910558
1.331455
1.681313
2.017008
1.889779
2.972580
2.082790
0.870406
0.721801
1.341639
1.125879
1.269959
1.102595
2.084104
1.984210
0.770437
2.275984
1.912627
2.484773
1.009388
0.717746
2.392651
0.941712
1.709043
1.505662
0.851963
2.035061
1.814010
1.483820
0.931310
0.767908
1.961249
1.006796
0.901733
1.188563
1.737170
2.296287
2.190410
0.633370
1.373489
1.090546
2.539326
1.603134
1.042918
1.476767
1.395989
0.770457
2.193663
2.444058
1.793812
2.306001
0.933042
1.312726
1.574846
0.690986
2.458930
0.757180
0.693040
2.113350
0.580395
1.673586
1.031277
0.825873
2.190415
0.926283
0.731009
1.001113
1.040034
1.745049
1.512042
1.133095
1.402977
2.472024
1.721864
0.715155
1.686172
0.678538
2.100681
1.849218
0.628490
1.243742
1.678010
2.278616
1.307399
0.688557
1.266819
1.325372
1.971704
1.023010
1.833524
2.301650
0.632164
1.020776
0.727381
0.943255
2.577515
2.512175
1.107424
1.146284
1.261557
2.223470
1.457857
1.895032
0.987000
1.875201
1.025930
1.975335
0.788664
1.180926
1.901735
0.799442
1.716256
0.823737
1.505897
1.390147
1.092241
0.967881
1.340352
1.274212
2.286503
3.292490
1.808655
1.321905
2.216945
1.022468
1.682238
0.365890
0.824229
1.479136
1.384172
1.459822
1.671748
2.503374
1.154842
0.293568
1.956518
0.299886
0.341793
0.934113
2.038975
2.603261
1.962273
1.658950
1.242291
1.039969
1.143065
3.227054
1.365640
0.861736
2.041508
1.318103
1.250046
1.750738
0.421295
1.729567
1.607850
1.793589
0.650876
2.088764
2.309433
1.507101
0.767003
0.912725
1.679179
1.604405
1.842280
1.240272
2.029060
2.078003
1.296451
0.811814
1.598114
2.247885
1.190857
1.325337
1.828773
2.823134
2.173059
0.968384
0.815401
2.498146
3.087707
1.579933
1.820176
1.894915
1.603917
1.172449
2.564307
1.852994
0.731106
1.279579
1.106937
1.166982
1.403506
0.773900
0.972436
1.651071
0.850529
1.449509
0.799624
0.989692
0.901674
1.443340
1.278185
1.557293
0.688138
2.518133
0.679635
2.152489
1.225502
0.989715
1.845739
0.988760
1.707312
1.833815
1.319997
1.381932
1.580108
1.814343
1.891602
0.516370
1.730571
1.157082
1.236290
1.700756
0.541577
1.967367
0.984577
0.632518
1.752481
1.566702
0.895708
1.621517
0.491202
2.088690
0.669699
0.894768
1.379205
3.572145
0.791836
2.425916
2.419107
1.976194
1.340024
1.957894
0.512360
1.541582
0.959704
0.887795
0.734550
1.020016
0.604771
2.854646
0.862410
1.474248
0.976666
2.429712
1.973371
0.945899
1.338262
1.895809
1.115534
0.989064
2.021778
0.869313
0.768022
1.572396
1.114543
1.281988
1.471262
0.798417
1.702402
1.313526
1.449681
1.535086
3.410137
1.700398
2.920599
1.528407
1.707471
1.395908
1.864174
1.477728
1.046936
1.099527
0.593068
1.081753
1.667336
1.324943
0.408214
0.614103
3.078798
2.155130
0.993021
1.504980
0.542194
0.768241
1.853623
1.424503
1.358169
0.496293
0.563867
1.627799
1.348188
1.105147
0.498318
1.693663
1.200427
0.980041
1.731058
1.002967
1.420535
2.870593
1.014959
1.576222
0.753853
2.243818
2.116804
2.550347
1.334005
2.238806
1.681928
1.311064
1.864273
1.378650
1.267983
3.024387
1.429860
1.407430
0.972709
1.873707
1.165905
2.234285
2.107261
2.104030
0.374895
2.517528
1.431231
2.427922
1.880715
1.050582
0.885439
0.993733
2.408398
1.519690
1.283960
1.007507
1.490805
1.215152
1.474705
1.200652
0.946867
1.894912
1.671245
1.076163
1.931427
2.339724
1.249174
2.524581
1.509698
1.648437
0.772029
2.191108
0.942875
1.867419
1.111383
0.919697
1.613118
1.083079
0.906428
1.473512
1.629064
2.992790
0.770335
1.655900
0.813246
1.330056
0.593820
1.690047
0.795367
1.573716
1.462894
1.471761
0.703149
1.738973
1.054289
0.778402
1.927422
2.528751
1.328439
1.970106
0.752657
1.341271
1.034096
1.202547
1.868262
2.049162
1.504852
1.030788
1.246271
1.747264
0.885721
1.151835
0.926791
0.233982
1.518506
1.989488
1.557333
1.371967
1.349022
1.699189
1.432111
1.070499
2.304161
1.009329
2.584885
1.014165
1.173318
1.056200
1.158733
1.915756
2.231675
0.745399
0.645649
0.818193
0.803799
2.171325
2.210259
2.145237
0.835038
0.668774
1.516879
1.232214
1.739491
0.438457
1.737952
0.745301
0.637809
0.786813
1.472621
1.964727
0.646434
1.657682
0.478742
2.481084
2.080206
0.680949
2.454012
2.282375
1.374649
1.335230
0.725020
1.684515
2.531746
0.532990
2.281339
1.810337
1.279287
1.759803
2.178204
1.929942
1.662420
1.549782
1.295752
0.728562
1.746053
1.427968
1.391839
0.986958
0.689603
0.753199
1.047911
1.433248
1.620995
0.360502
1.328277
1.691862
0.875385
0.400035
1.605608
2.135590
0.578876
1.352970
0.904051
1.758042
1.848588
2.319726
1.850806
1.746646
0.912841
1.140441
1.026852
2.013373
0.294933
1.141600
1.232302
0.871504
1.956693
2.126198
1.101818
1.549593
1.117239
1.737143
1.921293
1.932577
1.057311
1.514977
0.854401
1.295442
1.118151
1.946197
0.867117
1.489826
0.861622
1.231936
1.198478
2.234860
0.825762
1.517270
1.413352
1.847089
1.471626
1.394444
1.814733
0.573899
1.300290
0.655299
1.127207
0.759775
1.339382
0.499333
0.939007
0.918411
2.084946
1.466061
2.365593
2.121574
0.933861
0.866258
1.826841
0.706060
1.465178
2.073645
2.147209
1.641715
2.545225
1.947064
1.741975
1.348261
1.790534
2.316605
0.863268
1.386087
1.578238
1.010658
1.481839
0.444985
1.086520
2.609074
1.688098
2.128645
1.168776
1.814213
1.891752
1.991131
2.623794
1.842880
1.637562
1.912906
2.347047
0.852428
1.628422
0.897691
1.427204
1.646209
2.223171
2.110077
2.431382
1.779097
1.615318
1.232575
1.636208
0.717824
0.863242
2.068055
1.311552
1.476800
1.031510
2.563992
1.046977
1.620997
2.910734
2.739877
1.581544
1.437791
0.551669
1.632607
2.087364
2.984178
0.441914
2.097060
0.585563
1.422264
1.386575
1.119373
1.050290
2.726642
1.868946
0.517526
2.219630
1.200864
1.513000
1.548335
2.226200
2.405288
1.882435
1.630132
0.677872
1.187407
1.589588
0.950233
1.764933
1.001515
1.728422
1.343566
1.848120
1.275073
1.238374
1.635359
2.000663
1.623269
1.608076
1.085821
1.206911
1.111718
1.001359
1.002312
1.438053
0.894868
2.181817
1.002830
1.102299
1.147553
0.835774
1.985877
1.643648
2.219191
1.132757
1.065108
2.456453
1.382386
2.215885
2.140519
1.566830
2.333458
1.470941
0.836727
0.611520
0.732398
1.483611
1.062444
2.324890
2.556722
1.630314
0.984219
1.783411
0.868632
2.564543
1.919128
1.027727
1.404749
0.323125
2.683209
0.650327
3.573460
1.637624
1.601644
0.662128
1.271404
1.157284
1.078019
1.424007
0.762485
1.712905
2.388249
1.883721
1.593421
0.541171
1.355145
0.879271
1.251048
1.569031
1.064592
2.368444
2.285038
1.691008
0.664623
2.238450
1.484584
1.796237
2.604173
1.760940
1.647747
1.875006
1.181301
1.513555
1.889290
2.615616
1.252722
1.329599
1.126042
0.763967
3.175427
1.310003
1.626468
1.168348
0.601026
1.444942
1.649079
1.849175
2.006009
2.708873
1.051211
0.806668
1.948576
1.545555
0.843768
1.524875
1.045172
1.583636
1.016027
1.386726
1.093543
1.278405
1.007916
1.892221
2.189262
0.624548
0.736174
0.807819
0.611138
0.895154
1.192555
0.628931
1.051739
0.994066
1.437670
2.330968
1.893336
1.323110
1.267771
1.203453
1.061368
1.476438
2.082564
1.554324
2.441769
1.554467
1.440235
1.069678
1.104144
1.334309
1.516574
1.722244
1.916949
2.018947
1.324217
2.459489
1.223792
1.617297
0.485422
1.376953
2.319684
2.641190
2.097500
0.938138
2.354302
1.226941
1.838583
2.411821
0.848726
2.287871
1.278999
2.249439
1.097694
0.791252
1.874793
1.766904
1.747783
1.557685
0.594299
0.338530
2.751797
2.098957
1.146213
3.750294
0.862633
1.083574
2.411314
1.852187
0.885473
2.056806
0.906814
0.947893
1.210648
1.413670
1.213807
0.964637
0.618192
1.527154
0.921989
0.769843
1.291376
1.783298
1.831881
1.446575
1.806897
1.835420
1.138393
1.284271
1.762213
1.091279
1.217000
1.880255
1.986899
3.477412
2.123543
1.417728
1.253005
1.012360
1.218451
2.285341
1.606124
0.715802
1.239454
1.427786
0.957359
1.191695
1.787810
0.684864
1.543169
3.236310
2.245384
0.989578
0.990845
1.074225
1.285206
1.702278
0.817137
1.137902
2.543015
1.505917
1.482633
1.359560
1.286471
1.630789
1.921875
1.995976
2.482726
2.731588
1.157141
1.911444
0.407941
2.128362
1.848709
1.328117
2.104689
2.228652
0.669965
1.168439
0.964551
0.882065
1.357211
1.032753
1.750150
1.427361
2.512662
2.286561
1.661701
1.128386
0.851730
2.061248
1.395355
1.296409
1.334796
1.938149
2.994769
2.214656
2.976956
1.752936
0.640173
1.269492
1.103203
0.790053
1.925880
1.114679
1.478539
1.338207
1.816293
0.320453
0.433170
2.024707
2.202664
2.060898
1.025940
1.912241
1.916388
0.963774
2.205784
1.147668
1.067702
0.638287
1.242619
1.129789
1.489936
2.318565
2.043241
1.529992
2.855959
1.874026
1.523329
0.622350
0.531256
1.581136
1.204448
1.358602
1.499420
0.736083
2.448945
0.765306
1.602869
1.320783
0.677421
1.781658
1.197038
0.415565
1.181683
1.613032
0.774793
0.604089
1.598439
0.657800
1.617314
2.392834
0.594557
1.105856
1.742968
0.538634
1.330834
0.914359
1.368569
1.537013
1.448973
2.654838
1.529034
1.613059
2.693996
1.141342
1.638615
1.393106
0.585977
1.379717
1.482958
2.214919
0.600959
2.678838
0.899109
0.821962
1.686555
1.169548
1.903136
0.767090
2.047438
0.834979
1.564276
1.924844
1.011610
1.492463
1.610132
2.744641
2.469035
0.390219
1.428457
1.128756
1.064157
2.174419
1.159403
1.575398
1.192083
1.697223
1.204052
1.139577
1.423393
1.114265
0.982673
1.218936
0.934632
0.741313
1.912134
1.107223
1.748156
1.938478
1.589479
1.598349
1.293135
1.947104
0.472788
1.223769
0.744027
1.333183
0.509072
1.376370
1.037177
1.147700
1.869862
1.201214
0.852320
0.904113
1.437101
1.943053
0.935634
0.794521
1.593320
1.274822
1.175093
2.402461
0.845156
1.113495
0.946927
0.973324
1.520161
1.168188
2.360058
1.048465
1.607546
2.590294
1.640709
2.128447
1.181457
1.949353
2.057139
0.419390
1.489464
1.449951
1.812954
1.860664
0.870185
1.487696
2.067441
0.630695
1.124938
3.329757
0.982519
0.786218
1.402191
2.007827
0.936273
0.688331
1.455411
1.595461
0.864726
1.595968
1.923109
2.393888
2.058098
0.894481
1.000525
2.298708
1.758704
0.295358
1.915517
0.998601
1.792012
1.324585
1.122237
1.618907
0.961296
1.708547
0.899059
1.499173
0.805625
1.371871
1.688508
0.326540
1.139335
0.984734
1.491596
1.310701
0.612494
1.019233
1.843243
0.412762
1.526080
2.196661
2.754828
1.086273
1.248705
1.330267
1.152787
1.800232
1.804040
1.572037
1.336119
1.773961
0.217678
1.791771
1.231035
1.795873
0.776061
2.615408
1.891999
0.922764
0.549866
2.129882
0.466703
1.268840
0.744717
1.586170
2.077400
0.441534
1.073680
1.627999
0.863381
2.196380
0.779707
1.512977
1.074098
1.405750
0.701737
1.374900
1.289433
0.845728
1.045183
1.914883
1.929424
1.647863
0.927174
2.518979
1.827449
1.456549
1.169519
0.807496
1.712582
2.074302
2.056820
1.321313
1.687677
1.677537
1.874278
1.491673
2.440539
1.481115
1.370890
1.966996
0.702656
2.056776
1.523523
0.984689
0.555031
1.383831
2.115984
1.292374
0.720853
1.723476
2.832468
1.477246
1.030601
1.704900
1.738605
0.862821
0.629952
0.918618
0.474289
1.447832
0.954456
0.609990
0.630662
1.132227
0.796395
0.514148
1.702629
1.393112
1.142685
2.324221
1.530421
2.713581
2.413577
2.107030
1.109504
2.444573
0.964467
2.075153
1.601202
0.981652
1.767344
0.956077
1.236115
0.405590
1.658547
1.304543
2.644191
2.470372
2.919877
0.714963
2.419644
1.646594
1.969923
2.529850
0.702765
0.487810
2.653294
2.584786
2.213901
2.681201
1.485829
1.552036
2.168485
3.211069
1.961382
1.099010
1.843332
1.535908
3.097217
2.196526
1.647406
1.427278
1.214346
2.468972
1.623583
1.455119
1.287242
0.558114
1.746109
1.252216
0.899402
0.899941
0.788104
1.175857
1.034040
0.921719
1.158371
1.208752
1.145053
1.243709
1.491945
1.936867
0.659991
2.343714
2.134920
1.268115
1.416145
0.356085
1.353925
2.062874
2.317907
1.292351
1.218999
0.864659
1.434252
1.021773
0.792080
1.268810
2.008356
1.112024
1.796530
2.039452
1.808977
1.081976
2.074790
1.397903
1.385109
1.997568
1.016351
1.520436
1.288955
0.763958
1.339350
0.797845
0.554525
2.412672
2.240825
1.513863
0.478762
1.303479
2.414095
2.033394
2.396883
1.846648
0.663002
0.984063
2.157998
2.211443
0.894411
1.072946
1.526764
1.128461
2.466847
1.117308
1.672319
1.925557
1.732981
1.971135
0.984810
2.577104
0.487343
0.864225
1.575550
0.267640
1.219056
1.548136
2.084898
2.639286
1.091583
2.044559
0.717567
0.301703
1.622816
1.469294
1.985796
1.007807
0.987181
2.319292
2.502191
1.613656
1.232991
0.861781
1.420867
1.238335
1.572790
2.082263
4.108478
1.543950
0.919557
1.122694
1.013388
1.134154
1.492109
1.269331
1.946230
1.734100
1.165786
2.272419
0.899322
0.937640
1.392577
2.675748
1.527716
1.582293
1.258859
0.376669
1.126947
2.320058
1.813902
2.026466
1.861687
0.682685
1.512389
1.219194
1.564102
1.159143
1.050935
0.817264
1.329285
1.514651
1.723452
1.142302
1.002110
1.326342
2.084310
1.489560
1.663741
1.281268
1.479534
0.812205
1.142466
1.362412
1.403829
1.889959
1.494400
1.099820
1.610251
1.772553
0.728426
0.891697
2.060731
1.753923
1.328529
2.467807
1.368370
1.298261
1.384777
0.226740
2.964637
2.333072
0.708909
1.083129
1.295266
1.506360
1.880294
1.607503
2.175705
1.328202
1.364893
1.386569
1.666235
1.470378
2.043850
0.850790
0.197763
2.529779
2.380028
1.576461
2.052207
1.431087
2.637129
0.773787
0.689555
1.073885
1.779536
1.525910
0.502119
1.078340
0.690400
2.088485
1.042800
1.638412
1.066511
0.761007
1.944541
1.260128
1.875112
1.214866
1.754825
0.345393
1.924966
2.031658
1.016899
1.517962
0.892801
1.405096
0.775147
1.136516
2.080625
2.306972
2.587804
1.616471
0.540951
1.251318
1.137124
1.625571
1.871351
0.969885
