1.056981e-01	3.122518e+00
1.056803e-01	2.607792e+00
1.054662e-01	4.245454e+00
1.056917e-01	2.732588e+00
1.052626e-01	2.817805e+00
2.095265e-01	1.846353e+00
2.093444e-01	2.475786e+00
2.100997e-01	1.883501e+00
2.100976e-01	2.018758e+00
2.101557e-01	3.969131e+00
7.411532e-01	2.763684e+00
7.491031e-01	2.116677e+00
7.432398e-01	3.456768e+00
7.472343e-01	2.286369e+00
7.467012e-01	2.118529e+00
5.022906e-01	2.804973e+00
5.013477e-01	2.072554e+00
5.019505e-01	2.008815e+00
4.995396e-01	2.558379e+00
5.030272e-01	1.956541e+00
4.294761e-01	4.034231e+00
4.205910e-01	3.019086e+00
4.278457e-01	2.993424e+00
4.266678e-01	2.304589e+00
4.233834e-01	2.870035e+00
9.627364e-01	3.403235e+00
9.679137e-01	2.274895e+00
9.573793e-01	2.280858e+00
9.610023e-01	2.107808e+00
9.659499e-01	4.170922e+00
1.055269e-01	2.335777e+00
1.052289e-01	7.864940e+00
1.054868e-01	2.399914e+00
1.053520e-01	2.787075e+00
1.055048e-01	3.646818e+00
1.548654e-01	2.703919e+00
1.551875e-01	2.982991e+00
1.543250e-01	-6.965804e+00
1.552491e-01	2.352937e+00
1.543259e-01	3.000751e+00
2.597786e-01	3.603088e+00
2.610840e-01	2.021687e+00
2.616250e-01	1.992647e+00
2.616427e-01	2.774982e+00
2.590508e-01	2.264730e+00
3.584628e-01	2.656186e+00
3.601545e-01	2.257432e+00
3.571062e-01	2.890023e+00
3.610463e-01	2.632042e+00
3.596020e-01	1.845373e+00
4.778396e-01	1.299079e+01
4.761896e-01	2.246396e+00
4.742350e-01	5.931002e+00
4.789440e-01	4.567580e+00
4.805530e-01	2.745297e+00
5.329374e-01	2.234150e+00
5.324627e-01	3.558877e+00
5.303867e-01	2.329782e+00
5.322368e-01	2.387316e+00
5.350411e-01	2.008337e+00
6.328905e-01	2.895079e+00
6.307447e-01	2.009549e+00
6.292134e-01	2.702727e+00
6.270271e-01	2.165976e+00
6.313811e-01	2.031099e+00
7.473534e-01	1.931928e+00
7.533079e-01	2.554855e+00
7.502464e-01	1.939697e+00
7.511581e-01	2.376785e+00
7.471611e-01	2.864899e+00
8.025088e-01	1.847004e+00
8.036019e-01	2.509249e+00
8.169528e-01	2.590829e+00
8.093856e-01	2.982118e+00
8.093514e-01	1.990235e+00
9.147778e-01	2.098547e+00
9.091804e-01	2.094890e+00
9.172061e-01	2.318293e+00
9.219133e-01	1.303980e+01
9.145898e-01	1.989179e+00
