1.056981e-01	-7.050188e+00
1.056803e-01	-7.050058e+00
1.054662e-01	-7.050408e+00
1.056917e-01	-7.049759e+00
1.052626e-01	-7.049276e+00
2.095265e-01	-6.714238e+00
2.093444e-01	-6.714461e+00
2.100997e-01	-6.714298e+00
2.100976e-01	-6.714994e+00
2.101557e-01	-6.715594e+00
7.411532e-01	-4.373042e+00
7.491031e-01	-4.372960e+00
7.432398e-01	-4.372512e+00
7.472343e-01	-4.372736e+00
7.467012e-01	-4.372731e+00
5.022906e-01	-4.999608e+00
5.013477e-01	-4.998487e+00
5.019505e-01	-4.998927e+00
4.995396e-01	-4.999091e+00
5.030272e-01	-4.998822e+00
4.294761e-01	-5.957249e+00
4.205910e-01	-5.953400e+00
4.278457e-01	-5.957661e+00
4.266678e-01	-5.955426e+00
4.233834e-01	-5.955564e+00
9.627364e-01	-3.841531e+00
9.679137e-01	-3.841480e+00
9.573793e-01	-3.840796e+00
9.610023e-01	-3.840731e+00
9.659499e-01	-3.840188e+00
1.055269e-01	-7.099827e+00
1.052289e-01	-7.098500e+00
1.054868e-01	-7.100026e+00
1.053520e-01	-7.099398e+00
1.055048e-01	-7.099695e+00
1.548654e-01	-6.958243e+00
1.551875e-01	-6.958580e+00
1.543250e-01	-6.957804e+00
1.552491e-01	-6.958672e+00
1.543259e-01	-6.957211e+00
2.597786e-01	-6.593604e+00
2.610840e-01	-6.593955e+00
2.616250e-01	-6.594778e+00
2.616427e-01	-6.596548e+00
2.590508e-01	-6.592302e+00
3.584628e-01	-6.208273e+00
3.601545e-01	-6.210839e+00
3.571062e-01	-6.208417e+00
3.610463e-01	-6.209736e+00
3.596020e-01	-6.208253e+00
4.778396e-01	-5.425629e+00
4.761896e-01	-5.422788e+00
4.742350e-01	-5.422860e+00
4.789440e-01	-5.423417e+00
4.805530e-01	-5.426345e+00
5.329374e-01	-4.917485e+00
5.324627e-01	-4.916634e+00
5.303867e-01	-4.916529e+00
5.322368e-01	-4.917231e+00
5.350411e-01	-4.916457e+00
6.328905e-01	-4.661800e+00
6.307447e-01	-4.661799e+00
6.292134e-01	-4.661435e+00
6.270271e-01	-4.660795e+00
6.313811e-01	-4.660773e+00
7.473534e-01	-4.366848e+00
7.533079e-01	-4.367580e+00
7.502464e-01	-4.366709e+00
7.511581e-01	-4.366932e+00
7.471611e-01	-4.367134e+00
8.025088e-01	-4.217953e+00
8.036019e-01	-4.218123e+00
8.169528e-01	-4.218854e+00
8.093856e-01	-4.219329e+00
8.093514e-01	-4.219041e+00
9.147778e-01	-3.954917e+00
9.091804e-01	-3.955382e+00
9.172061e-01	-3.955549e+00
9.219133e-01	-3.954580e+00
9.145898e-01	-3.954680e+00
