1.056981e-01	-1.499931e+00
1.056803e-01	-1.497180e+00
1.054662e-01	-1.487886e+00
1.056917e-01	-1.517398e+00
1.052626e-01	-1.511162e+00
2.095265e-01	-1.056897e+00
2.093444e-01	-1.056265e+00
2.100997e-01	-1.047200e+00
2.100976e-01	-1.032637e+00
2.101557e-01	-1.007462e+00
7.411532e-01	9.755096e-01
7.491031e-01	8.964563e-01
7.432398e-01	9.124606e-01
7.472343e-01	8.789052e-01
7.467012e-01	9.063607e-01
5.022906e-01	-4.901406e-01
5.013477e-01	-5.352234e-01
5.019505e-01	-5.458620e-01
4.995396e-01	-5.139983e-01
5.030272e-01	-5.242134e-01
4.294761e-01	-6.925475e-01
4.205910e-01	-7.544101e-01
4.278457e-01	-6.686819e-01
4.266678e-01	-7.096054e-01
4.233834e-01	-6.931451e-01
9.627364e-01	2.049295e+00
9.679137e-01	2.000500e+00
9.573793e-01	2.068055e+00
9.610023e-01	2.065639e+00
9.659499e-01	1.991274e+00
1.055269e-01	-6.789714e-01
1.052289e-01	-7.274452e-01
1.054868e-01	-6.773241e-01
1.053520e-01	-6.998001e-01
1.055048e-01	-6.883392e-01
1.548654e-01	-8.942852e-01
1.551875e-01	-8.847761e-01
1.543250e-01	-9.215040e-01
1.552491e-01	-8.783664e-01
1.543259e-01	-9.336933e-01
2.597786e-01	-1.220451e+00
2.610840e-01	-1.231717e+00
2.616250e-01	-1.208382e+00
2.616427e-01	-1.163671e+00
2.590508e-01	-1.273846e+00
3.584628e-01	-1.030569e+00
3.601545e-01	-9.600704e-01
3.571062e-01	-1.024148e+00
3.610463e-01	-9.815185e-01
3.596020e-01	-1.031331e+00
4.778396e-01	-5.415305e-01
4.761896e-01	-6.381271e-01
4.742350e-01	-6.029587e-01
4.789440e-01	-6.393423e-01
4.805530e-01	-5.758208e-01
5.329374e-01	-2.906440e-01
5.324627e-01	-3.153221e-01
5.303867e-01	-3.168734e-01
5.322368e-01	-2.991018e-01
5.350411e-01	-3.730427e-01
6.328905e-01	2.896394e-01
6.307447e-01	2.977280e-01
6.292134e-01	2.872083e-01
6.270271e-01	2.685172e-01
6.313811e-01	2.351632e-01
7.473534e-01	8.909276e-01
7.533079e-01	8.662342e-01
7.502464e-01	8.856887e-01
7.511581e-01	8.712866e-01
7.471611e-01	9.207753e-01
8.025088e-01	1.269642e+00
8.036019e-01	1.295651e+00
8.169528e-01	1.205895e+00
8.093856e-01	1.264253e+00
8.093514e-01	1.242870e+00
9.147778e-01	1.810683e+00
9.091804e-01	1.882022e+00
9.172061e-01	1.825374e+00
9.219133e-01	1.726157e+00
9.145898e-01	1.816704e+00
